200 600 200 2500
182 54
49 14
85 23
123 47
187 185
31 3
192 112
199 121
18 11
126 41
88 51
93 57
27 10
111 82
134 51
153 141
53 38
132 15
101 6
181 92
126 116
122 7
29 14
68 40
162 39
63 29
79 59
58 34
141 135
199 15
118 104
158 42
196 22
67 44
190 149
86 16
157 139
141 84
78 50
189 72
12 0
174 18
81 28
160 150
162 118
164 2
102 0
101 84
88 72
23 17
50 43
51 36
162 137
144 24
130 16
128 38
146 11
114 33
118 112
158 148
161 6
134 0
133 68
173 13
194 164
101 78
38 14
8 5
175 116
155 140
165 109
187 4
173 128
57 41
170 88
161 131
162 63
157 8
198 50
106 21
172 133
50 47
158 101
116 46
175 1
9 8
150 69
124 82
96 75
74 57
157 144
117 96
73 32
167 75
134 129
33 27
119 110
68 1
188 120
181 156
176 11
107 49
83 68
193 36
143 50
187 183
155 40
90 44
36 8
113 23
161 33
151 46
11 6
194 66
90 61
181 177
82 62
177 14
142 141
185 108
167 9
187 156
128 84
103 62
185 10
177 42
54 17
177 75
126 20
144 108
174 107
188 170
192 49
103 80
168 125
164 82
122 105
191 73
65 42
102 34
85 80
142 62
104 6
39 28
177 112
166 26
135 92
49 25
191 62
182 13
88 27
72 25
72 57
98 37
157 9
198 8
90 73
183 35
99 36
197 149
155 64
16 15
61 43
124 123
149 90
151 48
24 0
133 65
29 8
91 2
117 95
172 29
175 5
192 6
61 42
185 35
71 29
121 28
116 115
180 37
123 113
77 69
186 164
177 102
83 65
191 148
175 123
94 29
199 103
88 64
194 154
130 110
187 176
96 84
182 106
105 62
197 140
117 55
192 91
115 31
123 61
65 14
141 2
133 129
144 45
147 89
61 14
172 19
86 28
196 133
133 112
49 26
171 45
145 144
183 96
118 107
28 25
130 54
153 97
185 163
151 145
125 72
142 96
122 48
194 140
156 139
107 86
153 54
178 11
165 128
164 75
95 73
66 49
105 16
179 112
199 99
145 120
31 12
171 54
153 103
198 63
194 25
78 30
110 26
135 81
147 50
76 8
119 38
160 132
128 61
165 9
198 155
179 38
186 46
120 25
194 98
176 174
190 37
167 147
51 11
68 23
159 45
81 52
166 108
52 27
188 135
125 39
57 19
148 147
199 172
197 111
144 60
27 19
178 85
117 83
113 104
71 68
139 61
139 107
181 61
46 22
159 44
102 42
143 98
164 20
194 88
153 150
79 31
153 152
144 64
158 14
168 65
183 64
138 123
115 30
161 127
192 181
66 16
192 43
182 73
146 39
107 43
126 59
175 30
54 23
183 8
190 176
183 48
149 103
64 63
151 105
190 101
182 93
172 130
161 93
157 5
149 24
152 136
125 123
68 37
127 104
187 96
196 13
183 74
140 138
178 100
128 109
175 137
150 15
184 13
38 34
22 17
123 2
129 63
20 13
107 39
141 37
115 53
52 31
72 63
116 110
191 5
139 52
98 95
193 120
167 149
136 58
111 55
93 6
187 145
182 3
146 1
85 42
107 45
78 24
116 56
118 66
114 70
196 7
115 71
132 63
189 38
51 14
184 183
168 68
173 99
110 87
172 57
106 64
177 143
140 33
158 52
158 55
165 48
179 157
142 81
175 75
195 179
76 3
109 36
162 135
188 178
94 11
199 26
198 57
184 33
114 56
19 0
61 2
141 12
34 19
139 111
145 142
68 33
42 27
42 29
164 92
187 89
72 64
118 53
129 55
183 37
11 0
163 4
189 58
190 64
143 80
192 45
125 77
186 156
188 154
141 74
194 16
135 118
171 16
26 11
172 122
107 72
62 45
198 35
130 32
194 95
186 33
135 79
148 119
81 54
136 74
125 12
177 123
150 46
82 50
166 142
152 83
193 117
145 96
144 9
179 138
68 15
31 18
165 6
167 73
104 63
109 60
149 123
170 119
77 71
77 32
26 0
171 24
92 16
114 52
186 44
75 25
199 41
193 43
140 14
169 122
179 20
172 38
111 75
133 3
68 45
184 167
106 70
130 86
171 44
116 44
69 23
97 10
194 145
181 178
113 57
145 66
23 18
68 35
56 5
179 108
126 95
185 132
134 99
163 103
125 11
152 51
167 18
196 61
101 1
186 180
99 61
111 17
158 154
129 49
156 36
162 45
155 111
106 40
156 121
81 64
52 30
95 54
172 85
197 12
125 19
195 193
192 90
181 103
88 17
184 137
25 6
150 55
72 28
88 40
183 122
106 75
83 82
96 18
116 15
158 119
184 87
21 16
46 15
160 158
184 29
186 71
151 40
65 34
175 173
189 84
192 130
124 106
138 79
186 185
180 123
192 1
46 42
170 83
89 53
154 113
187 70
145 30
195 68
103 25
109 23
157 74
166 118
62 36
59 13
146 86
23 0
52 12
146 14
195 152
84 70
193 10
154 147
30 25
84 6
111 95
117 94
140 135
92 83
69 47
162 144
27 16
76 44
171 161
41 1
122 121
75 35
127 120
153 19
90 56
133 116
196 39
177 128
137 99
103 37
153 112
80 74
160 104
118 113
173 86
81 22
137 75
135 25
140 64
178 113
158 124
151 12
130 113
17 7
75 10
126 40
161 21
91 60
174 170
164 47
119 95
96 79
161 61
157 151
118 24
42 23
33 31
141 99
126 44
178 8
192 117
186 139
175 147
138 109
125 18
172 55
72 42
148 113
119 66
155 150
167 150
156 10
156 81
76 69
59 50
146 63
143 114
151 16
45 24
62 29
81 62
32 25
83 0
149 11
139 75
161 152
111 97
68 32
190 180
96 36
116 105
119 16
102 17
179 148
59 14
174 108
166 149
118 61
174 56
115 30
119 2
65 37
141 134
178 122
185 2
193 102
193 3
154 150
133 120
185 80
123 3
186 155
100 44
72 41
18 5
64 46
164 2
149 82
64 58
106 101
177 162
145 21
171 55
195 84
174 97
188 50
172 145
32 12
188 156
187 73
22 1
102 44
83 71
89 70
79 46
195 8
179 153
106 25
118 37
93 79
79 59
178 160
158 54
107 105
170 39
87 85
95 40
198 175
66 28
198 29
134 100
122 10
81 9
156 77
186 119
197 94
101 90
185 129
182 47
114 75
123 11
54 42
191 119
192 53
151 120
132 122
174 171
180 90
185 140
163 37
178 33
153 8
135 5
189 38
159 99
89 23
82 31
137 5
117 66
188 51
141 33
190 137
148 48
160 134
175 60
140 77
197 155
159 21
152 109
176 85
178 170
78 6
123 98
102 12
73 34
122 42
146 72
194 157
159 62
153 133
107 17
158 15
192 35
101 28
127 117
140 64
183 9
79 36
152 145
63 56
137 74
192 23
147 144
61 11
57 52
45 31
128 29
85 13
157 138
131 44
124 77
188 145
126 31
183 30
151 99
158 141
44 16
154 43
95 77
197 21
162 10
189 151
135 31
197 60
89 73
102 85
121 29
131 59
186 59
182 131
74 45
131 58
169 107
38 7
149 77
170 161
114 8
159 136
193 92
139 112
124 1
140 92
114 101
44 26
184 37
180 89
83 24
82 35
150 144
122 101
198 196
54 53
179 87
181 123
188 54
34 20
175 25
196 31
163 72
146 125
145 90
189 185
151 82
195 166
139 35
136 22
162 51
193 48
182 124
130 57
106 85
60 51
177 17
190 72
180 92
62 45
189 40
176 173
128 48
184 92
91 47
186 32
119 28
161 82
180 154
35 16
132 30
41 10
180 32
169 153
40 36
60 58
48 13
74 21
63 27
66 6
90 78
133 107
192 89
75 46
112 46
187 105
153 80
187 121
168 9
199 73
46 38
180 137
48 32
41 39
191 154
148 89
94 90
74 42
74 3
128 39
113 79
162 47
159 9
32 3
166 165
187 63
180 125
175 45
159 126
162 98
164 41
144 49
159 28
158 109
87 0
144 135
88 47
147 2
121 18
178 172
32 1
189 93
143 41
66 41
134 105
133 12
196 1
125 72
189 86
168 121
63 52
159 15
154 71
160 66
112 31
189 181
145 49
80 9
199 79
93 6
147 100
131 26
153 51
134 34
165 107
196 19
147 98
28 25
160 57
178 115
187 65
192 104
116 92
136 54
20 9
199 168
101 38
138 94
156 137
155 119
157 137
159 101
171 44
192 107
178 65
169 94
118 39
23 16
147 145
149 35
100 49
126 64
20 0
107 77
168 130
79 57
67 0
136 94
101 67
181 128
83 12
148 97
121 85
170 144
140 131
146 76
180 112
89 41
60 48
95 62
61 39
169 158
138 29
172 16
185 35
169 23
122 100
93 64
149 74
87 86
82 72
129 22
153 151
188 165
109 90
97 21
174 136
190 50
193 183
169 84
88 76
146 66
144 96
180 155
138 75
166 41
111 19
126 85
34 12
129 80
143 42
167 101
134 120
178 5
126 118
166 116
71 50
186 85
196 20
195 66
195 164
192 32
108 37
94 87
126 47
104 17
83 64
73 1
147 40
179 85
66 42
165 109
89 36
187 131
171 84
139 41
109 13
70 47
189 60
167 155
160 15
184 159
84 33
157 72
165 4
137 69
151 1
158 85
197 30
188 178
166 9
191 65
11 6
190 60
183 139
186 141
67 28
92 46
149 10
95 12
7 6
73 24
146 114
166 61
173 63
172 18
173 35
66 43
153 77
157 16
163 85
174 155
116 99
187 162
174 154
40 9
18 10
168 93
197 112
156 49
157 146
180 67
101 47
108 23
108 58
175 26
23 17
152 24
188 179
99 87
124 81
157 88
177 137
133 22
115 87
162 63
142 85
152 79
111 82
183 21
26 15
181 25
183 98
184 34
86 35
190 12
171 66
106 16
165 51
79 68
183 70
125 41
171 121
165 52
101 97
198 4
127 70
170 26
89 58
182 126
72 38
143 72
186 133
88 74
129 117
97 94
129 37
162 148
49 19
142 52
177 127
134 39
162 0
195 25
196 157
125 57
110 6
181 118
135 7
178 114
185 132
168 22
149 62
133 65
192 139
48 47
169 67
145 57
104 47
167 154
50 13
161 61
136 68
49 27
132 33
78 23
171 78
42 36
185 92
70 23
104 103
115 58
199 132
197 69
177 29
164 104
87 65
145 76
51 0
41 12
97 50
144 20
94 61
125 6
119 3
131 19
159 98
163 101
128 31
183 12
188 141
161 46
99 95
155 66
94 39
173 87
194 145
91 68
36 12
175 42
118 97
199 39
184 78
148 12
97 60
185 173
192 46
196 180
163 128
118 16
149 46
132 126
170 122
105 96
36 15
139 102
98 44
50 44
196 150
176 1
100 37
109 32
183 145
93 75
167 67
23 11
85 11
182 19
199 69
154 53
112 63
181 19
38 31
106 24
195 47
141 120
183 36
187 124
197 158
194 141
60 22
84 5
184 177
82 23
155 47
172 78
148 1
167 54
196 79
169 28
142 65
180 43
68 33
172 158
77 53
167 126
190 19
98 41
111 108
176 75
123 47
66 24
30 12
83 49
115 14
90 45
198 37
165 50
61 26
168 57
189 69
68 8
167 141
109 60
172 89
128 122
186 82
119 79
184 113
141 95
89 85
159 27
185 151
149 102
173 80
189 90
136 123
198 134
97 43
43 30
99 93
181 50
74 36
142 84
69 40
117 79
163 144
155 108
162 97
137 135
189 111
140 42
112 57
125 15
199 133
60 57
67 49
107 1
169 89
194 176
69 23
103 79
157 47
94 75
129 116
163 50
142 93
96 44
101 42
114 97
146 15
123 82
124 84
177 140
171 73
197 23
141 72
44 9
171 87
99 94
76 7
122 45
163 83
189 137
154 67
92 31
162 113
77 9
162 29
60 19
188 49
170 146
102 48
113 46
168 60
159 54
146 110
79 54
91 24
63 3
170 53
154 120
181 68
192 122
138 104
180 168
33 10
111 42
105 16
104 20
62 41
131 126
152 119
56 51
79 1
161 125
199 74
128 14
171 161
97 26
167 91
173 75
187 115
130 125
118 50
192 130
164 98
139 64
121 86
94 63
166 140
185 75
128 61
164 81
167 12
194 82
120 72
197 118
130 8
136 48
97 88
99 91
135 76
65 54
138 14
127 72
92 32
147 21
170 14
116 26
162 125
147 6
182 181
82 24
186 93
60 40
97 11
188 139
160 101
91 89
164 155
182 34
190 175
71 33
55 44
33 20
119 92
80 20
61 7
93 4
190 20
114 94
149 122
149 42
167 134
184 102
192 60
81 74
158 65
152 53
160 97
91 57
191 104
194 61
90 44
187 4
176 38
99 74
165 21
157 76
138 3
199 17
151 80
91 23
157 30
41 19
142 140
38 29
124 113
117 46
91 0
60 34
153 104
170 30
148 88
146 97
114 105
126 54
130 30
62 4
163 142
94 32
183 176
150 52
85 44
151 32
130 82
105 64
77 54
58 46
104 50
107 68
68 53
155 136
93 80
110 29
127 107
184 124
38 22
174 1
101 51
141 65
188 71
164 30
54 46
195 44
95 91
184 13
72 62
151 72
182 84
194 127
108 73
164 100
97 31
164 162
188 74
142 19
187 47
79 47
62 22
147 93
176 33
192 12
78 47
126 77
182 90
151 124
163 55
77 23
9 7
149 69
171 33
144 113
170 20
194 6
125 59
54 40
176 76
177 70
116 29
84 1
149 60
119 84
160 143
123 69
71 38
177 57
80 24
105 56
153 50
83 60
157 148
181 61
194 31
186 169
18 3
142 78
182 112
72 57
129 35
120 48
85 37
184 60
127 77
160 91
159 0
81 54
169 128
78 64
199 13
90 74
114 45
34 28
171 69
139 77
25 14
26 8
185 144
106 37
169 40
93 5
171 164
194 190
189 12
178 63
133 119
128 83
173 113
132 38
187 158
124 48
167 132
162 20
71 57
117 23
195 186
116 80
65 20
169 102
136 127
124 21
157 17
56 18
84 76
33 21
180 9
72 50
188 38
72 14
81 18
151 96
81 20
175 27
89 51
29 25
130 66
130 1
161 26
108 8
64 8
184 72
23 8
146 118
175 70
138 71
130 112
176 28
112 11
182 150
72 20
76 21
137 14
186 153
174 98
91 25
48 36
122 14
136 37
155 6
11 10
180 150
127 106
183 140
149 126
94 1
45 34
131 124
80 16
177 25
188 149
143 103
128 45
118 96
76 45
194 85
146 31
112 29
180 129
49 15
175 36
148 145
185 101
42 17
158 119
41 7
30 26
107 94
166 40
80 26
88 87
139 79
135 134
154 58
100 90
108 19
189 29
141 91
133 90
134 16
69 19
110 36
184 75
130 84
176 144
168 20
184 110
142 15
171 141
167 5
97 25
165 23
85 15
92 53
187 5
57 54
198 121
145 116
186 100
74 70
97 63
86 16
90 70
98 96
183 8
163 34
170 137
129 120
174 172
163 77
136 47
81 68
62 0
158 18
88 86
79 21
141 94
157 54
93 8
132 39
84 36
192 158
132 60
158 31
34 15
121 100
174 65
123 37
167 32
176 9
141 102
84 13
184 181
117 72
160 147
164 96
70 26
76 68
199 147
126 28
199 190
70 24
171 72
152 132
190 118
99 32
104 99
152 42
172 35
157 91
174 83
24 12
100 9
191 40
128 15
61 46
161 109
92 80
149 50
184 27
192 133
194 147
162 21
67 9
90 55
114 80
35 22
103 90
58 52
126 12
82 4
136 46
189 97
51 13
182 134
133 100
190 121
106 47
150 122
105 23
160 72
124 76
139 83
160 104
139 91
168 107
162 15
174 93
166 70
104 15
63 60
89 6
196 169
127 100
136 24
199 124
184 71
147 5
181 130
190 174
133 68
69 12
192 63
182 144
178 166
44 31
125 81
117 5
167 102
66 25
156 111
164 143
147 136
143 108
180 46
75 71
130 16
187 36
75 69
22 3
123 115
175 108
152 13
179 162
97 83
182 163
181 143
28 24
89 65
39 24
17 14
194 33
155 60
134 20
199 58
66 57
156 83
59 1
103 45
146 84
110 60
193 97
195 113
195 1
183 14
38 34
82 37
101 100
154 96
89 0
133 123
187 53
114 0
82 51
185 8
161 30
107 90
114 16
157 78
41 22
57 2
28 0
98 37
123 36
17 9
121 42
127 55
185 123
175 44
194 180
170 72
109 47
154 125
195 122
133 66
134 78
184 141
153 60
68 0
147 38
144 23
43 0
118 53
196 153
193 154
122 72
130 77
158 106
95 53
162 33
112 65
42 3
147 75
193 136
178 143
140 53
183 171
171 151
170 58
192 59
93 71
140 78
115 101
184 139
186 132
158 115
98 21
134 127
76 71
107 72
177 105
118 35
176 60
149 121
132 84
119 94
156 126
153 82
157 111
149 131
178 70
46 17
150 20
179 140
118 62
187 45
81 7
150 145
67 39
150 2
43 41
197 173
166 155
193 138
181 115
35 24
120 46
147 94
186 138
185 91
80 12
139 120
194 97
103 77
148 37
127 98
126 71
167 77
23 10
61 54
195 96
92 83
62 58
120 78
76 59
119 9
150 21
86 70
49 20
93 58
153 47
101 69
76 65
118 47
121 41
198 109
188 0
143 113
187 151
89 50
166 94
105 41
175 62
161 138
140 89
81 53
82 43
136 128
184 57
125 14
67 17
152 71
141 23
165 18
150 125
151 141
192 110
87 28
171 19
141 17
121 105
158 103
154 47
58 26
190 73
90 41
76 10
138 1
172 67
80 38
155 135
118 99
178 102
33 27
167 60
128 3
111 64
190 2
117 74
163 141
196 95
63 38
197 152
177 93
185 124
100 13
177 138
90 59
157 67
134 47
143 117
55 7
157 81
178 84
193 170
81 61
166 13
122 87
154 92
137 55
101 4
157 145
78 52
184 84
152 35
140 104
171 142
156 69
192 153
161 16
163 68
152 34
149 88
98 0
146 12
84 9
178 48
180 30
34 16
183 49
190 148
99 33
155 84
140 45
102 41
153 134
181 38
105 38
167 127
169 9
16 14
196 115
83 76
173 11
52 6
133 104
178 94
147 32
118 23
86 26
139 131
78 43
165 105
107 26
78 55
181 67
105 11
154 99
110 28
168 98
167 63
158 104
159 86
102 19
116 52
103 26
157 56
159 132
92 56
175 22
177 81
47 28
94 84
52 18
87 35
193 35
55 32
182 32
149 136
140 126
123 7
184 54
171 96
190 34
167 119
199 125
196 12
93 76
175 50
94 56
133 39
150 143
138 46
110 109
56 39
168 44
177 59
170 97
121 17
115 25
124 9
102 96
183 166
191 44
173 38
66 1
130 95
166 154
147 113
134 94
168 72
193 68
112 27
53 1
98 3
151 7
183 119
154 34
161 156
57 40
193 24
181 152
185 7
110 17
180 38
103 36
65 36
155 95
37 35
83 56
33 25
51 9
184 166
78 38
142 28
139 73
82 18
191 141
94 78
83 61
70 43
83 32
46 37
145 67
53 35
199 170
118 32
125 69
187 44
190 176
198 95
124 25
154 11
197 29
189 77
179 33
189 8
95 46
196 192
179 78
165 125
176 53
195 23
165 152
98 38
71 40
96 72
94 93
186 26
180 23
143 98
160 61
156 99
107 50
149 25
161 153
107 88
123 83
154 129
175 103
151 57
190 189
134 76
178 93
154 132
165 35
42 8
151 117
80 51
172 146
171 64
182 95
189 170
50 23
174 130
159 71
141 133
133 110
61 48
178 103
199 87
190 134
48 9
12 6
188 170
85 73
145 135
69 9
145 137
180 149
112 52
175 97
110 107
42 20
128 28
98 26
102 59
166 77
169 68
122 78
43 11
49 33
132 116
142 88
110 88
113 54
188 66
153 145
145 124
106 44
123 62
161 113
156 154
188 32
178 47
155 127
197 193
191 31
191 162
101 31
194 131
169 101
88 48
173 62
142 1
157 113
196 181
192 121
165 115
67 35
64 45
196 51
197 111
168 67
51 42
112 84
49 24
165 93
99 5
139 21
177 145
114 58
112 58
126 39
137 10
160 125
127 3
196 168
120 52
93 21
179 170
151 131
79 72
105 8
137 131
155 17
161 108
111 88
181 82
55 52
177 94
73 66
129 18
151 143
160 152
162 139
111 102
117 113
50 38
158 21
159 70
153 32
137 122
185 23
99 44
17 5
185 53
185 110
165 43
127 10
30 19
185 182
50 17
90 17
152 127
123 28
154 109
177 37
39 32
199 18
115 48
28 26
181 93
122 49
162 106
83 41
198 148
194 91
109 30
119 46
161 78
166 74
146 8
103 12
191 171
123 17
156 127
120 90
184 179
181 43
186 170
168 116
115 104
182 120
169 27
158 43
185 27
80 59
52 25
74 46
42 1
137 0
179 69
190 43
83 78
101 63
132 17
192 1
80 70
105 84
181 22
168 76
157 55
152 51
113 87
165 138
141 109
72 71
63 57
84 49
169 5
150 72
141 13
84 53
183 99
188 162
171 163
105 2
100 75
43 9
73 2
95 73
162 89
40 8
196 86
87 49
42 24
170 155
187 161
130 72
118 78
147 15
143 18
145 118
177 20
86 73
131 1
172 111
183 121
187 90
46 35
106 77
167 18
13 3
177 124
188 127
45 16
135 111
94 29
37 13
132 8
181 69
175 168
72 18
181 117
197 115
146 49
158 156
161 59
194 10
47 33
73 33
30 18
173 76
178 151
196 119
114 3
145 66
105 87
194 46
162 81
169 54
186 55
116 7
101 11
182 133
104 90
98 92
160 30
128 5
177 142
87 26
159 78
91 85
113 48
107 106
78 60
72 37
169 24
192 135
76 36
160 131
121 102
129 13
143 1
188 61
140 114
109 39
128 93
90 82
164 5
109 63
69 27
16 5
152 21
114 84
85 54
100 12
93 61
178 140
69 33
165 99
185 56
27 26
131 11
92 81
196 2
175 128
19 9
140 24
143 27
99 78
186 167
146 86
173 39
190 1
159 19
181 32
106 100
85 21
142 72
195 36
187 68
177 76
111 18
51 12
154 12
134 35
153 139
80 50
15 10
188 25
150 147
187 160
99 3
107 13
128 16
162 67
195 120
69 35
98 75
107 2
137 115
197 106
198 182
124 52
163 53
90 80
190 185
55 31
172 54
146 58
185 73
182 180
44 35
127 34
39 14
149 137
136 98
142 86
130 11
170 70
129 128
104 64
127 73
196 37
147 69
193 103
179 24
152 92
121 14
75 45
122 120
143 94
181 148
129 44
85 69
77 25
24 10
143 136
194 115
188 23
127 91
175 135
49 11
164 32
81 73
192 141
149 56
182 78
126 22
167 115
183 129
166 132
108 39
148 107
100 58
173 44
173 70
181 129
160 21
110 101
41 16
92 38
161 104
150 28
82 44
183 86
192 95
152 121
55 45
146 92
183 167
13 11
139 138
155 92
158 61
117 110
195 70
130 124
101 57
38 26
174 159
66 31
103 74
76 47
19 8
69 3
62 16
188 98
88 49
161 143
193 105
18 16
70 17
136 130
98 82
107 8
159 138
184 106
143 45
191 187
111 4
20 7
187 175
182 164
165 68
198 79
188 93
82 12
172 96
192 159
130 12
159 113
157 121
192 151
189 46
143 13
114 53
77 13
197 122
163 87
192 4
193 163
64 2
179 154
87 9
157 134
100 57
51 23
168 113
127 60
131 75
181 4
37 33
180 114
170 112
107 93
174 144
74 69
138 50
139 124
185 58
58 5
160 37
143 46
85 29
105 52
71 70
178 53
183 10
94 60
126 38
125 31
141 28
126 5
49 6
163 147
125 96
103 95
102 16
176 96
137 128
170 23
120 44
192 7
149 67
162 19
186 107
194 81
163 22
150 57
187 96
189 118
148 30
171 123
186 105
149 145
102 34
110 48
67 30
169 44
157 58
124 122
194 73
119 0
41 5
152 106
46 15
96 90
151 76
170 95
173 143
175 68
175 149
189 101
152 135
140 26
164 150
148 135
179 155
175 14
86 84
174 124
160 141
167 81
154 139
135 93
166 48
126 24
191 143
97 48
170 60
137 49
33 15
193 59
167 0
163 59
54 39
194 188
151 40
192 185
195 158
147 1
92 88
199 172
137 20
109 52
96 22
183 146
114 37
120 104
162 24
177 13
180 122
108 27
171 112
123 26
156 44
123 56
183 40
73 45
125 99
59 34
124 43
161 57
134 63
60 26
146 70
182 13
13 7
187 49
154 80
193 74
53 40
133 74
38 37
156 12
182 119
89 42
154 112
25 18
179 142
64 4
29 10
68 39
163 112
97 78
64 3
157 109
168 16
161 73
129 59
115 0
183 4
199 94
14 12
138 53
56 36
130 18
53 46
64 48
131 100
57 10
47 26
92 20
169 53
177 66
159 58
158 133
189 179
97 96
112 99
110 66
73 41
65 43
154 61
49 46
178 128
173 46
154 149
31 30
172 63
154 104
82 57
162 102
150 49
155 86
189 119
40 15
51 11
126 80
136 15
157 125
121 52
188 144
26 23
49 44
137 95
56 14
187 41
96 1
176 49
113 92
125 90
151 58
197 169
166 98
193 67
176 169
154 4
71 54
159 41
113 12
163 46
172 87
80 64
76 18
147 84
155 11
74 4
100 11
183 48
187 179
190 4
147 97
167 99
187 152
150 90
151 140
195 147
173 42
197 113
157 65
141 139
140 117
72 36
25 2
135 99
131 116
58 11
169 92
110 16
180 135
155 34
171 94
179 55
79 61
113 40
81 2
51 33
134 54
194 62
108 48
92 7
164 120
169 85
193 7
70 64
182 155
193 168
122 53
120 30
26 24
188 9
93 66
58 53
99 6
91 32
188 116
63 55
154 103
162 72
32 16
189 1
141 122
194 3
92 37
112 59
193 118
43 10
147 26
164 36
191 76
59 5
73 21
196 108
48 27
160 120
179 111
148 56
45 9
103 32
174 60
113 5
168 79
168 21
160 12
151 3
146 67
190 51
11 1
60 42
93 14
190 65
183 3
139 93
100 94
139 47
147 35
159 124
105 6
199 90
173 15
199 115
100 64
161 68
80 78
114 79
109 24
104 54
116 81
169 42
197 8
147 90
178 134
167 111
120 99
70 32
100 78
134 77
162 28
198 0
45 19
195 19
60 5
196 75
141 52
185 13
120 50
177 117
170 29
76 38
182 123
141 60
65 22
190 8
166 88
166 44
31 3
188 114
161 135
187 0
117 35
178 6
104 56
91 71
141 125
126 87
116 104
158 35
133 125
74 63
41 38
154 74
186 168
172 166
170 135
145 91
156 32
131 101
161 27
60 59
126 63
42 26
35 12
107 0
164 126
117 13
167 39
101 3
198 113
93 83
166 60
95 34
133 44
107 101
188 5
196 62
155 73
141 137
197 45
144 128
92 86
139 32
182 146
175 112
83 80
188 103
191 67
96 91
114 91
134 114
132 20
153 16
159 61
189 108
105 67
191 89
195 26
155 93
129 51
75 0
133 73
185 157
130 19
136 8
178 159
132 106
147 30
190 153
12 8
33 7
115 16
91 80
83 57
54 45
169 35
136 55
185 48
54 28
38 3
92 22
79 62
136 25
32 29
69 64
173 0
91 1
157 117
104 61
169 1
106 105
145 34
169 7
197 116
118 56
144 17
47 3
25 24
121 27
173 146
95 61
21 7
169 152
112 10
145 104
154 81
173 121
172 160
156 62
191 170
103 18
167 28
92 17
122 9
20 16
154 64
99 16
111 41
113 107
63 53
197 76
180 163
178 15
182 28
151 118
91 88
169 123
79 20
127 93
162 39
112 0
184 19
98 56
104 71
194 37
161 88
144 117
171 106
146 102
156 57
73 42
193 114
198 5
123 87
168 136
168 150
137 45
180 2
142 107
167 37
22 19
121 26
128 108
53 38
162 30
136 45
