25 75 50 30
15 5
24 14
5 1
12 3
20 19
17 6
6 2
24 17
18 11
14 10
15 10
9 3
15 3
2 1
12 9
24 5
11 4
18 13
18 0
15 11
17 7
13 8
11 2
16 13
18 16
20 2
7 6
23 22
14 13
21 3
8 2
14 5
23 20
24 12
22 21
15 9
12 5
24 10
20 11
24 4
12 0
21 17
21 16
13 1
23 6
19 5
15 1
1 0
24 9
23 17
19 11
18 12
18 10
9 7
6 1
20 12
10 4
15 0
17 13
16 12
19 0
22 18
17 5
22 6
10 8
24 6
4 2
8 5
18 15
6 0
7 4
19 6
20 6
8 3
13 4
46 17
29 6
29 22
36 14
45 43
47 20
33 1
43 23
21 11
20 17
14 4
29 7
49 16
46 16
12 11
31 10
27 3
46 0
29 13
37 10
12 0
29 25
42 39
32 6
18 16
35 29
8 0
43 28
31 16
21 1
