30 90 50 30
15 5
24 14
5 1
12 3
20 19
17 6
6 2
24 17
18 11
26 25
15 10
25 22
27 10
2 1
12 9
24 5
28 22
27 24
18 0
15 11
17 7
26 4
29 14
16 13
27 12
20 2
7 6
23 22
14 13
21 3
27 1
29 21
23 20
24 12
28 18
15 9
26 16
29 7
20 11
24 4
12 0
21 17
29 0
13 1
23 6
19 5
15 1
1 0
26 3
23 17
19 11
18 12
18 10
9 7
28 13
20 12
10 4
15 0
17 13
25 18
28 9
28 11
17 5
29 2
29 22
27 3
4 2
8 5
29 15
28 7
7 4
25 11
20 6
8 3
13 4
29 28
29 17
27 7
23 2
24 11
7 2
16 2
26 20
6 4
16 6
9 8
16 0
16 11
26 7
2 0
24 13
33 7
7 3
26 10
45 7
19 4
20 15
26 1
35 1
31 0
43 13
37 7
49 37
39 11
38 37
40 35
46 35
31 30
20 19
44 22
38 32
35 33
49 45
41 15
48 35
45 19
21 19
32 25
27 2
41 7
