9 27 50 200
3 1
8 0
5 1
6 0
7 3
8 7
6 2
8 1
7 5
8 3
8 5
7 1
6 4
2 1
1 0
7 2
7 4
6 3
8 4
4 2
3 2
7 0
4 1
5 2
5 4
6 5
7 6
19 13
49 40
42 1
40 14
19 3
23 0
47 21
36 28
39 0
26 7
49 0
14 2
4 1
17 7
45 26
26 18
28 18
38 12
44 40
40 0
43 38
14 5
43 31
21 10
43 27
39 17
25 20
47 22
45 0
48 0
36 21
33 19
41 12
44 12
43 4
24 15
44 43
37 8
36 7
44 15
48 14
37 5
45 33
37 0
33 6
40 26
42 14
35 21
32 5
39 3
36 20
29 20
33 29
37 20
36 29
45 32
45 22
43 13
40 4
49 27
29 14
45 4
34 32
32 19
38 13
46 45
40 31
33 20
47 12
32 27
27 15
46 10
16 10
41 23
38 35
28 22
45 43
43 1
39 15
34 8
21 13
28 2
33 23
23 3
5 4
44 14
17 9
29 0
40 9
30 28
35 16
13 11
18 15
47 46
23 11
26 0
42 34
3 2
29 22
28 4
30 6
35 20
49 41
34 14
26 12
25 19
36 17
18 4
29 1
39 9
20 6
36 22
32 30
42 2
40 28
19 1
28 25
32 22
34 31
35 1
40 22
17 2
12 6
36 14
29 27
48 45
25 22
15 5
43 35
45 34
49 23
44 19
30 18
34 3
43 11
38 19
31 30
39 12
29 2
17 8
32 20
45 21
33 14
17 15
47 39
21 7
48 22
49 19
42 10
24 21
31 15
37 33
37 22
43 14
49 9
30 20
24 12
16 8
46 23
10 3
35 28
38 24
24 1
35 8
31 16
48 36
31 29
38 28
40 10
46 13
19 6
42 17
36 13
25 24
30 11
42 26
45 13
35 19
37 28
47 25
21 18
42 31
40 6
36 5
47 15
33 0
49 21
25 14
28 1
27 19
15 12
35 9
23 12
45 31
38 26
22 1
10 4
14 13
37 32
13 8
