5 15 50 200
3 1
3 0
4 1
4 2
1 0
3 2
2 1
2 0
4 0
4 3
0 0
0 0
0 0
0 0
0 0
39 18
47 25
21 18
22 0
13 9
42 7
10 0
25 23
40 21
41 18
39 36
47 2
36 1
6 0
36 10
42 12
25 15
38 17
46 33
17 5
37 36
32 28
36 6
20 5
14 9
46 3
46 23
30 4
48 20
48 0
46 31
44 11
44 22
28 24
17 4
15 14
13 11
44 43
46 28
49 11
31 27
14 11
48 27
46 4
33 17
38 5
39 11
42 13
37 24
40 36
42 19
17 13
24 5
49 38
32 16
31 6
44 9
25 13
43 5
39 37
32 2
41 36
43 42
43 2
22 6
9 6
47 20
46 25
30 23
40 29
39 30
23 15
30 19
38 1
42 34
46 17
29 3
44 33
28 19
33 13
43 1
39 5
13 1
41 5
40 14
44 37
25 22
22 4
33 23
12 7
26 16
45 14
18 11
48 23
31 19
49 45
41 26
45 33
49 12
35 34
49 34
48 17
36 7
49 18
38 21
42 8
42 21
26 21
48 16
15 4
35 17
19 18
49 40
33 19
48 31
24 6
30 15
24 12
32 19
46 16
19 16
6 3
40 18
23 18
20 3
49 14
19 1
23 12
40 33
38 9
16 8
44 32
34 33
40 25
38 28
37 33
47 29
34 26
40 9
18 5
45 37
40 12
44 30
38 10
32 15
22 12
43 36
26 11
30 13
33 28
28 20
41 32
46 6
46 12
45 5
44 6
24 23
23 6
41 17
16 2
41 28
48 7
3 0
38 4
42 9
47 22
16 0
48 3
20 13
36 8
49 13
43 29
35 9
35 16
34 21
45 24
45 6
14 6
49 35
44 28
27 7
40 28
34 13
23 0
30 11
45 11
29 1
42 24
11 4
32 10
37 19
7 5
14 1
38 26
43 9
47 7
40 1
16 13
43 14
24 22
