19 57 50 200
15 5
10 6
5 1
12 3
15 14
17 6
6 2
15 4
18 11
14 10
15 10
9 3
15 3
2 1
12 9
11 1
11 4
18 13
18 0
15 11
17 7
13 8
11 2
16 13
18 16
17 14
7 6
17 0
14 13
11 3
8 2
14 5
5 3
12 2
16 10
15 9
12 5
14 11
4 3
17 3
12 0
13 2
14 12
13 1
13 11
13 3
15 1
1 0
17 16
18 14
13 10
18 12
18 10
9 7
6 1
11 5
10 4
32 10
30 6
37 20
21 1
29 28
39 13
21 11
27 21
41 38
37 16
28 22
42 2
35 25
42 35
42 28
17 1
44 42
32 11
14 2
43 4
44 1
46 2
10 6
48 32
11 9
28 4
27 3
49 15
19 6
40 23
46 11
15 8
28 1
15 13
31 23
4 2
19 4
33 11
49 35
17 0
47 41
21 3
47 8
25 10
23 18
27 0
33 7
44 38
22 14
18 2
12 9
43 27
33 24
15 12
42 36
39 23
21 17
22 19
35 24
32 21
33 18
14 3
40 36
40 9
42 26
47 40
26 3
33 21
34 32
26 19
43 35
48 46
39 10
48 34
18 13
39 33
37 30
42 21
45 43
10 0
33 2
4 1
22 7
39 1
45 2
44 24
16 13
24 14
29 18
48 26
27 13
17 14
34 28
44 21
43 9
49 39
45 30
38 16
39 3
49 22
45 44
26 12
21 19
32 30
44 28
45 39
33 9
45 34
24 12
47 27
44 16
32 2
44 10
23 9
38 14
48 17
26 4
48 25
42 33
23 7
24 15
44 17
45 0
31 17
36 6
36 27
47 14
49 48
33 10
42 1
41 6
36 9
42 37
37 26
16 2
30 22
42 41
43 29
31 19
46 20
9 0
41 17
13 5
43 34
26 0
44 9
30 19
12 2
47 21
44 34
19 13
10 4
31 18
48 27
40 30
43 41
35 10
40 22
32 17
32 5
39 37
38 1
44 35
44 18
40 16
40 6
12 3
22 16
43 18
41 18
21 7
36 7
22 11
43 23
19 9
30 18
36 30
42 29
31 28
44 25
40 2
30 21
42 5
18 1
37 1
29 17
32 12
16 9
34 6
12 6
18 14
23 14
13 0
32 26
47 17
48 0
44 32
47 12
25 12
34 14
