1 
0 0.0612530000 
100 0.0809770000 
200 0.0871530000 
300 0.0889770000 
400 0.0859720000 
500 0.0876880000 
600 0.0870030000 
700 0.0859510000 
800 0.0894880000 
900 0.0899820000 
1000 0.0919000000 
1100 0.0908620000 
1200 0.0913220000 
1300 0.0959080000 
1400 0.0936760000 
1500 0.0972710000 
1600 0.0988540000 
1700 0.0967580000 
1800 0.0988340000 
1900 0.0977310000 
1 
0 0.0621630000 
100 0.0835670000 
200 0.0852440000 
300 0.0834040000 
400 0.0844490000 
500 0.0888980000 
600 0.0881360000 
700 0.0874770000 
800 0.0898210000 
900 0.0895120000 
1000 0.0910410000 
1100 0.0887850000 
1200 0.0909400000 
1300 0.0934560000 
1400 0.0945900000 
1500 0.0975290000 
1600 0.1146550000 
1700 0.0966780000 
1800 0.0968660000 
1900 0.0965820000 
1 
0 0.0574470000 
100 0.0809430000 
200 0.0844450000 
300 0.0844620000 
400 0.0867670000 
500 0.0876020000 
600 0.0906830000 
700 0.0935350000 
800 0.0924150000 
900 0.0900830000 
1000 0.0912740000 
1100 0.0913770000 
1200 0.0924860000 
1300 0.0927180000 
1400 0.0936240000 
1500 0.0951830000 
1600 0.0962390000 
1700 0.0961360000 
1800 0.0970460000 
1900 0.0978750000 
