1 
0 0.0597300000 
100 0.0803640000 
200 0.0841740000 
300 0.0838990000 
400 0.0843220000 
500 0.0881630000 
600 0.0855230000 
700 0.0907560000 
800 0.0883120000 
900 0.0859570000 
1000 0.0896230000 
1100 0.0889370000 
1200 0.0906080000 
1300 0.0887270000 
1400 0.0959900000 
1500 0.0930070000 
1600 0.0949660000 
1700 0.0946360000 
1800 0.0970320000 
1900 0.0970980000 
1 
0 0.0580340000 
100 0.0811550000 
200 0.0822270000 
300 0.0841630000 
400 0.0794120000 
500 0.0852470000 
600 0.0819230000 
700 0.0850900000 
800 0.0853350000 
900 0.0869560000 
1000 0.0877140000 
1100 0.0869430000 
1200 0.0881150000 
1300 0.0879360000 
1400 0.0947180000 
1500 0.0939650000 
1600 0.0912870000 
1700 0.0934970000 
1800 0.0971110000 
1900 0.0959720000 
1 
0 0.0620940000 
100 0.0827600000 
200 0.0842220000 
300 0.0830300000 
400 0.0866550000 
500 0.0862580000 
600 0.0830630000 
700 0.0840980000 
800 0.0858650000 
900 0.0824970000 
1000 0.0846120000 
1100 0.0875620000 
1200 0.0897600000 
1300 0.0903590000 
1400 0.0887990000 
1500 0.0917490000 
1600 0.0934760000 
1700 0.0934800000 
1800 0.0965150000 
1900 0.0955110000 
1 
0 0.0583650000 
100 0.0815420000 
200 0.0837470000 
300 0.0872170000 
400 0.0834750000 
500 0.0855670000 
600 0.0843430000 
700 0.0840420000 
800 0.0873390000 
900 0.0859880000 
1000 0.0876780000 
1100 0.0887100000 
1200 0.0868060000 
1300 0.0861030000 
1400 0.0957650000 
1500 0.0949310000 
1600 0.0954490000 
1700 0.0950290000 
1800 0.0960390000 
1900 0.0974960000 
1 
0 0.0592380000 
100 0.0797930000 
200 0.0846250000 
300 0.0836800000 
400 0.0844910000 
500 0.0854690000 
600 0.0851520000 
700 0.0842680000 
800 0.0845560000 
900 0.0886120000 
1000 0.0917240000 
1100 0.0902170000 
1200 0.0874660000 
1300 0.0932480000 
1400 0.0916940000 
1500 0.0941090000 
1600 0.0943150000 
1700 0.0941510000 
1800 0.0953180000 
1900 0.0927030000 
1 
0 0.0593900000 
100 0.0800890000 
200 0.0831980000 
300 0.0855450000 
400 0.0838050000 
500 0.0874230000 
600 0.0855700000 
700 0.0867750000 
800 0.0861300000 
900 0.0881450000 
1000 0.0872020000 
1100 0.0904830000 
1200 0.0861830000 
1300 0.0904220000 
1400 0.0926740000 
1500 0.0926340000 
1600 0.0925300000 
1700 0.0924140000 
1800 0.0938020000 
1900 0.0932890000 
1 
0 0.0599420000 
100 0.0833900000 
200 0.0821810000 
300 0.0852080000 
400 0.0815730000 
500 0.0857250000 
600 0.0823060000 
700 0.0830620000 
800 0.0837270000 
900 0.0836310000 
1000 0.0901720000 
1100 0.0852140000 
1200 0.0914360000 
1300 0.0859860000 
1400 0.0952960000 
1500 0.0925140000 
1600 0.0950550000 
1700 0.0956050000 
1800 0.0965130000 
1900 0.0944520000 
1 
0 0.0609780000 
100 0.0771420000 
200 0.0802460000 
300 0.0865520000 
400 0.0846730000 
500 0.0843340000 
600 0.0834090000 
700 0.0839920000 
800 0.0843460000 
900 0.0821290000 
1000 0.0903280000 
1100 0.0897470000 
1200 0.0879000000 
1300 0.0909730000 
1400 0.0937920000 
1500 0.0929950000 
1600 0.0941840000 
1700 0.0940400000 
1800 0.0965820000 
1900 0.0977560000 
1 
0 0.0574820000 
100 0.0830950000 
200 0.0855910000 
300 0.0870940000 
400 0.0836800000 
500 0.0893110000 
600 0.0851960000 
700 0.0831940000 
800 0.0857790000 
900 0.0885620000 
1000 0.0848880000 
1100 0.0899260000 
1200 0.0844960000 
1300 0.0896840000 
1400 0.0962850000 
1500 0.0940550000 
1600 0.0950780000 
1700 0.0915320000 
1800 0.0950160000 
1900 0.0958110000 
1 
0 0.0594250000 
100 0.0829960000 
200 0.0841120000 
300 0.0824670000 
400 0.0850930000 
500 0.0883620000 
600 0.0867270000 
700 0.0864570000 
800 0.0874250000 
900 0.0846660000 
1000 0.0876700000 
1100 1 
0 1 
0 faltan parametros

100 faltan parametros

200 faltan parametros

300 faltan parametros

400 faltan parametros

500 faltan parametros

600 faltan parametros

700 faltan parametros

800 faltan parametros

900 faltan parametros

1000 faltan parametros

1100 faltan parametros

1200 faltan parametros

1300 faltan parametros

1400 faltan parametros

1500 faltan parametros

1600 faltan parametros

1700 faltan parametros

1800 faltan parametros

1900 faltan parametros

1 
0 2.9967280000 
100 39.4791040000 
200 23.3316350000 
300 1 
0 1 
0 2.9840680000 
100 39.6644940000 
200 23.1210940000 
300 38.2939850000 
400 38.9767910000 
500 