5 
10 0.0111030000 0.0120350000 0.0097190000 0.0136560000 0.0134490000 
15 0.0170930000 0.0196400000 0.0156500000 0.0206780000 0.0153660000 
20 0.0166250000 0.0146360000 0.0154660000 0.0152900000 0.0159900000 
25 0.0587280000 0.0571620000 0.0571100000 0.0571040000 0.0553600000 
30 0.0561990000 0.0555550000 0.0509930000 0.0519570000 0.0553480000 
35 0.0700870000 0.0718910000 0.0701770000 0.0716140000 0.0721980000 
40 0.0888980000 0.0880870000 0.0879620000 0.0874030000 0.0882610000 
45 0.2862980000 0.2811710000 0.2832790000 0.2847060000 0.2873290000 
50 0.4848260000 0.4846520000 0.4826600000 0.4836270000 0.4863320000 
55 0.4963390000 0.4982720000 0.4939590000 0.4968340000 0.4961060000 
60 0.3963320000 0.3983770000 0.3991270000 0.3955110000 0.4028060000 
65 0.2439270000 0.2378830000 0.2395580000 0.2374340000 0.2349610000 
70 0.3965200000 0.3946410000 0.4020760000 0.3985260000 0.3957190000 
