5 
10 0.0192520000 0.0240590000 0.0176130000 0.0212630000 0.0202090000 
15 0.0449180000 0.0442100000 0.0405130000 0.0440360000 0.0436360000 
20 0.0926990000 0.0944630000 0.0904490000 0.0922330000 0.0909300000 
25 0.1603420000 0.1643280000 0.1584740000 0.1586550000 0.1595420000 
30 0.1926570000 0.1980390000 0.1942000000 0.1938780000 0.1942430000 
35 0.2027940000 0.2040140000 0.2065260000 0.2032200000 0.2077340000 
40 0.3065210000 0.3047270000 0.3093210000 0.3096220000 0.3051790000 
45 0.8025880000 0.7940950000 0.8031940000 0.7920290000 0.7969720000 
50 0.8349180000 0.8334320000 0.8310090000 0.8316190000 0.8372470000 
55 1.4217430000 1.4087560000 1.4138530000 1.4147160000 1.4150590000 
60 2.0514160000 2.0539100000 2.0599140000 2.0632340000 2.0609080000 
65 1.7106060000 1.7180640000 1.7191090000 1.7108600000 1.7175140000 
70 1.8312560000 1.8309920000 1.8310190000 1.8400580000 1.8283470000 
