40 120 50 200
15 5
24 14
37 35
12 3
33 32
31 3
38 3
24 17
18 11
26 25
33 30
25 22
27 10
2 1
34 6
24 5
35 7
27 24
36 13
38 17
34 28
37 26
29 14
34 17
27 12
20 2
33 23
33 31
14 13
21 3
27 1
29 21
33 15
34 24
28 18
15 9
36 9
38 12
20 11
24 4
12 0
37 6
29 0
34 13
23 6
19 5
15 1
39 32
26 3
23 17
38 20
18 12
39 9
9 7
28 13
20 12
10 4
15 0
17 13
25 18
28 9
28 11
17 5
29 2
31 21
38 37
38 14
8 5
33 29
37 36
7 4
38 15
38 7
36 3
13 4
29 28
33 14
38 5
23 2
24 11
7 2
34 10
35 18
6 4
16 6
9 8
37 32
16 11
26 7
30 13
22 7
23 11
30 19
35 4
18 4
33 27
39 8
38 16
30 8
19 8
33 8
35 24
19 9
36 24
26 14
31 27
28 17
31 26
36 8
15 8
14 1
10 3
11 6
32 10
20 0
12 1
31 19
37 21
34 29
32 18
47 36
38 33
12 11
37 24
46 33
18 4
37 32
17 6
26 12
44 5
35 30
28 18
43 13
40 9
36 7
43 25
40 13
15 14
30 9
46 25
28 12
22 9
27 18
19 0
46 37
46 8
43 36
15 9
47 29
9 4
24 20
37 17
48 31
48 22
28 14
19 3
25 6
34 3
49 16
24 23
28 7
49 27
46 30
47 12
36 11
26 20
16 3
27 25
49 11
14 7
24 19
13 3
46 9
43 12
30 8
17 7
27 12
23 17
27 7
42 11
22 15
42 22
10 0
31 2
26 16
11 3
11 6
6 0
20 15
8 7
47 21
21 20
34 11
45 27
45 35
23 8
20 13
11 8
9 5
28 2
25 23
22 0
38 17
36 30
21 15
49 33
46 27
39 24
44 25
22 12
16 10
20 2
36 31
40 30
48 41
27 1
41 23
33 30
39 17
22 19
45 7
41 19
45 25
29 3
49 24
39 13
48 32
25 14
29 15
39 10
33 17
41 5
26 22
42 23
38 4
47 23
46 15
28 1
43 29
23 9
46 34
34 15
22 8
15 5
45 10
12 9
28 10
32 26
35 7
45 24
16 11
43 37
35 12
36 14
26 13
25 11
49 44
47 17
45 12
44 6
43 17
28 5
38 6
31 25
49 3
49 8
36 13
21 9
45 5
32 4
37 0
46 10
48 45
24 0
24 3
49 29
3 0
14 4
2 1
45 14
45 38
32 13
38 0
42 27
6 3
12 4
22 2
15 13
39 9
23 5
49 36
7 0
24 11
47 35
13 1
40 32
33 2
36 6
49 21
47 43
39 36
30 15
37 20
29 27
45 18
30 17
39 34
45 33
45 40
3 1
40 21
29 14
49 4
44 23
26 14
41 8
23 6
41 3
35 9
36 2
