70 210 50 200
49 28
49 14
37 35
69 48
69 54
31 3
38 3
48 3
18 11
69 43
49 37
45 39
27 10
57 53
59 24
63 26
53 38
49 18
36 13
38 17
56 35
56 16
29 14
68 40
49 9
63 29
33 23
58 34
44 25
53 18
27 1
43 9
33 15
67 44
53 5
15 9
36 9
50 44
20 11
24 4
12 0
37 6
45 21
57 28
61 53
59 21
15 1
40 18
57 29
23 17
50 43
51 36
68 8
57 16
28 13
20 12
53 8
54 10
55 19
25 18
28 9
28 11
17 5
29 2
64 24
38 37
38 14
8 5
56 6
60 4
7 4
40 1
38 7
57 41
13 4
29 28
33 14
62 4
23 2
51 39
49 17
50 47
49 46
62 3
44 16
9 8
37 32
16 11
67 54
54 42
66 60
58 14
63 54
55 18
61 5
33 27
65 15
68 1
49 39
43 5
33 8
66 6
55 29
45 33
64 28
31 27
63 12
59 28
36 8
58 56
63 25
10 3
11 6
32 10
20 0
12 1
49 24
37 21
69 15
47 15
37 30
52 22
55 2
40 19
34 0
57 8
54 17
35 17
65 4
47 44
65 32
40 2
64 47
32 0
19 16
50 15
45 12
53 16
65 42
62 7
66 45
68 65
66 63
39 28
61 1
31 29
44 2
49 25
38 29
64 20
52 51
46 14
23 13
33 4
21 0
18 8
46 3
67 9
55 47
13 0
59 55
16 15
61 43
27 5
52 19
39 4
24 0
39 29
29 8
61 39
66 7
67 4
68 34
63 7
61 42
47 6
51 29
61 28
67 31
28 4
45 25
54 43
26 21
57 46
60 11
52 11
16 1
43 42
54 52
23 19
60 46
30 28
44 0
58 30
56 13
66 20
12 4
38 1
36 35
66 21
42 40
65 14
11 5
64 57
67 39
40 37
61 14
55 27
41 9
61 60
21 17
33 2
33 20
35 25
40 29
39 6
11 2
34 10
36 9
27 1
28 6
39 38
16 10
19 8
12 11
34 9
49 22
37 33
31 25
43 10
22 2
29 20
31 17
33 7
34 15
10 1
44 23
35 27
48 18
25 6
42 8
32 11
27 13
21 7
39 1
24 18
39 20
41 35
46 19
12 1
12 6
49 2
37 10
17 7
37 7
48 22
49 35
40 34
43 22
18 16
9 8
23 17
24 21
42 23
42 35
13 7
44 37
48 29
44 19
47 12
23 12
38 34
17 14
41 29
41 17
46 2
39 16
23 2
31 24
49 39
31 14
33 22
33 3
24 4
42 16
11 1
30 25
25 22
45 42
43 9
30 10
43 20
42 22
44 36
26 0
48 19
38 6
47 34
22 20
45 1
24 1
16 2
36 14
40 36
46 28
45 10
47 45
9 4
15 0
39 34
49 17
49 12
29 23
44 10
5 1
40 31
36 10
34 8
44 33
25 17
37 18
49 8
23 9
37 1
35 23
41 11
40 4
37 12
18 15
38 33
38 9
46 13
46 35
27 9
41 3
16 4
47 35
22 17
25 10
40 32
47 24
4 0
38 26
45 36
35 0
42 1
49 1
49 28
19 18
33 14
49 33
7 5
29 19
41 2
18 9
44 17
29 0
23 7
41 4
23 1
33 18
41 21
46 22
37 2
38 13
12 2
40 27
42 12
38 30
18 10
22 19
34 27
48 13
15 10
33 26
33 9
42 13
45 41
6 5
35 15
30 0
16 14
49 21
40 38
47 11
30 28
27 24
43 21
44 4
13 6
29 7
41 19
49 40
32 13
28 2
14 6
25 9
6 3
26 5
40 37
30 7
29 22
44 24
39 33
27 17
32 8
4 1
19 10
42 31
19 2
