100 300 100 300
80 26
49 14
85 23
94 71
69 54
31 3
38 3
87 13
18 11
88 84
88 51
93 57
27 10
80 78
96 88
82 16
53 38
49 18
36 13
77 47
56 35
74 54
29 14
68 40
49 9
63 29
79 59
58 34
95 8
97 24
80 8
43 9
97 27
67 44
79 41
86 16
99 44
50 44
78 50
83 43
12 0
37 6
81 28
95 28
81 38
79 55
15 1
95 70
88 72
23 17
50 43
51 36
98 11
96 63
99 9
20 12
53 8
54 10
70 56
85 26
28 9
28 11
17 5
86 69
94 27
38 37
38 14
8 5
56 6
60 4
7 4
40 1
38 7
57 41
74 7
29 28
33 14
62 4
23 2
51 39
49 17
50 47
49 46
74 28
76 33
9 8
78 55
77 52
96 75
74 57
66 60
58 14
73 32
90 16
61 5
33 27
65 15
68 1
73 2
43 5
33 8
66 6
83 68
45 33
64 28
79 56
91 15
90 44
36 8
90 63
63 25
10 3
11 6
32 10
90 61
12 1
82 62
37 21
90 1
47 15
91 90
99 45
87 86
40 19
73 8
90 41
54 17
82 79
77 64
82 40
65 32
40 2
64 47
83 4
97 96
50 15
45 12
95 22
65 42
62 7
85 80
98 4
89 87
39 28
61 1
87 30
90 75
49 25
89 24
64 20
88 27
72 25
72 57
98 37
75 74
18 8
90 73
67 9
99 36
84 19
59 55
16 15
61 43
82 45
52 19
39 4
24 0
39 29
29 8
91 2
66 7
97 77
68 34
86 79
61 42
99 30
71 29
61 28
67 31
28 4
77 12
77 69
26 21
94 34
83 65
52 11
16 1
94 29
77 33
88 64
60 46
99 78
77 15
96 84
84 45
99 75
12 4
38 1
36 35
93 59
42 40
65 14
11 5
96 26
75 6
92 76
61 14
55 27
86 28
84 56
90 15
49 26
60 50
24 3
47 7
96 4
28 25
10 0
47 13
62 35
70 52
53 17
44 42
13 5
69 29
57 37
84 44
81 37
88 86
35 11
66 4
95 73
66 49
96 78
42 1
64 32
36 21
31 12
62 55
85 65
30 16
78 8
78 30
89 62
32 15
59 9
76 8
82 20
79 40
87 23
64 23
42 34
39 18
93 92
76 51
49 29
55 0
32 11
94 41
51 11
68 23
96 6
81 52
82 44
52 27
37 11
72 14
57 19
87 47
63 39
90 70
14 4
27 19
46 12
88 32
56 38
71 68
70 69
89 85
70 9
46 22
76 56
74 1
43 34
25 17
48 42
60 28
79 31
76 52
83 29
92 20
87 77
43 14
77 50
81 2
60 9
46 31
66 16
44 38
93 81
37 4
99 87
81 9
96 38
83 66
75 10
97 8
81 60
78 24
93 24
67 5
92 49
99 44
90 58
63 60
91 49
87 68
87 9
82 62
87 51
73 4
39 1
93 46
51 30
95 0
21 1
72 41
91 15
51 37
54 31
29 6
88 5
98 10
18 14
69 64
26 25
52 2
58 55
79 0
43 31
93 68
80 72
71 38
85 50
95 41
64 54
89 42
47 18
84 24
38 12
47 32
61 8
89 39
51 6
31 3
91 57
68 58
92 35
52 38
58 49
82 66
89 14
61 53
85 48
62 41
60 18
91 24
86 40
55 21
89 56
36 35
85 57
48 5
86 6
23 6
89 61
66 61
94 76
37 0
77 7
54 16
58 29
86 57
40 25
88 10
86 53
76 43
49 9
21 3
93 92
88 17
82 45
66 17
76 7
86 4
41 24
81 33
67 25
34 29
53 41
83 65
62 20
83 60
83 18
41 27
98 37
54 0
88 18
71 54
33 13
65 8
92 74
92 45
34 10
35 9
17 7
51 4
75 46
66 11
92 33
65 17
75 21
82 73
84 44
98 46
93 6
92 7
93 25
86 64
84 63
77 68
84 39
86 47
36 5
71 0
43 42
38 25
77 59
75 41
74 14
11 10
93 47
93 1
49 47
93 13
81 63
37 29
56 40
71 5
97 74
29 11
72 3
71 59
73 56
78 18
66 23
98 16
60 16
41 20
72 32
85 70
50 0
58 10
85 76
99 66
93 38
73 58
9 0
94 22
51 47
36 16
74 5
87 37
76 72
38 18
97 68
61 57
94 41
62 27
68 21
98 8
93 66
50 32
43 23
35 20
82 12
71 68
74 68
99 80
24 22
97 45
99 6
96 40
95 74
65 36
95 75
81 53
42 10
87 34
54 37
82 54
20 15
53 1
58 56
55 42
90 66
96 34
70 37
68 55
94 66
73 42
60 5
93 48
15 0
64 13
87 32
81 27
78 9
69 49
29 2
88 57
68 40
35 8
73 47
97 42
26 20
40 20
58 1
29 14
84 38
61 3
82 41
36 11
93 64
44 7
50 1
99 91
88 75
71 57
67 34
96 71
40 23
38 5
99 9
68 27
93 74
72 13
59 17
56 53
70 50
98 78
66 50
83 33
93 7
44 17
88 13
68 36
84 72
54 10
82 75
76 63
46 33
27 25
93 55
67 10
53 37
66 55
98 29
77 31
81 59
66 33
46 7
94 39
61 7
33 27
97 78
58 22
67 29
98 24
73 69
87 25
81 21
99 10
89 20
63 18
11 2
71 63
60 50
31 2
81 14
76 13
58 46
81 8
40 5
83 26
79 7
74 25
92 41
46 9
73 36
