300 900 300 900
297 201
227 68
85 23
247 220
228 215
231 192
192 112
240 208
233 87
256 7
88 51
252 235
27 10
248 13
232 139
257 107
242 10
132 15
200 23
181 92
254 104
122 7
218 42
68 40
162 39
63 29
281 67
209 109
229 225
264 103
118 104
229 210
253 134
67 44
190 149
86 16
238 226
215 202
78 50
208 149
279 96
174 18
81 28
160 150
294 276
164 2
210 83
101 84
88 72
23 17
252 212
51 36
162 137
258 12
130 16
220 36
270 32
114 33
118 112
158 148
161 6
220 63
133 68
274 106
258 50
101 78
38 14
271 236
175 116
237 189
165 109
267 183
173 128
57 41
170 88
261 42
281 27
283 191
227 18
282 180
238 132
50 47
158 101
116 46
264 3
292 124
299 148
203 44
96 75
289 282
268 222
232 121
73 32
289 202
134 129
266 118
212 62
68 1
188 120
181 156
244 34
107 49
202 107
209 64
143 50
291 113
259 99
90 44
228 185
274 257
253 237
265 78
292 218
204 191
90 61
291 270
82 62
177 14
142 141
270 189
167 9
187 156
128 84
296 265
264 160
262 50
218 119
177 75
126 20
144 108
295 25
262 74
259 64
103 80
292 4
164 82
269 20
217 35
298 4
221 52
85 80
142 62
104 6
206 201
177 112
166 26
235 101
278 188
260 237
182 13
292 43
72 25
72 57
98 37
157 9
252 115
90 73
240 120
99 36
197 149
276 246
290 280
262 202
124 123
271 175
151 48
245 99
133 65
283 61
91 2
117 95
222 129
289 106
244 90
61 42
185 35
71 29
286 283
116 115
256 224
268 219
299 137
186 164
177 102
299 46
191 148
175 123
276 120
266 184
204 27
194 154
130 110
187 176
243 135
182 106
219 130
197 140
213 126
208 96
217 95
272 17
65 14
260 255
133 129
144 45
259 100
213 98
172 19
86 28
196 133
133 112
278 151
249 193
145 144
273 109
267 1
28 25
130 54
206 144
270 62
151 145
125 72
142 96
268 61
239 238
156 139
107 86
153 54
178 11
233 219
296 19
95 73
66 49
259 92
179 112
199 99
145 120
232 162
296 108
225 27
198 63
220 197
78 30
110 26
296 281
285 223
252 88
216 187
160 132
128 61
165 9
217 30
269 245
202 1
291 212
194 98
275 269
190 37
205 203
51 11
68 23
209 77
81 52
215 123
52 27
188 135
286 153
57 19
232 54
284 18
201 62
276 253
265 256
270 215
261 61
218 177
259 155
215 71
139 107
280 61
292 30
159 44
102 42
284 65
258 143
201 99
230 148
283 157
248 245
144 64
158 14
168 65
230 85
138 123
115 30
161 127
192 181
211 5
299 147
256 25
242 56
200 91
126 59
175 30
258 166
238 131
190 176
225 223
242 226
250 77
151 105
190 101
218 71
172 130
228 71
234 192
149 24
270 169
233 106
250 165
127 104
246 53
216 176
238 176
286 240
178 100
263 239
282 100
150 15
184 13
38 34
22 17
123 2
273 191
20 13
273 262
141 37
115 53
253 218
72 63
116 110
191 5
240 86
215 64
272 3
167 149
136 58
212 101
263 57
239 158
182 3
250 54
85 42
107 45
78 24
116 56
118 66
218 102
281 109
290 221
132 63
235 125
287 230
184 183
254 7
173 99
110 87
240 51
106 64
177 143
258 127
228 133
266 262
208 102
179 157
142 81
275 218
195 179
76 3
109 36
162 135
188 178
94 11
266 194
262 28
184 33
114 56
19 0
217 56
295 20
34 19
296 229
145 142
68 33
42 27
42 29
214 64
187 89
72 64
282 216
129 55
231 45
277 180
163 4
248 211
190 64
290 52
223 165
266 89
186 156
290 268
256 20
194 16
293 32
261 154
26 11
285 148
107 72
298 90
202 49
276 100
194 95
186 33
246 70
206 90
81 54
136 74
125 12
267 28
150 46
226 99
166 142
152 83
266 17
145 96
262 155
296 166
68 15
261 258
209 21
224 14
231 54
109 60
149 123
280 145
218 100
216 61
218 11
277 14
264 13
216 202
186 44
298 280
284 133
193 43
140 14
254 215
295 59
290 33
213 110
273 147
223 155
254 35
271 240
130 86
268 68
116 44
69 23
276 121
254 46
247 72
113 57
221 86
23 18
222 193
56 5
299 87
126 95
275 210
134 99
231 174
247 239
256 214
167 18
196 61
222 0
207 36
240 198
285 159
158 154
220 169
280 123
162 45
155 111
106 40
270 103
233 20
52 30
254 196
234 127
218 211
299 232
195 193
216 20
217 0
88 17
217 18
25 6
275 56
72 28
88 40
289 166
106 75
278 46
225 167
217 116
158 119
260 90
236 203
46 15
160 158
184 29
186 71
270 151
65 34
175 173
232 90
192 130
124 106
138 79
186 185
276 249
192 1
46 42
170 83
89 53
154 113
187 70
286 258
195 68
283 54
109 23
252 137
166 118
271 239
292 212
244 68
285 69
236 11
146 14
195 152
279 118
264 176
154 147
30 25
84 6
285 27
279 115
252 18
92 83
69 47
162 144
251 107
76 44
246 8
41 1
274 214
75 35
127 120
218 17
244 131
133 116
196 39
177 128
289 105
103 37
153 112
80 74
231 36
118 113
224 138
81 22
212 87
135 25
140 64
178 113
275 95
151 12
130 113
278 199
285 172
217 123
227 57
251 77
174 170
164 47
119 95
264 39
280 235
299 289
294 30
84 79
286 205
172 4
105 14
108 83
207 100
198 182
260 132
230 206
180 19
137 50
139 64
202 97
229 200
131 114
274 123
230 224
216 81
272 115
200 104
189 119
210 24
227 146
237 101
198 92
124 114
190 52
209 107
262 67
213 71
258 94
156 31
133 26
112 20
37 7
150 59
230 197
239 100
131 80
183 65
292 261
205 184
156 120
106 84
272 215
289 140
293 0
179 75
269 196
276 157
260 170
131 118
186 29
291 157
191 166
180 3
229 192
251 67
254 176
148 76
247 151
292 3
298 283
273 115
276 135
105 31
269 211
216 62
267 26
232 71
264 216
167 92
233 123
219 144
168 92
294 12
278 219
296 237
182 63
136 5
76 31
238 104
205 66
225 113
205 133
298 134
200 126
190 137
68 62
134 127
109 57
297 79
129 42
251 240
184 105
104 57
236 88
114 34
170 5
221 87
216 193
266 214
154 122
82 58
296 276
278 9
129 36
207 47
144 39
230 154
207 148
152 150
226 184
69 37
268 232
130 8
297 139
246 165
163 34
215 199
175 131
205 51
203 23
164 4
179 10
87 56
149 118
174 89
233 215
262 71
294 217
175 93
289 78
202 165
41 0
250 11
266 64
168 166
155 105
213 138
281 61
266 2
237 235
229 142
266 109
164 29
262 183
192 136
152 97
132 114
168 18
148 130
228 142
258 101
173 51
124 74
250 90
227 217
186 157
292 77
277 177
233 47
15 4
109 102
296 189
141 22
268 169
123 70
287 39
264 114
296 38
258 248
297 288
88 14
261 129
250 242
222 37
211 180
237 46
178 80
212 94
104 29
77 48
194 52
179 82
240 52
124 119
199 5
68 19
229 72
116 59
172 157
285 39
290 258
256 129
136 124
270 265
140 68
299 223
270 220
266 159
273 65
202 163
247 2
155 5
220 57
134 101
130 101
260 218
275 115
200 39
100 3
238 14
245 95
286 21
85 55
299 123
234 168
78 60
226 23
298 263
184 39
227 60
279 78
168 149
147 75
252 246
274 264
227 182
27 4
248 208
169 49
294 3
281 181
171 95
139 1
281 224
221 17
256 43
203 65
76 68
200 61
296 32
161 144
164 57
228 9
222 112
288 55
299 116
82 4
74 47
173 125
28 5
162 30
279 42
212 193
225 71
163 16
179 78
284 275
219 158
93 10
250 228
80 9
163 26
228 33
206 103
292 170
230 51
112 48
117 11
193 188
202 148
241 169
158 81
245 244
284 123
226 170
247 157
89 37
285 111
270 181
244 113
143 54
209 74
239 38
291 53
160 157
228 51
274 57
287 84
282 245
121 81
160 119
279 176
273 172
164 115
152 15
289 44
181 177
131 91
257 238
207 53
130 72
246 172
213 7
198 8
278 120
201 156
228 113
298 63
242 77
88 6
199 128
260 156
123 114
292 10
244 189
270 57
269 39
252 8
283 184
288 196
261 236
216 154
211 51
204 192
168 111
220 188
237 206
76 60
295 82
285 21
192 191
196 15
128 99
207 185
294 233
245 142
40 36
203 160
264 114
128 85
200 138
150 108
242 119
87 36
294 220
228 131
127 75
272 176
193 97
287 240
162 121
93 65
244 160
256 66
132 3
175 68
173 56
52 43
88 44
96 41
127 115
198 83
148 102
148 19
87 43
50 6
280 87
138 106
196 130
249 239
87 16
223 67
198 85
80 64
189 99
227 133
268 123
279 106
293 219
248 76
172 13
244 115
192 16
184 6
189 55
284 150
200 117
191 181
257 171
266 230
192 34
264 1
286 101
287 255
209 180
143 49
245 87
99 70
262 231
209 141
254 41
237 220
190 48
250 2
205 137
39 8
225 218
298 210
223 75
256 164
287 208
229 183
295 122
81 2
180 80
292 19
165 22
107 96
246 108
271 105
31 8
284 15
161 52
192 102
198 178
208 147
129 19
172 127
246 68
257 162
213 170
239 221
209 137
195 122
258 57
283 10
222 138
50 42
202 165
224 179
228 84
139 131
219 99
291 252
232 39
184 158
145 18
233 160
266 143
140 49
238 129
298 272
192 29
260 181
158 52
208 62
286 158
216 8
263 138
273 268
233 222
177 90
291 22
223 118
231 10
182 51
15 12
63 31
106 88
175 167
85 56
75 25
288 112
164 5
272 187
125 71
166 73
81 39
191 40
149 117
185 148
242 63
264 223
152 22
257 57
282 102
198 146
289 60
248 116
267 96
227 159
223 171
114 31
90 73
187 113
113 34
108 76
215 209
238 17
225 102
267 101
298 296
214 41
156 135
67 57
272 155
288 190
224 123
138 98
199 150
274 146
234 153
277 56
204 134
170 119
174 122
216 182
172 41
123 52
260 117
260 249
144 139
77 29
222 155
207 169
151 51
284 24
234 180
202 99
209 63
204 99
285 174
299 182
284 242
126 100
283 151
252 14
272 63
252 57
214 105
154 118
86 12
175 55
40 1
210 111
221 75
147 78
261 79
194 98
138 121
213 111
288 197
211 34
198 102
166 119
254 169
219 12
246 192
113 42
151 26
47 26
103 7
286 273
209 201
251 50
273 216
204 113
287 105
154 83
170 12
148 74
36 17
55 48
269 2
202 5
170 143
98 87
212 45
226 66
216 106
142 68
58 42
178 151
189 7
249 59
200 141
289 150
290 39
268 252
144 36
297 118
237 76
271 73
288 251
259 135
287 118
142 21
219 169
272 241
43 33
129 68
248 236
199 36
204 0
275 248
282 236
294 256
156 91
70 42
183 25
263 236
271 125
213 55
283 2
189 51
277 72
242 73
263 22
59 35
157 1
48 26
288 246
168 135
36 7
230 91
203 119
91 75
149 141
191 7
178 135
249 139
282 176
198 163
240 147
266 49
156 117
218 75
298 138
227 47
103 54
182 116
109 66
158 59
120 21
296 94
296 214
209 33
240 109
103 45
129 32
138 33
69 8
115 57
54 4
152 74
122 78
268 130
255 216
204 57
57 5
63 58
240 80
278 12
217 82
252 134
259 212
217 117
280 59
261 142
147 119
99 95
74 8
229 167
226 146
50 29
267 214
284 253
144 124
226 59
247 117
91 23
115 22
221 17
86 22
87 61
68 38
260 126
287 205
144 45
189 106
233 112
65 7
168 80
163 63
292 118
286 223
192 186
101 80
199 51
295 147
230 170
248 150
188 62
284 162
126 111
13 5
249 51
265 242
64 52
172 2
274 210
157 151
276 166
286 272
212 119
264 93
226 105
129 81
212 79
199 45
281 271
232 82
278 167
267 90
130 95
271 147
241 176
213 201
167 10
235 206
86 83
140 115
212 152
96 32
268 48
77 47
131 124
150 93
139 42
186 143
232 145
267 83
262 77
226 13
209 123
285 209
206 130
273 97
188 18
270 9
2 1
145 65
193 110
127 10
46 12
182 131
55 49
56 15
255 146
285 123
203 118
149 9
278 140
269 219
185 113
177 0
239 128
211 175
180 38
295 88
230 141
170 96
217 70
167 39
153 52
290 13
179 125
281 229
291 5
285 176
283 233
235 122
287 143
50 18
222 67
103 91
242 42
108 15
261 187
89 65
226 188
29 5
237 197
281 63
226 118
68 49
289 68
294 87
163 10
144 103
163 69
195 120
298 88
147 115
283 113
227 64
195 103
119 105
240 194
175 106
256 50
297 249
10 8
168 97
276 15
268 137
230 13
169 22
138 87
189 90
20 11
183 39
100 45
191 161
93 47
223 204
179 70
253 246
137 115
58 13
279 60
172 26
280 60
73 45
279 56
271 224
230 219
144 41
191 141
212 208
239 62
257 82
273 256
222 6
278 277
156 34
297 142
202 10
272 36
294 126
119 67
288 96
105 42
160 159
211 111
29 17
46 42
237 41
279 196
291 213
266 159
287 231
117 82
242 36
255 222
161 7
138 122
201 171
173 57
298 213
180 138
250 198
121 90
158 104
263 33
241 230
163 35
140 75
220 161
157 69
145 11
238 163
181 24
280 75
273 127
243 33
150 119
93 15
105 68
296 60
212 184
194 21
217 47
220 158
75 2
281 20
146 86
153 80
234 35
236 1
267 107
282 92
177 52
229 85
279 22
295 178
266 111
175 147
254 43
224 116
273 140
238 186
147 42
190 53
299 120
133 118
237 49
158 22
156 77
194 170
291 228
250 16
107 5
119 51
293 71
213 212
165 19
166 8
126 19
270 216
82 50
114 33
295 252
82 21
185 51
86 65
112 61
110 84
177 8
190 50
60 56
294 156
277 135
271 128
77 50
69 12
260 115
278 35
185 171
223 116
299 187
235 188
194 190
207 66
165 28
216 4
297 207
296 34
158 77
57 22
254 232
270 88
231 40
263 142
247 76
238 206
286 43
88 60
154 96
211 93
264 13
97 30
267 58
236 121
166 102
217 167
222 191
162 56
185 6
113 106
99 89
155 153
160 103
208 167
79 55
281 224
196 43
231 18
135 33
263 166
285 5
134 12
228 170
206 21
233 156
273 37
201 63
189 166
182 94
172 54
159 152
133 35
254 102
278 258
261 201
250 170
274 100
249 8
95 64
294 136
67 42
127 27
205 74
291 91
172 120
220 12
127 32
107 88
197 188
69 9
165 3
271 175
219 136
207 154
162 73
198 52
228 180
167 152
292 262
177 88
97 52
284 133
35 24
79 26
212 9
118 23
297 149
189 86
246 109
181 4
290 66
230 37
62 42
193 150
217 157
237 175
283 93
202 89
206 89
281 162
280 58
297 150
287 60
296 154
233 140
231 137
147 16
234 123
210 164
112 43
105 69
111 32
290 134
297 215
283 88
93 76
216 108
183 150
243 152
265 129
235 103
218 120
165 47
282 266
196 31
239 29
275 189
182 18
205 147
277 110
158 55
176 87
194 53
283 159
264 136
97 78
135 90
296 176
279 7
277 22
286 191
148 58
216 145
170 142
179 10
271 235
194 45
190 162
290 33
145 121
208 55
159 87
55 32
226 95
101 13
203 174
164 86
295 43
276 159
106 74
202 111
272 244
64 6
291 182
226 72
161 32
298 68
112 39
111 8
247 171
126 67
244 33
127 90
242 110
107 40
144 50
223 49
16 14
248 152
233 31
147 126
278 97
233 215
229 99
158 58
189 39
130 64
262 106
246 118
261 24
144 137
58 33
226 141
109 69
106 80
219 104
224 91
62 35
284 40
59 24
268 195
260 31
269 227
243 27
247 101
184 20
275 11
260 58
14 0
193 141
112 0
202 7
275 1
227 15
214 13
226 220
99 54
284 84
290 236
179 6
227 202
216 144
270 201
115 85
277 158
146 113
292 76
193 154
153 152
195 161
260 250
262 54
223 89
150 101
144 126
274 9
164 79
107 67
51 47
200 189
212 21
45 35
152 100
284 260
286 250
109 7
