600 1800 600 1800
297 201
227 68
490 474
424 380
544 25
317 115
192 112
496 363
233 87
589 231
313 273
315 310
27 10
558 129
447 413
550 483
585 419
483 435
464 351
535 266
384 63
122 7
218 42
522 482
588 81
453 325
471 258
572 90
311 41
564 347
487 2
539 267
253 134
67 44
391 369
86 16
558 480
521 196
594 547
472 45
279 96
174 18
585 409
539 116
307 284
429 288
210 83
485 145
442 180
493 345
455 370
51 36
589 28
526 161
340 216
430 196
376 152
443 323
426 294
493 77
393 113
220 63
532 14
508 496
258 50
101 78
445 391
322 270
175 116
498 117
165 109
267 183
482 43
559 233
484 352
261 42
281 27
562 131
401 211
573 227
238 132
50 47
540 66
359 17
306 289
292 124
447 94
591 298
429 251
560 539
435 276
569 113
558 97
289 202
580 234
266 118
464 161
68 1
438 351
181 156
244 34
328 13
363 64
347 272
457 310
521 392
259 99
346 106
317 219
274 257
349 168
265 78
402 77
557 72
538 51
408 20
439 2
177 14
432 123
270 189
555 197
436 292
584 414
511 399
487 57
585 148
446 38
301 98
126 20
144 108
599 503
262 74
259 64
303 91
420 172
164 82
415 56
317 169
313 235
493 110
447 271
142 62
587 549
511 438
177 112
532 516
515 391
423 94
260 237
483 208
581 176
476 26
387 135
495 46
401 21
252 115
90 73
240 120
427 56
371 237
528 475
549 293
375 275
459 273
377 179
310 75
493 69
321 316
460 211
91 2
551 300
344 269
566 386
557 505
482 263
185 35
71 29
286 283
511 452
306 292
313 253
299 137
583 565
569 315
444 153
592 481
175 123
563 128
353 242
369 7
497 108
130 110
187 176
322 228
182 106
437 243
476 237
489 142
208 96
540 218
506 284
585 330
594 14
487 71
416 7
400 78
435 208
588 145
368 25
432 76
584 475
363 80
598 225
459 153
273 109
444 405
325 25
130 54
206 144
559 425
513 485
384 336
376 4
556 510
388 116
156 139
472 392
458 118
310 193
233 219
469 342
468 9
66 49
418 396
545 212
199 99
145 120
448 403
476 352
460 17
578 31
597 516
317 232
530 372
557 222
285 223
252 88
597 335
160 132
128 61
434 26
475 14
269 245
357 351
378 132
472 336
365 358
506 12
205 203
358 222
487 432
209 77
357 147
215 123
52 27
477 163
286 153
57 19
421 303
499 149
358 51
276 253
265 256
270 215
558 13
314 121
259 155
574 93
580 511
280 61
301 215
420 370
596 506
310 218
564 386
326 93
326 274
507 18
474 371
144 64
158 14
466 210
505 386
472 429
451 243
539 498
192 181
211 5
362 185
533 188
521 403
530 237
516 478
438 204
258 166
238 131
395 141
432 290
242 226
349 297
151 105
377 190
373 83
370 176
525 95
488 267
544 16
526 405
340 233
350 4
462 349
246 53
498 464
309 261
577 407
490 332
546 9
495 199
580 402
333 261
549 160
22 17
556 523
300 276
530 438
485 361
358 243
393 290
474 149
402 258
560 306
395 198
240 86
346 304
543 140
372 237
136 58
335 238
578 146
318 58
182 3
250 54
486 418
509 391
435 8
588 191
420 246
464 13
374 295
474 119
475 415
424 383
429 194
494 259
554 338
477 299
568 319
411 155
590 259
412 346
365 323
439 230
544 74
444 88
179 157
406 186
372 113
195 179
442 96
504 236
366 8
466 424
317 76
266 194
262 28
583 419
319 256
500 66
569 242
589 334
599 574
571 131
145 142
558 86
536 498
565 51
557 190
187 89
412 172
551 347
552 230
513 117
456 0
413 289
443 276
190 64
320 135
223 165
369 346
539 418
290 268
256 20
487 449
293 32
309 211
441 305
405 264
457 316
542 142
421 319
414 39
476 126
363 238
480 57
391 341
578 152
577 319
125 12
441 301
543 468
573 140
344 30
540 364
424 307
402 148
384 315
296 166
425 291
552 48
360 125
310 65
468 44
516 257
539 225
503 240
502 269
466 298
218 11
571 164
539 138
469 305
516 424
396 286
554 312
542 309
396 111
254 215
559 482
412 181
478 383
404 99
486 459
339 105
427 270
311 21
432 23
504 4
69 23
276 121
406 16
595 514
113 57
550 108
338 334
222 193
426 210
341 282
541 233
303 200
589 325
231 174
525 84
415 120
316 220
453 103
454 439
502 470
502 477
532 129
555 132
220 169
572 266
321 97
522 119
593 183
517 222
233 20
308 253
254 196
234 127
565 185
586 92
474 70
216 20
352 302
386 166
409 245
25 6
304 288
514 141
482 61
289 166
592 19
278 46
327 98
498 418
303 4
503 76
236 203
323 147
494 134
184 29
186 71
540 113
341 108
532 366
232 90
388 308
124 106
138 79
567 397
384 162
417 395
464 295
578 32
597 592
154 113
368 85
561 359
402 387
368 92
423 299
306 94
406 296
488 48
292 212
244 68
490 244
236 11
583 359
525 363
422 339
429 418
577 197
427 240
84 6
511 41
279 115
252 18
585 521
69 47
578 255
561 503
591 241
597 170
41 1
312 36
75 35
127 120
420 235
244 131
133 116
538 367
580 101
289 105
361 95
476 426
80 74
391 169
523 65
224 138
81 22
419 268
586 510
361 328
526 38
455 94
468 214
560 96
309 147
512 47
534 28
387 270
251 77
174 170
502 78
119 95
264 39
280 235
563 231
294 30
303 50
409 96
172 4
105 14
328 5
207 100
590 247
445 28
230 206
575 204
568 174
139 64
435 267
229 200
131 114
274 123
230 224
407 286
386 270
200 104
393 81
363 339
529 156
517 215
468 313
549 55
301 206
517 279
545 351
517 367
430 309
392 322
503 179
442 176
398 117
580 497
516 235
239 100
565 248
501 207
292 261
373 351
497 355
588 140
272 215
381 253
395 354
364 54
580 263
403 337
333 155
131 118
400 371
362 84
191 166
434 20
497 293
537 386
254 176
148 76
247 151
477 179
539 183
575 461
276 135
409 364
372 133
383 101
267 26
593 567
578 92
468 203
322 2
349 278
576 330
527 500
278 219
296 237
544 326
400 169
461 250
430 357
482 332
453 165
379 346
567 218
451 59
190 137
563 184
444 281
109 57
505 59
527 126
519 118
499 334
453 308
558 525
598 13
170 5
371 134
216 193
382 318
154 122
490 419
358 335
570 556
129 36
576 472
543 105
452 216
554 225
530 347
498 303
325 78
470 184
130 8
526 241
437 394
456 380
319 37
175 131
205 51
203 23
164 4
537 298
566 270
594 333
480 286
349 207
262 71
514 102
483 225
578 560
560 208
41 0
484 111
540 47
540 431
475 234
213 138
281 61
467 75
237 235
460 16
266 109
345 300
594 221
459 313
599 7
563 419
409 204
367 235
584 417
593 66
513 365
489 91
250 90
227 217
527 470
433 418
566 296
455 118
552 13
495 117
423 135
481 14
408 92
513 492
554 390
264 114
370 280
364 296
568 379
439 424
501 43
553 415
337 302
486 142
581 422
344 327
321 3
457 343
470 223
573 77
179 82
499 290
553 74
460 15
68 19
521 99
561 264
584 198
285 39
386 274
389 72
136 124
270 265
595 580
343 156
590 133
516 232
595 583
395 79
375 179
460 60
599 81
545 419
502 82
260 218
315 103
443 178
493 259
309 275
369 33
559 198
510 6
365 257
409 395
588 42
420 287
528 449
597 140
565 139
363 203
558 461
480 203
581 259
577 42
227 182
429 8
248 208
587 50
375 233
405 330
171 95
515 490
317 86
459 70
256 43
415 372
556 336
573 300
348 305
323 76
544 462
448 405
539 451
494 246
550 488
82 4
429 379
326 182
531 125
505 242
550 26
363 242
225 71
489 98
562 198
585 390
219 158
583 257
250 228
80 9
330 136
441 8
523 263
439 310
543 521
505 1
510 422
448 298
518 413
434 278
540 416
449 427
535 198
226 170
247 157
564 478
285 111
430 21
244 113
381 293
363 334
521 240
392 162
160 157
334 15
559 283
524 301
349 326
342 101
576 300
433 396
368 10
361 177
571 123
289 44
503 323
502 115
436 125
335 44
253 243
592 157
547 434
303 128
210 134
408 113
541 478
294 274
565 509
584 107
568 62
470 172
188 34
408 308
496 377
473 67
561 173
596 439
515 21
140 7
387 9
584 363
205 47
592 184
205 123
444 390
491 103
484 393
335 161
339 180
282 250
353 15
339 213
563 272
548 315
326 155
204 169
112 61
559 0
534 71
322 171
423 151
66 19
322 263
477 23
491 362
529 231
586 529
455 303
254 75
583 530
405 332
534 347
175 7
397 12
554 361
529 331
418 279
214 178
111 88
537 39
258 216
366 353
265 117
244 231
457 421
548 32
284 100
586 265
553 199
574 413
579 103
542 51
381 349
537 211
404 92
558 296
516 148
421 267
279 238
524 508
515 26
414 302
368 290
410 73
576 157
486 411
393 28
359 37
592 99
265 250
404 316
186 177
349 228
158 25
558 282
490 194
288 79
234 221
401 293
512 208
300 203
206 180
317 275
529 311
508 425
288 99
514 103
418 12
570 56
523 313
404 205
462 125
536 470
429 26
361 93
366 135
571 434
526 479
319 221
581 503
322 165
598 566
489 350
548 94
214 3
178 32
528 107
581 199
299 77
575 341
128 39
93 45
429 355
517 33
406 176
250 230
364 45
573 381
417 351
393 203
308 60
386 174
436 346
467 67
466 188
511 496
580 554
135 120
481 29
568 252
294 91
365 297
576 414
461 305
393 30
187 30
408 138
455 190
553 368
256 104
279 119
270 186
525 357
356 46
411 219
164 98
306 286
235 18
377 220
270 216
361 36
501 148
586 297
457 301
572 104
389 185
559 21
571 338
596 534
537 31
290 115
280 167
574 153
492 329
276 263
483 78
578 288
463 419
591 470
92 53
360 251
523 395
346 20
128 26
355 325
503 185
308 139
224 133
163 53
520 21
109 45
508 23
566 305
580 396
391 48
474 246
559 372
246 101
227 158
424 401
259 148
531 282
540 270
538 261
482 131
498 186
529 306
140 81
230 108
500 182
513 200
258 105
389 99
259 52
231 19
531 129
399 240
403 142
215 196
580 336
583 513
475 82
333 276
395 251
75 70
472 375
413 114
328 9
419 59
524 185
517 303
304 277
384 280
341 273
381 89
104 27
230 191
365 27
371 242
210 190
561 63
127 94
548 275
449 368
385 107
522 466
371 232
543 239
565 132
574 114
326 300
475 474
464 233
529 508
314 73
286 105
450 339
532 3
576 474
547 383
515 422
97 38
381 44
503 318
392 130
190 46
271 219
421 146
524 515
451 443
264 224
580 335
163 148
556 102
259 154
308 125
533 345
495 253
236 80
565 496
552 220
484 284
246 55
456 135
527 323
296 252
540 250
365 18
122 32
451 412
338 141
378 240
427 334
552 38
577 115
504 185
336 183
307 35
589 427
336 127
459 281
431 253
339 119
586 480
590 163
538 517
328 10
263 61
367 282
440 331
210 188
457 167
480 204
533 386
551 359
191 40
422 132
200 14
452 285
577 224
435 301
220 8
285 3
177 175
385 260
597 10
477 101
156 75
594 10
361 202
353 149
367 181
504 470
518 152
229 102
508 59
242 186
184 130
170 10
483 330
498 6
468 375
458 261
402 275
563 438
508 353
377 308
502 198
454 393
364 134
584 271
521 175
277 75
179 72
586 507
446 16
98 25
506 194
434 294
552 125
381 40
461 190
416 229
464 403
113 103
508 157
448 308
265 6
172 148
476 345
195 42
508 95
423 163
549 181
393 134
537 461
266 179
264 165
415 99
317 210
398 156
325 181
437 387
374 77
598 27
205 89
515 218
576 10
572 40
500 217
398 92
181 0
170 74
276 84
342 174
501 72
277 235
509 411
373 229
562 426
586 221
408 192
448 124
599 288
134 18
467 72
587 259
587 279
477 74
529 19
576 41
449 222
358 223
330 203
598 123
86 78
492 105
511 237
44 1
236 55
529 521
345 294
514 336
289 102
526 77
566 108
598 584
472 93
581 82
429 58
75 53
496 77
339 125
212 203
461 347
536 249
302 250
322 279
509 50
315 242
548 450
246 177
392 126
259 223
414 229
357 168
570 59
459 296
364 277
524 445
96 14
293 161
129 78
472 69
547 514
562 100
424 324
532 198
385 256
381 235
531 197
193 171
479 114
495 170
277 209
420 60
243 14
522 2
543 316
416 329
524 139
536 240
365 199
68 4
362 143
589 82
465 122
592 523
88 48
103 81
577 0
324 37
534 481
189 178
317 286
450 282
245 56
562 421
580 358
370 342
503 454
542 433
346 156
305 288
458 405
498 392
258 241
557 390
307 141
554 200
500 424
326 293
94 49
439 34
138 59
349 176
535 189
546 241
374 35
275 259
113 52
470 208
538 271
360 116
211 201
226 207
128 72
594 498
454 190
280 271
575 218
565 183
421 338
185 30
571 570
210 35
487 139
351 67
447 317
478 84
491 155
379 145
438 270
99 68
455 156
456 340
191 144
561 474
526 227
394 177
336 165
560 293
360 64
423 208
372 98
336 314
509 27
490 100
344 171
548 222
520 272
301 278
450 104
367 48
355 62
559 135
201 83
407 340
579 41
492 89
328 37
493 277
394 263
408 47
328 162
241 203
424 204
472 345
571 401
161 129
254 76
295 15
392 312
567 244
547 154
228 164
320 2
390 11
282 44
196 171
403 18
444 42
353 95
548 515
446 387
453 136
40 27
167 71
531 66
515 205
312 207
586 149
482 326
548 527
359 171
481 167
535 447
238 67
565 311
528 454
477 133
486 239
384 213
515 382
485 164
199 12
462 17
512 252
427 332
90 74
333 293
197 57
496 449
452 361
248 32
440 55
344 63
171 122
528 485
202 152
311 129
302 225
377 317
496 259
425 231
553 134
587 468
273 87
495 251
433 135
173 18
484 420
550 249
476 456
494 370
439 297
459 419
528 35
228 12
97 6
398 213
171 152
108 35
193 13
411 45
500 80
411 113
499 17
425 7
458 291
482 441
24 17
83 81
499 55
321 145
186 128
130 2
164 113
216 179
434 320
153 57
418 343
436 362
494 212
597 437
320 312
544 111
500 280
259 212
537 1
491 337
387 15
221 207
523 468
389 157
432 50
561 341
436 50
71 63
188 29
441 135
461 452
442 39
404 277
306 269
399 385
427 83
529 283
488 131
303 123
502 374
484 455
579 64
238 151
449 44
544 380
461 98
245 222
439 386
269 205
324 156
452 158
355 248
200 185
226 136
487 81
510 477
351 276
348 169
553 497
398 51
340 81
355 223
356 349
544 314
467 174
578 48
149 84
384 277
117 86
570 535
267 37
397 106
279 104
577 43
569 180
295 239
350 179
377 191
244 162
321 272
575 258
164 81
400 96
294 215
195 5
333 301
534 520
524 257
357 165
480 299
400 125
520 482
525 140
468 169
506 240
544 150
484 457
551 315
355 213
285 240
412 319
583 555
466 449
169 30
373 343
240 26
383 53
577 302
519 12
465 91
506 473
302 168
453 76
418 82
372 30
533 475
487 121
547 227
322 235
487 330
406 142
179 62
453 402
524 377
331 203
300 178
574 143
536 227
453 97
296 268
488 41
455 269
539 115
269 227
534 316
276 73
535 388
227 121
514 260
534 206
294 116
457 332
293 207
529 456
272 23
597 117
205 110
468 326
343 94
583 457
527 24
571 466
371 263
302 17
290 76
245 156
289 242
424 29
568 21
219 43
192 20
380 342
87 2
510 97
545 272
379 229
476 33
102 33
178 8
424 3
582 513
246 200
242 205
553 420
491 149
496 252
553 53
563 547
549 282
520 355
112 23
497 161
537 445
350 174
469 28
566 221
510 371
570 115
519 389
292 26
551 19
328 301
337 170
590 132
471 323
314 180
484 230
538 250
597 307
273 249
113 53
280 251
521 64
497 191
217 122
343 305
352 13
307 58
475 161
587 375
182 165
499 393
562 402
227 126
565 365
200 100
345 29
577 328
402 201
295 126
542 45
313 213
465 97
408 295
515 155
376 268
408 240
265 148
545 460
556 131
554 412
326 56
571 45
426 271
390 169
598 180
378 370
249 161
119 85
374 305
582 367
551 132
575 141
522 192
224 223
469 206
597 370
486 125
579 102
513 344
539 305
253 109
376 213
385 381
491 298
576 105
390 118
572 377
537 340
458 194
337 50
453 205
453 314
549 311
502 144
430 284
593 318
266 118
286 230
78 55
427 342
471 172
315 100
578 574
581 351
427 110
470 312
521 333
540 124
112 0
550 84
273 164
386 370
435 374
310 42
598 108
569 80
407 330
326 302
442 308
370 166
412 391
236 188
388 66
218 154
375 145
338 80
383 178
529 405
582 184
133 56
584 432
507 50
274 119
224 67
516 357
241 138
332 80
187 8
501 353
538 136
464 208
577 67
205 162
346 141
453 0
591 80
355 195
17 11
420 241
419 114
442 110
253 171
559 75
171 66
427 279
504 7
424 353
188 133
409 34
584 581
218 210
373 117
416 281
363 169
528 143
239 17
418 163
494 486
424 149
422 124
199 102
526 368
458 351
288 210
341 16
567 121
337 302
549 477
376 326
50 11
407 69
470 251
506 217
371 33
478 353
496 157
302 130
542 89
393 350
236 123
107 33
286 227
561 240
287 104
561 31
349 224
339 189
565 501
482 368
399 7
179 42
312 18
323 84
516 139
437 201
559 224
386 221
462 289
562 289
329 118
377 5
489 75
277 132
597 149
454 84
378 103
597 151
421 47
129 107
440 108
531 8
372 176
593 411
369 307
471 347
333 220
266 25
585 182
576 509
406 145
505 236
329 3
144 46
472 53
526 1
263 231
393 122
365 117
353 27
536 358
438 136
584 513
395 360
476 36
327 190
128 55
328 183
324 166
525 248
238 21
399 395
492 471
504 139
403 130
397 136
154 37
315 173
551 494
449 18
569 438
268 27
331 232
321 135
580 196
555 351
413 32
440 43
533 513
469 91
441 199
276 231
179 111
526 316
276 254
572 16
530 270
287 33
523 57
313 109
61 36
373 231
210 192
590 294
430 179
442 348
407 348
410 396
433 204
118 109
485 394
364 93
549 444
30 4
524 15
344 253
484 431
56 32
174 63
441 137
246 114
244 202
476 230
416 195
486 413
139 75
513 95
403 157
407 361
482 469
382 359
338 15
584 142
544 32
577 301
411 304
434 317
548 424
310 305
497 319
590 189
138 29
528 453
513 274
496 395
179 79
467 113
169 26
502 186
555 54
420 74
351 333
530 233
309 10
531 21
566 525
341 149
445 236
269 43
524 349
404 291
447 246
459 86
549 374
263 118
267 168
550 359
525 1
458 16
478 3
283 126
253 90
423 194
431 201
562 212
343 258
576 209
526 105
407 84
346 22
405 185
264 214
374 85
597 138
513 325
479 182
523 26
435 198
186 164
584 341
386 22
533 322
507 375
595 521
182 142
426 64
303 138
379 143
241 120
431 287
108 28
364 221
491 414
585 110
560 543
591 7
443 434
413 361
520 466
217 131
466 44
410 137
484 136
526 134
484 158
352 242
468 33
485 140
153 143
541 436
394 137
416 57
463 327
243 54
156 117
493 100
588 230
509 269
400 150
494 304
490 27
252 87
271 40
554 277
537 17
483 324
548 116
557 392
596 429
285 272
146 111
435 302
594 344
430 86
357 195
330 242
134 50
186 74
35 29
117 51
334 95
329 156
389 370
511 359
322 80
562 482
230 21
62 39
556 195
432 35
387 123
336 150
562 220
144 0
514 506
357 245
301 265
475 428
554 59
390 370
306 240
515 61
495 51
135 68
257 174
443 205
367 100
298 85
568 164
357 96
430 107
594 350
533 285
281 170
456 416
514 225
517 485
539 149
475 25
482 19
444 193
500 332
476 387
288 244
261 205
477 26
325 255
281 248
466 248
479 407
534 103
295 235
420 122
581 229
170 148
484 87
580 49
389 87
265 214
507 494
492 370
93 89
493 9
398 195
599 124
320 22
168 119
442 210
559 215
366 144
225 149
579 466
558 401
591 160
349 19
295 21
477 15
477 14
429 116
449 47
599 558
452 204
368 165
288 90
172 46
288 1
541 230
299 276
320 69
316 58
519 132
360 223
215 85
253 71
235 53
432 240
392 362
290 23
523 251
258 19
117 70
575 53
532 221
278 12
575 509
244 124
198 135
132 78
456 405
293 153
484 226
504 16
531 400
540 155
390 314
481 315
573 324
517 20
342 101
338 141
170 65
488 249
428 247
90 32
344 16
502 122
464 132
578 482
557 7
593 94
462 138
511 370
499 146
41 36
556 340
546 408
573 513
112 37
481 318
278 110
559 339
60 40
594 74
207 85
401 307
551 161
504 133
337 88
83 82
224 149
459 40
125 63
521 323
419 233
491 242
536 51
540 209
177 58
330 128
588 299
319 159
462 252
462 302
151 95
369 328
587 128
367 34
420 223
565 525
434 147
479 301
369 317
216 15
318 273
488 300
191 75
394 113
597 84
332 113
464 135
243 159
433 81
263 174
395 48
405 286
509 499
590 249
399 335
321 235
481 300
390 165
517 425
100 19
502 481
517 6
339 87
428 148
348 344
481 274
335 80
308 36
396 262
132 114
407 135
196 80
296 22
288 132
350 261
329 104
314 162
341 174
421 296
140 39
79 65
178 110
474 127
298 170
484 308
574 218
243 227
524 459
554 55
599 499
129 30
587 81
497 315
216 99
425 336
185 55
258 29
565 412
452 315
538 288
484 69
333 90
214 189
22 7
584 314
508 86
396 158
425 81
496 232
506 203
322 136
578 172
92 80
507 141
241 35
578 383
287 198
403 270
338 52
545 176
534 436
542 342
561 368
549 455
551 466
478 350
282 106
314 51
454 281
361 219
115 13
363 356
423 402
402 371
530 373
348 317
191 119
209 200
172 171
496 146
306 168
433 110
291 279
202 196
375 204
160 51
475 134
314 239
515 97
124 100
555 323
562 199
521 320
396 263
308 196
454 44
527 225
410 228
164 21
524 200
492 209
545 232
442 209
322 228
476 78
138 102
24 2
288 129
298 210
503 313
360 62
161 114
91 82
103 22
568 120
325 226
464 31
471 32
292 127
413 146
456 301
561 367
593 372
534 268
472 211
490 449
402 332
139 116
595 460
57 26
545 17
420 196
225 134
529 134
475 169
567 101
310 179
478 329
399 26
366 349
352 91
282 32
509 447
576 501
336 324
234 122
314 43
303 79
589 226
233 177
451 391
155 11
570 169
509 221
349 91
438 423
116 83
592 295
372 205
275 53
165 67
557 335
474 454
145 98
77 35
511 290
548 68
462 419
573 504
332 236
408 17
596 111
585 120
114 106
564 422
45 18
562 101
533 114
541 280
515 20
267 261
464 59
564 95
558 7
406 67
461 349
488 379
314 101
168 122
452 186
191 182
536 166
541 70
291 97
394 279
87 81
475 264
437 42
571 507
257 131
502 41
325 184
286 120
469 46
280 272
553 197
201 178
345 1
522 59
110 31
157 37
532 526
520 518
558 353
342 42
596 148
521 136
537 117
593 273
166 71
437 142
326 154
451 137
226 2
356 33
477 133
104 87
561 482
342 167
556 333
286 38
223 157
177 37
419 258
375 186
461 23
450 401
300 296
509 261
60 46
469 12
467 91
540 328
237 56
458 328
253 225
595 468
222 99
216 28
550 281
579 453
591 447
293 75
558 337
433 137
436 242
388 100
420 186
470 443
292 92
420 84
540 447
533 182
292 194
392 310
542 429
413 193
589 397
309 181
589 83
462 275
569 330
380 220
105 57
409 85
474 425
449 174
531 160
589 482
228 161
585 77
424 226
551 123
575 353
503 6
97 91
398 217
524 483
467 385
292 30
521 217
280 224
329 304
458 203
203 74
490 347
230 75
510 51
480 269
512 78
342 74
350 159
491 473
568 450
581 164
479 468
398 292
489 344
435 284
102 29
24 10
594 340
487 291
590 357
346 60
422 198
428 87
256 91
211 67
304 278
547 190
408 296
70 21
507 273
107 86
205 68
377 21
475 47
14 5
174 170
583 514
470 373
431 35
577 28
532 301
412 318
463 199
404 114
391 21
473 121
597 395
307 112
325 307
513 17
269 217
585 177
224 115
476 321
377 92
428 213
266 128
236 105
273 158
418 0
492 135
300 9
307 132
479 414
265 168
515 59
487 181
382 368
506 48
530 36
484 364
591 40
348 233
361 225
541 64
390 194
46 44
481 103
435 13
386 189
597 314
495 0
476 84
208 83
71 10
442 93
241 203
377 123
424 79
493 439
438 66
365 324
578 245
155 34
517 82
395 84
425 39
226 53
580 175
349 336
469 343
464 354
328 174
526 17
145 46
295 53
177 109
416 309
129 124
186 6
93 86
289 191
397 162
277 127
515 398
524 180
199 34
562 397
572 459
580 215
472 464
469 162
563 432
95 16
405 212
496 255
430 32
173 17
251 198
334 325
304 182
335 74
465 216
523 334
268 57
404 140
277 156
560 178
207 64
554 6
456 98
541 481
322 14
564 114
181 15
491 342
179 103
276 12
587 193
299 161
212 15
177 35
393 242
335 146
307 225
439 402
442 403
561 295
539 299
484 469
388 348
598 122
432 29
558 350
283 277
560 232
535 165
243 142
236 72
590 455
182 0
158 14
563 305
528 389
449 422
560 426
233 101
444 388
590 467
293 12
516 373
446 394
316 204
264 177
369 236
550 259
263 10
450 394
78 61
227 32
216 80
168 67
511 448
524 73
392 386
579 543
472 353
92 37
374 32
233 228
164 43
185 73
385 27
381 359
505 164
285 197
297 58
435 431
459 16
593 247
340 235
382 180
467 407
583 8
52 10
307 272
208 43
379 270
417 313
539 295
416 248
587 353
543 237
101 72
262 228
145 67
556 84
430 51
545 394
68 44
573 91
439 418
310 55
519 354
285 77
548 298
270 252
309 171
367 301
340 73
169 36
570 83
558 363
536 199
438 27
512 311
598 429
375 192
21 3
318 53
462 20
298 53
47 40
598 183
291 87
232 134
498 67
149 67
517 92
495 95
381 372
275 227
505 476
352 92
222 54
345 56
216 21
402 279
562 23
462 43
494 344
489 176
372 8
470 289
99 19
165 33
498 297
241 210
371 74
140 85
435 196
120 0
591 440
502 423
221 178
530 107
372 360
387 291
550 318
429 241
467 277
121 83
430 297
587 540
515 255
593 225
562 226
219 196
528 91
89 70
158 58
327 122
483 388
231 165
551 10
515 188
536 528
558 180
532 282
500 492
79 58
465 463
311 149
483 91
329 170
303 179
360 162
197 105
594 482
143 43
373 121
576 40
548 47
573 434
351 217
380 279
488 190
370 369
198 172
589 3
559 200
413 346
591 148
328 149
505 346
542 332
521 512
248 82
569 109
215 114
369 147
359 346
503 387
333 207
69 58
461 142
255 248
290 283
577 386
562 45
578 479
434 297
470 188
503 389
455 6
110 53
275 179
429 74
553 206
519 268
550 488
585 172
595 21
449 10
405 281
378 336
389 372
418 382
565 40
369 327
214 64
105 2
539 410
495 44
527 49
289 91
496 136
276 102
599 183
455 316
276 215
406 383
384 351
370 87
116 92
274 211
152 5
351 2
301 255
540 53
558 96
530 108
483 133
597 153
351 31
467 198
386 119
496 242
480 234
551 395
432 111
538 453
240 215
533 506
498 472
113 95
594 506
323 299
346 345
469 16
231 189
155 31
509 187
570 290
294 68
562 532
185 63
492 235
509 22
274 9
418 153
540 117
509 332
205 11
598 357
248 127
172 126
323 10
205 80
551 130
554 510
431 176
466 237
179 92
274 60
345 110
528 130
553 519
498 391
511 57
444 427
449 294
299 297
403 278
383 77
350 98
257 195
438 238
445 108
588 567
419 384
111 21
494 176
387 108
333 54
433 83
596 103
174 155
495 465
511 257
332 222
530 345
562 124
409 335
458 110
414 266
558 11
200 177
573 564
384 97
420 107
379 94
259 184
404 4
184 72
187 66
567 461
363 117
165 122
542 260
542 126
527 430
546 478
501 300
528 158
523 46
458 172
552 238
366 166
583 393
271 34
530 470
538 274
341 108
569 306
437 157
543 339
366 335
437 316
175 89
324 86
487 254
479 298
292 77
457 222
227 92
574 551
257 167
384 189
305 110
534 112
315 155
566 410
501 423
516 367
369 149
522 31
374 12
107 28
228 202
295 48
468 358
392 6
312 130
334 276
568 544
509 201
553 328
455 181
287 196
394 225
485 54
339 50
368 206
591 95
415 167
508 328
500 106
205 199
185 136
216 1
501 239
410 354
521 193
562 333
244 131
251 163
439 331
546 283
348 258
186 120
365 352
532 265
503 122
586 200
447 303
354 203
492 161
246 163
243 199
276 142
366 176
474 10
515 99
546 258
490 393
187 62
256 242
120 20
480 378
377 256
591 10
346 335
436 100
349 273
299 180
569 475
231 0
586 407
481 352
563 251
437 143
111 46
581 268
528 84
433 67
258 194
344 283
509 451
131 49
424 10
404 48
211 191
460 438
332 328
418 79
531 346
448 394
358 106
445 308
527 270
448 326
471 439
421 14
321 75
512 19
262 126
326 125
464 392
216 145
397 83
558 281
417 409
272 111
255 204
225 0
153 3
556 547
350 263
545 35
476 397
459 412
464 30
395 354
463 448
397 179
560 50
476 386
554 468
506 50
544 137
491 15
203 103
247 166
466 148
587 418
380 189
496 25
397 12
540 298
542 43
344 32
197 144
586 161
46 29
595 210
211 104
534 288
468 307
414 41
494 84
396 309
471 122
203 47
491 399
187 33
444 55
553 162
573 392
248 38
357 18
392 244
187 29
174 135
445 177
122 1
235 233
247 120
385 24
468 261
317 244
211 164
473 133
260 188
394 120
277 40
515 360
272 62
255 186
418 408
363 239
529 505
459 149
503 65
441 2
470 420
260 80
127 87
567 335
127 40
218 96
507 313
230 200
575 404
345 0
423 114
454 135
570 92
275 262
547 356
384 32
351 253
467 40
483 335
324 125
557 375
523 44
205 78
187 20
590 213
452 28
378 337
542 507
474 465
400 386
266 124
235 110
248 222
447 275
364 137
285 147
404 267
364 9
492 478
485 67
555 430
304 269
536 194
157 16
483 401
369 125
433 135
214 178
592 338
550 275
521 128
278 125
463 378
348 19
41 20
544 118
234 57
597 178
541 215
480 19
520 400
478 266
240 141
341 201
497 78
224 131
351 151
340 253
246 197
78 9
489 407
583 498
540 509
167 108
561 205
317 97
286 92
567 300
596 385
153 133
589 470
468 89
169 11
97 21
449 120
486 359
583 353
256 75
476 234
571 14
359 40
533 105
123 19
492 38
280 0
79 52
100 95
173 104
343 32
441 125
282 158
499 432
554 119
396 395
61 13
116 57
580 212
129 7
574 186
188 187
520 111
545 171
596 413
546 499
386 72
280 17
397 59
99 33
430 416
255 205
406 379
325 296
335 98
278 203
549 336
599 547
190 34
577 264
195 72
401 183
576 203
219 5
444 189
261 52
392 98
144 140
372 62
333 126
360 207
219 66
286 272
559 163
479 189
232 160
138 66
468 360
585 178
436 143
531 311
559 307
295 180
566 257
515 56
576 315
422 363
536 110
598 260
427 138
270 178
434 371
308 0
460 98
479 296
132 100
500 198
483 119
530 35
564 553
409 385
384 72
267 265
587 513
484 426
570 50
572 466
201 106
531 293
552 540
386 197
328 221
361 326
47 34
238 106
257 232
359 312
192 145
528 178
587 131
514 336
382 350
132 11
553 167
400 203
370 22
228 214
513 501
507 5
322 84
425 395
191 43
585 337
180 3
509 300
565 543
442 365
166 142
198 20
457 322
512 44
375 4
298 256
570 372
344 329
290 0
397 72
399 393
550 404
522 90
303 121
176 123
464 14
588 85
537 39
302 165
386 178
298 164
209 2
390 79
437 290
67 55
511 301
202 36
382 172
312 131
319 233
418 86
426 57
301 113
196 6
518 182
566 109
361 20
389 275
290 110
539 69
164 10
384 279
284 183
513 335
463 179
445 79
531 53
594 521
259 90
560 127
159 129
154 127
580 213
504 301
506 437
556 230
450 347
