700 2100 700 2100
297 201
227 68
490 474
648 21
544 25
317 115
693 7
496 363
233 87
589 231
313 273
604 299
651 9
558 129
447 413
687 464
585 419
483 435
464 351
535 266
384 63
606 219
218 42
522 482
588 81
453 325
471 258
572 90
311 41
564 347
487 2
539 267
253 134
67 44
391 369
86 16
693 431
521 196
594 547
655 599
279 96
689 570
585 409
539 116
307 284
429 288
210 83
485 145
619 173
619 515
455 370
51 36
589 28
526 161
340 216
430 196
376 152
443 323
426 294
493 77
393 113
220 63
658 175
508 496
258 50
101 78
601 120
625 142
175 116
498 117
669 586
267 183
482 43
559 233
484 352
683 54
281 27
562 131
401 211
671 24
238 132
50 47
540 66
359 17
661 504
629 136
447 94
591 298
429 251
560 539
435 276
569 113
608 246
289 202
622 110
610 424
653 315
621 515
438 351
181 156
244 34
328 13
363 64
347 272
457 310
521 392
259 99
346 106
317 219
274 257
349 168
664 457
402 77
683 17
538 51
408 20
439 2
667 579
646 524
270 189
655 108
436 292
584 414
511 399
487 57
585 148
446 38
618 209
681 499
144 108
660 151
262 74
259 64
661 174
645 317
164 82
665 220
317 169
313 235
493 110
447 271
142 62
587 549
511 438
177 112
532 516
515 391
423 94
673 494
483 208
581 176
476 26
387 135
495 46
401 21
252 115
90 73
240 120
427 56
647 123
528 475
616 442
644 570
638 148
377 179
310 75
674 461
321 316
460 211
91 2
551 300
344 269
658 487
557 505
482 263
185 35
681 496
286 283
511 452
663 592
673 586
299 137
693 404
569 315
444 153
592 481
175 123
563 128
626 236
369 7
497 108
624 489
690 266
682 377
182 106
437 243
476 237
489 142
208 96
540 218
506 284
585 330
692 366
657 174
416 7
400 78
618 26
588 145
688 447
432 76
584 475
363 80
598 225
459 153
273 109
444 405
325 25
130 54
628 610
559 425
513 485
384 336
376 4
655 115
388 116
156 139
645 505
458 118
310 193
233 219
469 342
468 9
671 664
418 396
545 212
199 99
145 120
675 216
476 352
460 17
578 31
667 152
317 232
530 372
660 235
285 223
696 74
597 335
668 197
128 61
434 26
475 14
625 33
357 351
378 132
610 578
365 358
506 12
205 203
358 222
628 53
654 342
357 147
215 123
690 38
696 257
286 153
57 19
634 274
499 149
358 51
680 133
656 544
270 215
558 13
646 14
687 503
651 399
635 525
280 61
301 215
655 133
596 506
619 573
564 386
326 93
326 274
507 18
600 507
144 64
158 14
466 210
505 386
472 429
451 243
618 466
614 277
211 5
692 91
533 188
521 403
530 237
692 307
665 347
622 100
238 131
600 120
432 290
242 226
349 297
151 105
377 190
373 83
370 176
628 229
488 267
544 16
526 405
340 233
350 4
462 349
246 53
690 41
309 261
577 407
631 221
546 9
495 199
580 402
333 261
549 160
22 17
615 81
672 378
530 438
624 55
613 178
393 290
474 149
612 407
560 306
395 198
240 86
346 304
543 140
372 237
136 58
335 238
578 146
318 58
642 513
627 88
486 418
509 391
630 477
588 191
420 246
464 13
374 295
474 119
475 415
424 383
632 521
494 259
677 158
629 39
568 319
649 80
693 193
412 346
365 323
439 230
544 74
444 88
179 157
639 504
372 113
195 179
442 96
504 236
366 8
466 424
317 76
266 194
262 28
583 419
319 256
500 66
569 242
589 334
599 574
571 131
145 142
558 86
536 498
565 51
643 417
187 89
412 172
551 347
552 230
513 117
456 0
679 431
443 276
604 349
659 598
671 290
369 346
698 312
290 268
695 636
487 449
293 32
633 181
639 360
699 583
457 316
542 142
633 89
650 419
630 578
363 238
480 57
391 341
578 152
621 312
125 12
441 301
543 468
573 140
639 47
659 339
424 307
402 148
384 315
296 166
425 291
552 48
615 591
310 65
468 44
516 257
539 225
503 240
658 52
466 298
218 11
571 164
623 377
469 305
516 424
609 272
554 312
542 309
396 111
254 215
677 208
412 181
478 383
667 105
486 459
339 105
427 270
311 21
432 23
617 412
69 23
695 37
406 16
595 514
113 57
550 108
629 576
222 193
426 210
341 282
649 325
303 200
589 325
231 174
525 84
618 364
641 388
659 231
454 439
600 486
502 477
621 437
555 132
220 169
572 266
321 97
522 119
593 183
517 222
233 20
308 253
254 196
234 127
565 185
586 92
474 70
216 20
657 531
692 164
409 245
25 6
655 513
514 141
482 61
289 166
609 235
278 46
327 98
604 151
303 4
503 76
236 203
663 467
642 537
184 29
186 71
540 113
668 169
532 366
232 90
637 331
124 106
138 79
567 397
384 162
417 395
670 201
578 32
698 457
698 268
368 85
561 359
402 387
674 141
423 299
644 558
406 296
488 48
680 235
244 68
683 440
236 11
661 476
525 363
422 339
429 418
661 524
621 406
84 6
679 38
279 115
252 18
585 521
695 397
578 255
561 503
591 241
675 660
41 1
692 688
675 635
127 120
420 235
244 131
133 116
538 367
580 101
688 176
361 95
476 426
80 74
391 169
523 65
224 138
81 22
419 268
586 510
361 328
695 472
645 478
468 214
652 306
309 147
696 191
651 169
387 270
251 77
174 170
502 78
119 95
264 39
649 49
563 231
294 30
660 474
409 96
618 121
105 14
328 5
686 269
590 247
445 28
230 206
624 255
568 174
139 64
435 267
229 200
131 114
274 123
230 224
407 286
386 270
624 434
393 81
363 339
529 156
517 215
468 313
549 55
301 206
517 279
607 53
517 367
430 309
392 322
503 179
685 559
398 117
580 497
516 235
239 100
565 248
501 207
680 647
373 351
497 355
588 140
672 325
677 15
395 354
364 54
580 263
403 337
333 155
131 118
400 371
362 84
191 166
434 20
497 293
537 386
626 440
148 76
247 151
477 179
539 183
688 352
276 135
409 364
659 308
383 101
267 26
694 531
578 92
468 203
630 550
349 278
651 380
527 500
278 219
296 237
665 526
400 169
461 250
430 357
482 332
679 105
653 144
692 195
451 59
190 137
563 184
683 573
693 247
505 59
661 209
519 118
617 208
453 308
558 525
623 416
170 5
371 134
216 193
382 318
154 122
490 419
358 335
602 189
129 36
576 472
699 504
670 668
637 289
530 347
498 303
325 78
470 184
603 581
625 317
686 343
456 380
319 37
633 463
205 51
645 165
164 4
537 298
668 202
594 333
640 366
601 116
646 221
514 102
483 225
578 560
560 208
41 0
661 92
540 47
540 431
475 234
213 138
281 61
467 75
237 235
460 16
266 109
345 300
594 221
679 596
599 7
563 419
409 204
367 235
584 417
593 66
513 365
489 91
250 90
227 217
674 122
663 21
566 296
455 118
552 13
645 135
423 135
668 557
408 92
513 492
554 390
658 512
370 280
364 296
568 379
439 424
695 196
691 214
648 191
667 33
581 422
344 327
321 3
457 343
470 223
573 77
606 39
499 290
553 74
460 15
68 19
521 99
647 144
584 198
285 39
386 274
389 72
691 680
668 362
595 580
343 156
653 598
516 232
595 583
395 79
375 179
460 60
599 81
669 604
502 82
260 218
315 103
443 178
493 259
309 275
369 33
559 198
510 6
683 196
409 395
588 42
694 205
528 449
597 140
565 139
363 203
612 367
480 203
581 259
577 42
227 182
429 8
248 208
670 596
375 233
405 330
171 95
515 490
317 86
459 70
256 43
415 372
556 336
573 300
674 231
323 76
676 603
665 156
539 451
494 246
550 488
82 4
429 379
326 182
531 125
505 242
550 26
363 242
225 71
489 98
562 198
634 560
674 428
583 257
250 228
80 9
330 136
441 8
523 263
644 166
543 521
505 1
510 422
448 298
518 413
669 468
540 416
602 276
535 198
226 170
684 562
564 478
285 111
430 21
695 184
381 293
363 334
521 240
392 162
160 157
334 15
559 283
524 301
645 504
625 147
576 300
433 396
368 10
361 177
659 202
289 44
615 251
604 439
436 125
335 44
253 243
659 156
547 434
303 128
210 134
644 143
541 478
602 15
565 509
584 107
691 40
470 172
647 630
408 308
496 377
473 67
690 29
596 439
515 21
140 7
387 9
641 365
205 47
622 545
639 211
690 461
491 103
624 348
335 161
635 626
625 80
353 15
339 213
563 272
548 315
326 155
204 169
112 61
559 0
534 71
322 171
611 586
66 19
322 263
698 121
491 362
666 620
682 201
653 258
254 75
663 130
405 332
534 347
618 526
397 12
554 361
529 331
418 279
214 178
633 420
537 39
258 216
366 353
670 253
244 231
457 421
641 132
284 100
668 663
553 199
574 413
579 103
542 51
381 349
537 211
404 92
558 296
516 148
648 380
669 115
524 508
515 26
414 302
368 290
410 73
641 609
600 397
393 28
359 37
592 99
697 487
404 316
186 177
349 228
158 25
558 282
490 194
650 402
234 221
636 240
512 208
300 203
206 180
317 275
529 311
508 425
288 99
514 103
418 12
570 56
523 313
404 205
462 125
536 470
429 26
361 93
689 323
571 434
526 479
319 221
581 503
637 302
598 566
489 350
548 94
214 3
611 574
528 107
581 199
678 89
622 383
128 39
93 45
429 355
517 33
406 176
250 230
364 45
573 381
417 351
393 203
308 60
386 174
436 346
467 67
466 188
511 496
675 549
135 120
481 29
568 252
294 91
365 297
683 598
461 305
393 30
187 30
408 138
667 60
553 368
634 592
279 119
270 186
525 357
356 46
603 598
164 98
306 286
638 92
377 220
270 216
645 630
501 148
658 223
457 301
572 104
609 310
559 21
571 338
596 534
537 31
290 115
280 167
574 153
492 329
276 263
483 78
698 345
463 419
591 470
92 53
360 251
523 395
346 20
128 26
355 325
667 280
668 570
224 133
163 53
670 406
109 45
508 23
678 340
580 396
391 48
474 246
559 372
246 101
665 615
424 401
649 283
531 282
540 270
538 261
482 131
498 186
695 329
140 81
678 101
612 180
513 200
258 105
650 153
259 52
684 616
531 129
399 240
403 142
215 196
580 336
583 513
475 82
333 276
395 251
75 70
472 375
633 329
615 433
419 59
682 363
517 303
304 277
384 280
609 542
381 89
104 27
637 568
365 27
371 242
669 338
561 63
127 94
644 325
612 249
385 107
522 466
371 232
543 239
642 123
574 114
326 300
475 474
464 233
529 508
676 444
608 249
450 339
604 200
576 474
547 383
515 422
97 38
381 44
503 318
392 130
190 46
271 219
421 146
646 304
617 173
264 224
580 335
163 148
556 102
259 154
678 566
622 305
495 253
236 80
565 496
600 548
484 284
620 322
621 440
527 323
296 252
540 250
365 18
641 275
451 412
695 377
378 240
658 75
552 38
577 115
504 185
682 490
307 35
611 242
336 127
459 281
667 291
621 242
586 480
590 163
538 517
328 10
263 61
367 282
692 417
613 123
699 570
667 292
622 60
637 77
191 40
422 132
200 14
601 298
610 219
693 592
659 284
285 3
650 494
619 297
656 318
477 101
156 75
643 633
361 202
353 149
681 248
504 470
518 152
229 102
508 59
660 478
184 130
170 10
648 188
498 6
468 375
612 147
402 275
563 438
616 419
687 489
647 28
454 393
648 584
676 294
693 358
277 75
613 500
586 507
446 16
642 489
699 237
629 82
552 125
650 465
461 190
416 229
464 403
113 103
664 290
448 308
265 6
172 148
476 345
640 475
508 95
600 361
549 181
393 134
537 461
266 179
264 165
415 99
317 210
690 5
325 181
437 387
374 77
598 27
205 89
515 218
576 10
572 40
500 217
398 92
181 0
679 347
634 236
342 174
501 72
277 235
509 411
373 229
644 482
586 221
408 192
667 576
599 288
134 18
617 378
587 259
587 279
477 74
529 19
576 41
449 222
358 223
330 203
678 146
675 333
492 105
511 237
44 1
655 271
529 521
345 294
514 336
289 102
526 77
566 108
598 584
472 93
581 82
429 58
75 53
496 77
615 548
212 203
461 347
536 249
669 281
322 279
691 386
315 242
611 85
689 434
392 126
259 223
414 229
357 168
686 451
692 533
364 277
524 445
96 14
671 144
129 78
472 69
650 323
562 100
670 655
629 513
666 418
381 235
667 304
672 507
479 114
495 170
277 209
420 60
243 14
623 304
543 316
620 257
624 319
536 240
365 199
637 166
695 319
589 82
465 122
592 523
623 536
671 307
577 0
324 37
534 481
673 408
317 286
450 282
667 23
562 421
580 358
370 342
503 454
542 433
346 156
305 288
698 262
690 386
258 241
679 662
307 141
554 200
500 424
655 26
638 249
439 34
138 59
611 604
535 189
546 241
374 35
275 259
113 52
651 48
672 668
360 116
211 201
226 207
128 72
594 498
666 268
626 399
650 616
565 183
421 338
185 30
571 570
210 35
487 139
351 67
447 317
478 84
491 155
379 145
438 270
99 68
455 156
456 340
191 144
673 300
526 227
655 71
685 97
560 293
609 585
676 71
372 98
655 87
509 27
490 100
653 168
548 222
677 479
301 278
450 104
663 384
636 254
678 207
201 83
677 93
579 41
492 89
328 37
493 277
394 263
408 47
328 162
241 203
424 204
653 131
692 306
161 129
254 76
295 15
392 312
675 588
547 154
618 35
320 2
390 11
282 44
196 171
403 18
444 42
353 95
642 91
446 387
684 209
40 27
167 71
531 66
698 278
696 526
600 423
699 179
548 527
359 171
647 204
535 447
238 67
625 336
528 454
477 133
614 442
384 213
515 382
485 164
199 12
620 144
512 252
427 332
90 74
333 293
197 57
664 407
452 361
648 71
440 55
344 63
171 122
528 485
202 152
311 129
302 225
377 317
496 259
425 231
553 134
587 468
273 87
495 251
663 662
657 273
484 420
550 249
476 456
623 52
439 297
459 419
604 343
228 12
697 655
398 213
171 152
108 35
193 13
411 45
500 80
627 70
499 17
425 7
458 291
482 441
24 17
620 344
696 650
645 301
186 128
130 2
614 251
216 179
434 320
698 293
651 600
436 362
494 212
597 437
320 312
544 111
500 280
259 212
537 1
607 175
622 53
221 207
523 468
389 157
657 566
561 341
436 50
71 63
188 29
441 135
461 452
442 39
646 126
306 269
399 385
427 83
632 150
648 424
303 123
674 181
484 455
579 64
238 151
449 44
544 380
688 147
245 222
612 268
676 448
615 440
696 182
355 248
665 322
668 610
645 363
510 477
672 634
348 169
553 497
630 401
623 151
355 223
356 349
544 314
467 174
638 105
149 84
661 649
117 86
570 535
267 37
397 106
279 104
613 170
569 180
668 255
679 239
600 128
615 563
321 272
575 258
672 331
400 96
294 215
195 5
333 301
698 531
524 257
357 165
480 299
614 236
655 392
525 140
607 494
665 561
544 150
484 457
551 315
355 213
285 240
610 554
583 555
466 449
169 30
373 343
240 26
383 53
621 546
647 373
465 91
506 473
302 168
453 76
418 82
372 30
669 299
487 121
547 227
322 235
487 330
618 141
179 62
453 402
524 377
331 203
608 310
654 607
536 227
453 97
296 268
488 41
455 269
610 362
269 227
534 316
276 73
535 388
227 121
514 260
534 206
294 116
457 332
293 207
529 456
654 407
597 117
205 110
468 326
669 625
583 457
527 24
571 466
657 283
302 17
629 437
245 156
289 242
424 29
568 21
219 43
649 368
631 420
612 312
614 119
545 272
379 229
476 33
102 33
178 8
424 3
582 513
246 200
620 526
553 420
491 149
659 492
553 53
563 547
549 282
684 578
112 23
615 43
697 506
350 174
680 198
566 221
510 371
681 236
519 389
292 26
551 19
328 301
337 170
590 132
625 84
696 379
484 230
654 277
597 307
273 249
113 53
280 251
521 64
497 191
217 122
343 305
352 13
307 58
475 161
587 375
182 165
499 393
562 402
227 126
565 365
200 100
345 29
577 328
639 445
295 126
542 45
313 213
465 97
408 295
515 155
376 268
408 240
265 148
545 460
556 131
618 313
326 56
688 406
426 271
675 395
616 42
164 148
284 10
355 214
606 233
693 657
571 433
686 600
636 374
236 13
631 552
297 261
255 189
562 539
568 47
647 259
564 218
525 270
111 50
530 523
553 60
201 166
686 527
336 155
662 213
486 203
481 173
497 150
324 14
555 115
641 114
674 200
638 113
336 144
299 196
192 54
461 93
548 236
576 34
494 332
441 37
366 52
197 4
208 79
401 242
423 354
608 93
510 249
342 77
104 87
301 233
405 294
403 247
353 351
100 38
683 357
439 379
559 179
336 52
213 190
679 173
430 27
441 329
261 99
656 63
648 50
688 296
233 30
415 158
689 582
382 12
233 180
538 492
391 302
361 55
341 77
494 159
335 298
631 515
503 218
243 214
393 32
460 250
125 78
690 588
622 537
554 204
420 74
344 132
577 69
111 73
682 305
391 22
163 121
382 235
323 220
263 21
419 108
58 6
305 60
578 399
605 156
361 201
500 90
543 217
415 216
405 366
437 247
668 324
428 366
566 226
671 101
540 89
576 81
526 132
580 138
433 248
421 21
508 164
568 460
412 74
692 297
505 418
419 271
415 146
574 11
693 500
103 76
192 98
628 36
173 95
480 163
440 203
424 233
342 146
261 24
608 8
83 36
668 90
521 209
566 152
697 49
582 3
466 284
570 201
692 144
566 169
265 102
671 266
638 132
664 223
494 4
283 44
294 169
678 677
657 579
559 298
472 428
266 220
289 200
456 363
635 357
582 463
280 276
554 337
679 208
517 287
334 52
347 57
695 537
577 516
563 437
670 125
460 254
557 349
672 234
659 160
677 328
536 180
657 98
504 116
381 272
509 317
536 267
589 406
190 180
408 242
632 255
218 88
326 60
393 142
410 27
173 17
313 12
382 39
446 418
398 34
661 400
343 276
321 196
406 259
660 124
619 373
275 42
338 32
606 54
669 294
553 513
564 554
130 117
207 15
694 149
404 88
508 218
693 639
503 426
271 242
208 179
463 386
407 91
584 388
692 621
537 25
205 14
173 25
117 69
280 255
343 218
510 15
447 124
526 525
185 96
502 339
482 472
356 163
515 206
438 257
374 332
673 495
572 70
623 62
352 220
600 249
102 38
114 61
448 69
45 40
581 145
527 279
353 144
640 539
525 375
585 88
144 122
581 171
137 18
37 33
487 430
537 158
339 139
530 81
398 381
464 460
256 222
374 365
229 86
600 568
314 25
611 599
313 214
450 228
278 200
591 454
74 20
646 388
518 44
672 169
187 67
658 601
219 49
175 67
649 571
119 32
527 191
480 435
505 380
550 281
685 278
561 560
657 320
601 41
521 519
655 496
357 71
534 440
673 82
278 237
32 23
504 291
205 29
333 230
640 221
447 318
245 140
603 61
35 14
167 95
121 69
212 67
611 609
689 200
256 83
671 322
637 355
665 263
512 46
273 64
485 432
665 217
538 503
588 293
634 559
432 190
620 426
337 30
570 246
273 253
473 271
605 571
466 397
541 432
196 77
452 357
551 334
433 15
152 138
698 345
511 153
524 279
595 350
559 132
397 333
444 343
448 285
459 105
482 125
646 112
274 79
359 354
683 682
675 649
450 271
397 351
530 106
502 13
601 175
432 82
400 255
605 263
535 513
689 92
189 95
324 25
466 277
396 378
279 205
664 194
515 56
604 171
611 167
681 160
495 296
248 44
665 461
667 165
536 380
540 183
269 263
193 1
602 426
327 119
559 231
477 245
487 295
224 15
330 83
690 149
591 56
363 96
360 201
649 221
285 177
432 192
62 47
539 64
361 87
304 196
637 283
215 142
463 431
137 93
640 384
247 125
693 585
489 312
436 231
474 168
191 38
424 31
686 445
415 358
443 277
339 201
657 470
560 196
471 302
642 544
333 113
519 400
82 66
560 254
488 393
383 37
593 375
675 450
507 149
630 21
499 470
450 104
357 135
521 467
423 108
171 116
222 18
612 253
302 204
623 96
573 300
691 364
675 359
668 214
643 235
696 592
543 491
495 213
533 314
526 355
97 12
420 378
571 196
557 274
269 66
345 106
335 134
359 36
398 178
180 179
337 193
667 574
509 185
631 25
173 159
339 338
428 110
611 335
600 345
366 24
517 468
684 640
436 233
626 68
405 194
665 133
208 127
475 365
672 219
438 145
608 331
463 456
669 320
240 189
699 547
29 24
504 185
101 99
243 28
401 336
126 101
668 281
465 107
443 216
539 333
364 51
312 262
581 375
648 632
393 242
507 139
486 76
566 548
362 154
613 143
290 127
301 199
619 293
668 178
569 361
450 198
404 125
408 323
665 538
668 171
691 173
50 38
447 412
608 581
304 268
436 372
536 167
374 85
484 2
588 218
192 130
508 310
546 392
466 256
624 581
626 339
539 342
678 4
532 430
666 659
324 167
104 50
627 539
166 25
609 284
567 455
644 430
515 498
532 282
438 198
515 256
562 474
144 135
637 348
519 385
633 362
488 65
696 412
572 340
550 52
436 252
589 423
423 370
427 216
485 269
600 556
338 198
379 224
423 291
134 74
337 240
342 271
152 116
507 228
517 390
587 151
473 296
630 575
657 396
90 34
578 269
667 194
403 303
696 44
529 137
687 174
667 439
621 274
652 394
611 455
170 77
494 420
545 212
353 248
458 427
691 667
618 36
686 366
489 29
343 233
681 616
457 302
218 12
634 586
507 459
576 52
227 71
382 164
442 49
67 22
635 375
687 85
379 148
640 542
523 132
620 147
619 151
561 488
100 51
429 60
92 25
594 86
511 400
497 348
656 246
587 9
628 39
685 506
636 633
696 621
520 214
495 362
484 63
673 196
563 287
184 112
150 106
479 174
690 175
46 26
425 13
359 17
290 5
662 322
573 49
667 539
206 32
123 101
265 202
697 456
307 246
502 280
647 237
264 139
488 302
353 62
482 459
530 261
608 357
293 260
624 307
490 82
417 408
654 158
414 172
696 445
619 80
675 225
455 251
595 283
237 39
650 71
484 7
290 151
500 198
672 332
421 165
670 578
327 40
316 235
665 375
204 56
417 58
393 249
78 44
384 214
345 104
686 311
540 496
611 175
560 243
477 296
606 314
525 455
172 141
599 451
225 124
500 249
680 215
442 250
561 207
659 379
555 127
609 450
326 301
621 35
262 102
198 183
641 208
534 343
574 144
690 291
229 117
583 528
454 345
683 496
327 173
540 459
165 131
592 331
537 406
398 396
484 208
652 353
565 402
571 63
415 71
359 178
463 347
477 120
102 90
298 2
163 111
560 74
257 215
316 132
568 391
660 330
195 0
475 451
174 119
626 233
658 479
631 105
236 103
427 343
504 44
394 175
265 12
363 27
451 405
235 113
576 535
412 8
646 428
631 588
449 359
547 265
695 139
31 16
660 279
630 299
677 642
463 271
487 427
645 225
636 38
632 120
603 339
645 365
536 488
135 0
627 463
443 398
559 83
334 39
532 166
511 170
444 24
135 124
254 208
536 27
551 419
371 116
327 211
689 682
257 131
177 160
382 317
382 112
541 115
265 38
293 44
335 220
682 634
504 287
148 63
470 12
370 273
318 177
486 79
613 361
111 35
555 439
396 324
615 39
331 310
502 196
207 187
452 332
639 307
434 251
326 34
518 103
604 132
611 95
669 442
528 333
545 75
547 155
673 267
224 211
359 231
513 392
173 35
532 216
382 304
595 143
82 28
404 109
296 243
460 206
349 150
682 412
388 17
479 137
604 394
289 249
423 384
509 95
433 110
216 117
675 229
433 34
608 288
286 73
413 260
662 457
664 246
339 239
383 274
531 439
342 10
350 66
366 222
324 144
386 345
375 347
475 182
371 65
323 321
267 166
402 214
592 2
328 303
65 14
608 579
454 75
310 94
440 399
657 362
590 229
637 493
242 100
439 221
651 140
676 11
359 5
698 127
166 140
526 280
145 58
332 93
681 4
510 454
438 396
186 118
464 296
527 5
198 71
327 148
376 306
478 293
153 47
505 476
531 450
635 462
396 159
440 367
329 181
457 55
531 73
664 492
686 671
629 323
441 343
688 645
617 611
600 231
588 101
556 324
696 411
409 26
378 272
403 309
269 119
635 382
644 486
571 534
497 487
225 15
415 190
453 259
602 147
425 114
600 229
503 473
448 9
276 221
691 158
416 107
488 38
225 164
437 299
552 168
693 307
336 243
644 564
295 206
92 40
286 252
571 191
242 78
641 109
420 81
610 111
542 302
451 312
527 494
490 54
677 354
595 258
598 422
361 304
532 404
683 111
681 326
439 231
519 332
446 302
384 372
683 8
413 71
425 32
168 161
343 314
571 234
695 479
383 184
652 56
479 282
592 360
211 139
235 121
390 88
431 278
67 31
575 303
640 147
335 222
541 129
485 62
368 190
162 144
687 306
322 40
496 312
154 31
529 131
686 486
432 258
283 30
593 380
410 51
529 401
568 539
504 128
659 200
370 92
600 296
464 153
477 409
485 303
614 473
567 467
664 253
445 6
568 479
152 132
617 487
619 85
597 476
562 127
290 106
601 159
639 303
472 53
694 130
316 38
586 477
582 521
679 538
541 523
504 438
393 74
243 87
193 192
175 160
144 12
514 328
507 440
503 467
112 50
528 33
259 101
525 18
502 421
607 375
272 82
64 0
488 283
414 48
692 46
639 507
553 406
233 39
321 257
692 474
473 292
395 362
486 443
459 322
588 375
639 68
302 251
595 289
637 39
180 168
296 171
543 159
201 4
486 318
603 120
360 134
415 390
555 386
688 350
260 82
220 173
394 65
451 264
642 380
399 346
666 300
433 173
531 119
373 212
566 536
257 59
429 194
429 321
433 206
646 530
205 81
460 273
203 156
347 50
254 172
275 89
451 270
322 7
120 70
576 482
689 679
670 152
561 135
535 331
680 200
562 297
373 159
698 72
659 401
92 34
202 57
430 411
286 134
398 329
559 229
234 65
191 54
598 168
590 341
607 232
628 550
436 21
656 230
209 116
548 131
372 304
403 192
81 23
615 573
581 421
138 87
646 274
251 173
652 633
382 72
622 582
270 146
222 10
346 94
208 8
624 408
236 1
630 360
601 65
117 107
498 60
635 511
497 70
261 127
678 522
558 124
400 158
617 550
204 55
653 477
318 225
684 411
692 25
316 20
575 244
259 251
526 453
560 124
431 314
456 93
605 372
542 31
416 348
662 632
575 455
575 456
508 403
576 329
637 629
375 221
373 180
391 311
570 288
482 408
650 131
300 222
613 584
543 72
596 528
692 225
587 484
670 392
624 521
610 8
599 588
399 375
209 166
640 274
187 36
510 123
632 135
675 149
667 46
679 386
169 39
245 205
690 22
660 398
691 305
670 320
679 35
122 43
555 0
389 263
122 89
466 309
280 246
310 266
52 2
633 249
521 57
635 550
575 424
643 299
140 90
460 421
619 273
535 46
447 47
633 65
538 356
617 411
644 529
333 219
294 233
209 102
364 275
412 236
550 268
563 165
524 172
511 228
681 615
622 395
454 346
414 149
32 5
234 225
615 1
453 44
575 147
351 27
550 329
650 249
596 242
672 2
507 479
461 441
252 211
656 334
318 48
183 64
508 412
544 460
283 248
202 168
641 546
354 1
232 123
572 449
674 594
563 295
407 35
455 201
297 152
515 202
617 42
562 394
556 432
400 311
491 108
407 150
185 47
478 446
647 251
451 257
664 105
365 338
469 254
382 49
318 235
264 263
530 301
608 65
448 152
154 152
482 97
492 288
609 561
162 37
325 93
621 295
693 151
456 276
672 420
405 124
545 517
321 114
552 307
576 515
250 87
592 38
425 391
446 111
625 101
425 138
201 35
685 673
635 69
589 85
258 175
568 10
388 339
635 236
403 269
574 402
305 252
660 379
387 266
419 237
651 196
667 42
518 85
652 79
387 10
357 229
505 499
194 80
235 210
623 413
270 93
251 91
435 323
617 102
589 131
699 287
653 337
524 119
620 5
458 328
460 406
521 416
624 328
517 348
318 107
542 256
475 402
411 214
498 442
156 72
347 38
470 314
615 164
308 247
582 410
586 58
634 262
656 609
556 347
516 482
274 155
402 130
528 54
401 33
460 183
505 437
649 616
660 351
389 150
485 66
385 256
630 145
480 256
678 633
642 87
393 317
123 11
628 476
619 169
599 102
394 85
642 234
586 260
613 271
362 93
590 304
405 27
462 119
641 113
565 564
26 2
590 490
531 68
423 393
135 119
610 381
262 148
445 159
597 86
532 350
668 359
469 201
406 17
517 469
611 291
523 480
574 348
640 151
443 146
228 196
316 236
568 55
297 219
371 283
465 460
319 252
41 20
340 210
619 418
475 222
526 238
172 24
326 89
143 30
611 511
323 12
532 107
348 91
438 374
330 136
671 72
698 581
367 346
542 116
384 312
699 288
552 144
696 214
618 567
492 208
673 532
633 263
536 432
520 509
484 137
547 402
606 573
269 138
595 444
441 235
449 217
372 65
293 145
658 320
439 332
603 295
225 132
686 404
480 196
657 123
634 412
477 79
693 292
633 196
696 141
641 196
181 31
43 7
548 268
660 608
300 196
371 40
255 247
417 264
291 59
453 360
476 238
413 53
653 642
397 313
631 590
337 267
505 291
632 249
267 250
515 246
413 387
679 309
597 30
359 234
605 457
696 345
625 459
621 336
350 82
689 422
656 176
612 152
537 522
333 259
611 118
635 315
535 75
356 134
514 135
674 536
405 289
437 178
379 223
380 60
383 270
697 407
591 15
663 163
275 51
660 317
523 436
545 343
272 214
21 9
368 37
666 630
405 163
415 283
303 151
609 272
551 54
276 84
489 273
601 54
177 138
540 468
561 356
565 9
478 343
282 231
500 468
248 172
136 35
503 1
646 192
611 229
480 184
381 13
71 37
208 128
248 11
626 446
433 51
655 394
402 178
644 420
550 461
485 169
476 269
549 300
309 43
140 68
219 3
148 54
391 305
294 96
592 403
503 242
679 359
629 425
291 213
536 183
543 365
36 30
369 292
511 292
306 254
275 143
433 19
215 95
526 167
474 111
386 374
678 237
589 425
680 364
564 75
322 135
647 577
467 361
622 99
141 121
414 151
590 363
389 264
683 296
611 423
669 191
141 15
662 440
620 72
259 148
158 75
511 109
314 45
314 250
651 523
673 610
358 55
260 63
604 533
534 277
682 678
287 52
284 119
480 289
433 117
438 379
435 413
196 10
628 88
611 125
271 126
685 16
665 415
197 70
96 22
324 256
291 169
297 71
248 190
562 429
508 273
546 80
624 16
681 299
534 501
522 224
626 24
656 103
497 415
541 0
411 6
645 342
571 483
334 305
440 32
180 77
278 176
526 343
679 65
563 355
639 247
270 78
91 12
292 104
628 138
583 2
449 367
596 226
595 411
544 373
454 327
676 488
503 472
511 148
176 140
102 18
509 366
439 256
425 196
538 41
359 235
31 17
622 581
670 488
628 213
163 8
293 290
588 149
652 85
494 139
508 121
610 221
396 37
536 46
434 255
285 223
604 177
225 5
416 317
459 40
487 350
686 682
301 154
443 318
470 323
161 141
553 527
537 507
152 1
640 96
386 323
402 290
678 249
490 276
541 45
530 252
130 107
377 205
483 109
562 264
433 301
13 2
253 46
292 97
166 161
524 426
247 104
531 198
644 208
220 133
294 186
538 50
677 573
615 51
409 298
583 109
446 239
459 323
597 538
457 65
549 295
447 218
653 246
510 203
381 339
242 8
453 156
524 102
642 30
104 88
605 397
391 307
211 85
326 175
647 208
406 314
544 19
528 36
462 215
683 187
345 277
599 97
655 547
552 343
216 155
366 330
630 17
126 24
641 64
377 316
199 198
180 13
656 287
520 454
397 103
482 406
551 31
268 6
501 87
606 600
501 267
403 133
631 208
36 27
682 671
399 45
629 351
612 84
689 168
495 450
564 22
571 549
564 274
401 332
688 503
451 96
500 498
418 182
359 19
102 51
213 172
297 80
493 63
373 269
687 358
479 425
699 202
689 637
580 128
633 324
382 33
358 67
369 41
650 510
445 134
265 82
550 388
157 75
683 156
274 113
609 201
212 2
627 196
574 11
405 139
262 237
581 292
647 513
546 460
196 190
516 283
56 39
145 115
156 149
352 258
368 229
649 388
634 429
510 47
116 23
582 259
619 489
227 83
498 98
512 302
678 514
666 598
654 52
342 310
609 134
520 249
695 601
531 233
397 369
76 31
301 212
604 494
166 94
559 240
129 117
457 71
638 125
313 182
683 236
679 657
696 610
671 168
626 144
562 184
624 124
494 446
503 406
545 311
249 208
308 10
649 293
366 175
251 69
284 30
689 419
256 253
596 295
579 346
627 148
522 210
430 220
357 202
506 226
448 23
653 425
657 109
653 381
563 254
380 205
531 475
120 12
495 20
681 518
608 89
587 456
548 511
258 82
244 158
368 322
454 254
188 93
250 158
663 256
418 365
610 535
396 274
121 117
204 89
215 104
253 143
511 358
686 616
433 30
199 71
346 184
542 135
287 98
571 367
381 252
305 205
685 674
578 2
412 361
670 200
616 512
606 587
355 107
673 92
465 363
399 19
340 267
405 60
585 55
688 227
538 397
644 192
474 395
537 252
692 454
628 413
207 166
235 7
659 232
431 391
297 279
541 512
413 261
622 125
418 174
621 287
267 129
441 260
676 282
692 168
344 116
682 264
641 381
447 344
443 234
647 489
586 36
521 96
548 488
353 96
695 279
279 176
631 355
605 514
632 27
531 303
333 136
656 32
594 95
642 469
576 204
159 48
649 115
78 38
133 87
380 16
665 364
405 137
291 152
566 44
577 465
646 405
555 525
693 76
107 13
461 120
672 201
571 378
189 164
176 60
629 265
365 278
622 618
553 222
434 329
483 113
178 173
696 558
608 29
585 483
565 180
629 529
267 252
302 96
281 147
658 586
433 123
479 404
287 197
466 44
466 26
482 435
278 37
608 420
524 229
674 182
185 63
623 359
637 58
652 180
236 172
434 164
631 310
697 543
426 289
327 178
115 23
632 28
475 199
503 485
254 0
587 69
439 152
531 448
337 22
651 301
486 153
698 241
536 164
663 69
655 467
420 178
567 97
535 215
668 455
648 246
602 470
674 466
618 234
561 298
367 183
530 490
624 621
517 460
519 128
402 69
198 62
482 230
689 187
600 412
542 178
372 55
695 417
157 51
528 239
185 124
575 444
363 188
118 33
613 506
468 30
255 248
642 167
498 197
428 403
547 129
524 59
441 407
602 301
368 340
423 229
697 537
559 556
683 63
625 25
385 284
625 58
696 367
204 64
109 53
690 464
612 149
487 436
680 372
686 667
653 382
128 7
293 4
146 34
603 442
521 256
655 493
499 151
249 130
504 144
363 129
366 337
350 287
254 251
693 275
618 334
607 42
420 88
532 271
143 50
308 265
355 39
666 424
657 440
526 493
336 323
311 124
448 25
463 253
192 120
488 143
367 229
420 362
543 94
383 381
331 318
490 14
678 569
330 312
293 205
613 153
321 124
690 544
661 338
513 51
301 208
525 195
474 90
622 378
396 104
581 255
470 111
620 369
451 347
556 452
547 433
565 232
527 72
549 340
285 140
527 506
193 30
500 38
160 38
470 32
440 365
289 108
318 61
419 380
506 382
610 104
559 334
596 190
578 319
205 202
281 201
674 510
578 285
577 469
420 236
465 344
589 498
491 295
632 562
354 63
650 465
663 573
562 382
434 209
416 358
412 218
340 105
588 107
342 62
630 440
134 131
491 424
397 278
427 424
622 64
406 101
519 384
548 429
189 159
364 301
544 394
582 580
255 133
263 213
167 79
629 431
191 52
274 211
361 10
555 364
329 21
322 19
624 96
675 314
199 95
228 182
222 196
437 98
383 353
448 64
554 9
562 356
457 292
443 315
369 249
171 157
189 81
186 70
445 47
361 79
243 162
552 167
468 159
662 531
409 17
284 276
489 365
559 236
599 148
380 127
585 376
386 186
507 369
649 525
470 303
694 363
614 277
229 210
336 128
400 383
189 94
478 363
603 203
543 401
699 215
564 225
663 477
624 564
456 185
655 290
273 143
587 149
422 148
431 203
466 155
251 113
172 30
605 568
276 157
599 76
641 415
481 121
550 322
378 177
605 116
535 74
243 126
182 80
490 464
676 301
505 154
681 649
606 177
580 418
370 47
88 86
348 298
564 345
397 343
398 327
361 281
546 260
595 284
321 259
274 182
536 45
694 656
574 157
347 252
576 450
534 42
619 170
563 384
672 542
500 240
139 20
651 304
120 8
633 587
257 24
282 21
294 148
498 413
674 489
541 234
535 504
692 35
481 184
302 44
525 192
505 379
608 162
273 242
355 111
243 186
473 70
485 247
403 165
350 171
476 144
456 356
579 417
451 386
309 145
588 234
216 37
493 487
390 256
459 29
264 50
363 52
687 620
695 198
233 208
486 338
508 364
330 24
400 341
331 328
595 557
439 392
509 336
631 301
661 304
695 296
410 379
284 236
620 66
666 573
453 287
21 3
697 441
251 4
511 23
667 189
176 108
673 389
655 639
566 171
322 289
660 39
697 556
689 146
603 396
629 312
501 58
344 224
617 145
626 31
480 378
435 348
632 617
572 301
485 325
511 76
597 50
402 229
460 122
395 286
607 268
288 156
608 496
646 415
154 104
549 309
687 610
534 15
666 273
257 209
651 300
215 125
420 303
596 459
353 216
527 498
678 417
605 297
138 89
653 194
425 144
250 213
315 241
