950 2850 950 2850
297 201
227 68
855 568
795 658
544 25
940 431
693 7
934 364
799 33
589 231
313 273
708 277
724 548
558 129
447 413
882 369
777 742
805 608
464 351
535 266
384 63
827 206
218 42
522 482
834 188
738 50
747 416
572 90
311 41
742 699
487 2
803 157
906 143
67 44
391 369
846 671
693 431
729 450
934 126
904 465
279 96
821 341
585 409
539 116
810 687
429 288
210 83
485 145
747 579
792 435
743 476
51 36
876 218
526 161
340 216
854 57
847 28
443 323
944 496
493 77
943 386
899 630
769 80
508 496
949 728
906 602
601 120
760 729
938 639
927 312
858 725
267 183
893 284
703 340
900 665
683 54
281 27
562 131
763 337
671 24
752 205
933 109
540 66
758 604
661 504
933 632
447 94
932 607
929 282
902 754
880 84
756 246
608 246
943 84
728 542
610 424
918 525
908 719
848 267
181 156
244 34
816 761
812 796
347 272
457 310
703 626
869 22
700 192
317 219
856 697
349 168
854 709
402 77
759 676
919 843
408 20
859 670
667 579
757 200
270 189
786 169
819 612
890 188
511 399
786 329
859 350
446 38
927 643
681 499
144 108
660 151
774 309
833 275
841 224
645 317
164 82
781 509
881 180
761 265
493 110
447 271
887 290
587 549
745 132
177 112
532 516
939 782
860 588
673 494
483 208
908 434
922 724
387 135
762 116
401 21
784 486
908 644
240 120
879 174
647 123
528 475
747 145
873 576
772 315
377 179
803 99
788 417
800 376
784 753
749 708
907 165
344 269
658 487
557 505
482 263
185 35
855 642
286 283
703 120
663 592
673 586
299 137
723 703
759 101
844 301
924 127
175 123
563 128
626 236
819 294
497 108
624 489
850 494
682 377
182 106
437 243
476 237
701 279
208 96
729 579
873 204
948 237
692 366
868 369
416 7
400 78
944 347
849 742
688 447
924 814
868 107
715 429
598 225
459 153
273 109
444 405
706 633
867 808
628 610
559 425
913 272
384 336
376 4
655 115
388 116
156 139
645 505
458 118
869 563
757 490
469 342
832 381
914 86
418 396
849 79
922 683
145 120
906 639
940 453
460 17
578 31
819 321
317 232
530 372
660 235
285 223
696 74
597 335
668 197
869 225
434 26
779 147
625 33
357 351
378 132
610 578
897 626
853 78
896 551
870 569
864 418
654 342
357 147
215 123
813 176
696 257
927 766
57 19
634 274
817 579
749 334
680 133
656 544
809 570
789 728
646 14
783 402
651 399
635 525
912 750
750 309
655 133
596 506
619 573
765 247
828 445
940 174
862 839
737 640
144 64
158 14
466 210
505 386
923 670
842 539
799 436
874 521
930 914
731 428
533 188
812 727
851 362
692 307
941 793
622 100
238 131
600 120
739 33
907 824
797 106
854 294
870 731
817 190
818 295
833 755
488 267
853 45
526 405
340 233
350 4
462 349
753 240
901 401
309 261
872 353
791 584
546 9
495 199
754 377
333 261
863 53
22 17
615 81
672 378
793 605
624 55
613 178
393 290
474 149
612 407
948 144
868 83
856 825
857 414
854 468
372 237
803 87
912 541
746 251
760 220
642 513
909 374
710 509
509 391
630 477
811 628
420 246
812 448
374 295
474 119
778 288
424 383
879 646
494 259
733 691
740 118
568 319
818 115
693 193
817 611
365 323
858 625
745 39
444 88
179 157
639 504
932 416
195 179
442 96
504 236
366 8
466 424
916 289
700 540
262 28
583 419
783 157
500 66
569 242
887 130
775 304
714 418
878 196
558 86
851 121
565 51
643 417
928 24
412 172
551 347
552 230
513 117
766 344
679 431
443 276
744 334
725 196
720 501
369 346
805 222
889 454
695 636
839 789
293 32
633 181
805 427
908 88
457 316
542 142
735 465
777 116
858 247
769 212
757 467
391 341
940 119
621 312
125 12
441 301
543 468
573 140
851 311
767 521
424 307
875 286
866 281
943 555
702 478
881 809
779 39
931 548
468 44
862 194
848 101
800 558
658 52
928 771
218 11
908 509
894 419
704 621
516 424
609 272
939 282
542 309
841 662
859 614
677 208
839 542
478 383
667 105
919 546
759 129
427 270
751 639
432 23
756 747
69 23
883 703
406 16
703 441
741 677
860 633
629 576
712 366
426 210
817 638
649 325
303 200
589 325
231 174
525 84
947 70
641 388
659 231
934 829
600 486
787 130
893 334
555 132
822 754
572 266
321 97
909 772
593 183
718 13
233 20
949 189
729 239
234 127
884 291
949 318
879 822
701 689
720 593
692 164
409 245
887 10
858 839
514 141
863 498
289 166
792 594
885 677
327 98
604 151
303 4
503 76
786 184
881 308
772 562
864 465
909 661
540 113
923 42
720 12
232 90
637 331
705 634
914 748
567 397
717 259
417 395
670 201
766 583
937 144
895 295
368 85
932 825
940 478
674 141
423 299
862 161
847 735
488 48
680 235
819 126
720 190
236 11
661 476
756 628
422 339
429 418
661 524
707 467
84 6
808 140
871 724
785 270
585 521
922 753
944 357
561 503
591 241
675 660
928 632
869 423
675 635
912 215
785 530
244 131
867 606
854 593
580 101
688 176
361 95
476 426
80 74
391 169
858 242
224 138
81 22
910 7
586 510
728 585
928 243
645 478
928 855
890 704
309 147
696 191
895 43
900 246
905 708
174 170
502 78
119 95
264 39
649 49
563 231
761 356
897 609
409 96
829 314
765 638
947 122
686 269
918 354
445 28
913 106
911 93
880 842
818 43
435 267
229 200
716 706
274 123
230 224
802 640
903 680
624 434
393 81
798 590
529 156
517 215
902 824
549 55
301 206
517 279
858 537
517 367
734 336
754 508
726 325
685 559
398 117
580 497
516 235
239 100
755 17
842 46
889 466
931 364
497 355
588 140
894 197
677 15
842 770
364 54
861 38
403 337
333 155
131 118
833 480
362 84
191 166
434 20
728 116
537 386
626 440
148 76
247 151
886 219
539 183
688 352
276 135
868 703
769 245
854 363
267 26
694 531
578 92
916 599
630 550
349 278
651 380
700 472
830 125
893 774
665 526
893 856
788 117
911 644
883 14
948 83
653 144
692 195
451 59
190 137
563 184
756 734
878 783
505 59
661 209
519 118
617 208
453 308
558 525
822 69
170 5
371 134
216 193
872 410
154 122
820 706
358 335
602 189
879 76
576 472
784 209
670 668
637 289
727 356
498 303
935 555
778 588
812 90
844 674
686 343
456 380
319 37
751 158
205 51
645 165
899 893
537 298
909 541
936 414
931 614
752 376
883 162
514 102
804 395
578 560
812 667
41 0
661 92
540 47
735 153
777 517
213 138
281 61
467 75
896 384
744 547
789 656
843 575
594 221
679 596
599 7
792 741
866 318
877 615
742 241
593 66
513 365
766 453
250 90
227 217
909 281
927 850
566 296
455 118
914 56
939 337
423 135
668 557
870 19
513 492
554 390
658 512
760 731
364 296
568 379
439 424
897 737
691 214
901 839
667 33
846 779
841 25
321 3
457 343
470 223
573 77
754 540
499 290
553 74
833 183
68 19
521 99
860 818
748 159
943 593
927 842
389 72
691 680
920 799
595 580
343 156
761 503
745 46
925 894
771 295
925 896
926 283
599 81
669 604
502 82
703 369
315 103
846 473
493 259
309 275
923 583
559 198
814 799
683 196
409 395
702 506
854 768
912 732
597 140
881 805
363 203
847 635
480 203
581 259
577 42
227 182
710 471
248 208
741 26
786 777
838 180
916 531
823 480
728 626
459 70
256 43
415 372
907 872
835 797
674 231
323 76
821 724
859 386
802 699
884 195
550 488
813 383
753 368
326 182
948 528
798 14
927 676
363 242
225 71
489 98
758 355
718 469
891 744
583 257
250 228
928 80
330 136
441 8
523 263
805 625
543 521
505 1
804 571
448 298
892 662
669 468
884 111
837 236
876 395
933 740
827 2
564 478
285 111
430 21
882 715
381 293
363 334
521 240
838 172
711 443
841 179
738 17
524 301
645 504
910 432
734 629
837 51
368 10
897 104
659 202
289 44
615 251
891 738
436 125
335 44
253 243
917 257
547 434
303 128
210 134
933 665
541 478
602 15
565 509
584 107
774 756
917 419
647 630
721 327
930 500
907 856
845 384
867 2
515 21
140 7
387 9
731 584
853 343
915 66
771 17
690 461
770 472
795 180
740 517
635 626
625 80
788 45
845 295
736 55
921 304
326 155
204 169
112 61
559 0
534 71
842 437
611 586
799 418
883 222
698 121
747 699
901 831
682 201
909 435
254 75
769 326
405 332
534 347
818 674
397 12
554 361
529 331
418 279
214 178
791 1
757 575
258 216
758 123
841 238
244 231
457 421
905 100
714 143
926 175
553 199
574 413
717 286
926 171
791 410
537 211
404 92
763 563
516 148
648 380
716 703
762 615
761 207
414 302
368 290
849 221
899 655
600 397
817 337
765 399
592 99
929 280
404 316
186 177
349 228
786 360
558 282
779 617
940 864
234 221
912 304
512 208
848 520
802 436
772 188
812 790
508 425
288 99
514 103
830 715
570 56
819 53
914 15
729 489
837 372
900 456
361 93
892 617
571 434
861 557
742 70
581 503
928 128
598 566
774 482
548 94
214 3
611 574
528 107
836 677
736 693
622 383
128 39
93 45
429 355
942 448
406 176
250 230
364 45
573 381
923 542
754 189
925 77
386 174
436 346
467 67
847 463
511 496
894 4
796 778
866 256
940 267
294 91
743 305
839 129
759 371
393 30
187 30
408 138
908 180
553 368
634 592
860 741
861 266
525 357
768 264
919 163
739 318
875 130
638 92
706 579
913 684
645 630
501 148
769 45
777 395
572 104
609 310
905 623
856 656
596 534
537 31
916 543
280 167
574 153
492 329
276 263
483 78
698 345
923 142
888 732
730 124
833 809
523 395
346 20
904 69
355 325
759 229
668 570
224 133
163 53
670 406
109 45
725 291
678 340
927 394
391 48
718 441
559 372
246 101
665 615
424 401
649 283
764 22
540 270
714 166
482 131
498 186
695 329
835 620
737 143
612 180
513 200
258 105
650 153
259 52
684 616
531 129
399 240
403 142
934 760
580 336
886 768
475 82
765 400
851 473
75 70
472 375
938 713
793 135
419 59
833 633
742 341
304 277
384 280
919 477
777 701
104 27
637 568
912 160
371 242
669 338
561 63
780 417
904 677
612 249
385 107
522 466
732 160
543 239
828 329
877 472
326 300
764 599
464 233
529 508
901 395
608 249
450 339
812 431
576 474
910 5
515 422
778 175
839 19
760 298
392 130
190 46
903 344
912 441
646 304
617 173
264 224
580 335
913 418
769 545
710 317
784 418
622 305
495 253
236 80
565 496
600 548
869 598
901 65
703 375
747 661
296 252
947 335
830 121
866 254
754 419
695 377
378 240
658 75
846 103
720 467
710 315
826 414
721 464
611 242
710 403
459 281
859 636
621 242
867 649
590 163
718 85
707 295
851 505
367 282
692 417
889 789
699 570
667 292
812 195
933 213
191 40
422 132
200 14
601 298
901 528
912 158
814 69
285 3
871 479
619 297
656 318
477 101
724 208
800 59
361 202
863 123
681 248
786 448
518 152
229 102
508 59
660 478
893 582
170 10
648 188
498 6
818 735
701 7
402 275
806 399
820 320
687 489
647 28
933 173
789 394
882 819
711 423
845 219
613 500
586 507
446 16
736 722
699 237
629 82
552 125
650 465
461 190
416 229
464 403
757 40
940 243
927 169
265 6
172 148
476 345
640 475
508 95
930 335
549 181
393 134
873 91
851 392
872 84
908 385
711 92
690 5
325 181
877 88
374 77
598 27
205 89
871 154
576 10
572 40
907 892
398 92
714 262
679 347
787 685
848 163
708 629
277 235
829 172
373 229
644 482
758 163
925 13
700 645
885 374
880 608
617 378
941 77
804 78
762 734
930 706
576 41
765 690
949 359
843 650
871 450
704 98
492 105
511 237
44 1
876 656
852 55
345 294
777 453
289 102
526 77
870 56
598 584
472 93
915 453
842 817
75 53
758 316
615 548
943 642
461 347
883 610
669 281
803 251
877 591
871 501
771 119
904 580
752 333
794 0
726 405
357 168
753 578
692 533
364 277
524 445
856 842
671 144
129 78
792 506
748 555
562 100
670 655
629 513
666 418
937 244
667 304
672 507
479 114
859 98
277 209
420 60
243 14
623 304
543 316
620 257
920 413
712 370
365 199
637 166
695 319
589 82
714 13
753 225
915 519
671 307
577 0
851 291
889 334
673 408
317 286
450 282
800 691
749 636
580 358
764 556
503 454
542 433
886 322
931 375
900 581
690 386
258 241
899 611
905 497
942 198
500 424
831 253
844 422
439 34
138 59
743 249
535 189
785 225
374 35
275 259
113 52
651 48
798 65
360 116
720 455
226 207
852 502
594 498
866 846
854 55
650 616
565 183
421 338
185 30
886 817
945 766
487 139
736 537
930 104
478 84
868 129
379 145
438 270
99 68
455 156
850 658
924 765
673 300
913 222
915 405
753 519
560 293
609 585
815 755
745 584
655 87
887 544
490 100
653 168
548 222
677 479
301 278
752 267
663 384
636 254
678 207
201 83
677 93
777 662
492 89
328 37
493 277
732 9
408 47
328 162
839 330
911 753
786 614
692 306
161 129
254 76
934 402
392 312
675 588
547 154
935 74
320 2
390 11
282 44
828 483
403 18
444 42
353 95
642 91
925 549
779 291
40 27
167 71
938 249
698 278
696 526
721 610
705 313
548 527
359 171
729 429
535 447
238 67
625 336
716 394
477 133
818 307
384 213
515 382
485 164
930 691
620 144
913 813
427 332
90 74
333 293
730 527
664 407
731 361
810 67
440 55
344 63
901 79
528 485
202 152
311 129
737 103
813 777
879 778
920 205
770 90
587 468
763 488
495 251
663 662
657 273
892 2
837 575
476 456
623 52
825 780
459 419
863 460
729 305
697 655
398 213
900 727
945 298
193 13
411 45
500 80
627 70
926 94
425 7
458 291
787 529
774 363
784 571
696 650
768 722
920 283
130 2
929 368
748 379
806 431
698 293
887 371
821 594
494 212
597 437
320 312
544 111
868 688
259 212
810 675
607 175
928 298
781 159
523 468
821 385
800 732
561 341
436 50
71 63
188 29
441 135
798 451
442 39
646 126
306 269
399 385
427 83
632 150
648 424
303 123
840 118
484 455
579 64
238 151
449 44
544 380
688 147
245 222
612 268
759 21
615 440
730 89
355 248
940 313
668 610
645 363
510 477
908 632
718 92
553 497
799 531
623 151
355 223
356 349
544 314
467 174
907 277
764 580
834 605
924 240
933 726
267 37
744 710
279 104
613 170
770 435
668 255
679 239
600 128
615 563
893 440
575 258
726 377
899 421
741 420
927 155
333 301
698 531
524 257
357 165
720 327
614 236
655 392
846 744
607 494
778 629
544 150
917 812
551 315
355 213
753 595
610 554
779 454
466 449
779 245
373 343
240 26
383 53
888 220
647 373
949 634
506 473
302 168
453 76
418 82
808 736
669 299
723 576
891 345
920 360
889 10
884 459
737 417
453 402
779 736
331 203
772 544
846 755
536 227
905 627
296 268
488 41
820 76
801 260
269 227
750 258
276 73
535 388
754 28
945 438
534 206
294 116
872 464
293 207
529 456
654 407
739 562
205 110
468 326
909 91
944 621
930 357
807 274
809 398
700 552
629 437
245 156
289 242
876 483
706 578
219 43
803 196
737 387
612 312
719 675
545 272
379 229
476 33
740 466
908 379
771 743
883 533
934 836
790 418
844 103
491 149
790 741
553 53
943 1
549 282
684 578
112 23
840 387
884 160
800 141
680 198
820 799
510 371
681 236
519 389
292 26
900 420
869 765
935 577
590 132
932 775
923 343
938 322
931 791
597 307
273 249
897 473
280 251
521 64
497 191
217 122
343 305
741 237
307 58
475 161
587 375
182 165
499 393
562 402
805 490
794 260
200 100
753 605
577 328
922 152
813 419
542 45
941 383
465 97
908 618
515 155
754 57
819 543
265 148
545 460
556 131
618 313
875 287
704 252
426 271
846 627
616 42
875 400
284 10
718 253
881 373
720 500
748 266
932 239
840 398
236 13
631 552
297 261
833 831
793 446
840 259
647 259
564 218
908 465
111 50
530 523
553 60
820 588
817 127
793 156
924 796
486 203
481 173
722 635
888 52
912 615
641 114
674 200
725 320
336 144
299 196
192 54
461 93
872 498
576 34
494 332
441 37
885 796
197 4
851 180
891 824
842 484
608 93
510 249
899 64
104 87
863 577
405 294
403 247
790 96
753 528
683 357
439 379
745 365
917 416
932 919
679 173
430 27
773 700
261 99
893 476
799 446
933 460
233 30
884 472
901 41
711 449
884 5
759 343
391 302
872 152
856 230
494 159
794 777
631 515
939 34
878 268
393 32
460 250
125 78
690 588
826 682
554 204
420 74
872 246
854 413
111 73
927 110
391 22
163 121
382 235
323 220
912 171
419 108
58 6
305 60
787 525
920 375
864 781
500 90
543 217
415 216
750 24
437 247
668 324
428 366
566 226
671 101
540 89
841 502
526 132
806 241
433 248
421 21
874 869
845 273
412 74
890 792
787 175
838 752
830 120
574 11
693 500
103 76
905 141
758 725
173 95
480 163
440 203
424 233
762 144
933 199
733 118
83 36
771 348
521 209
566 152
802 647
582 3
466 284
759 734
936 724
566 169
801 431
945 659
712 195
712 503
494 4
283 44
914 489
922 120
752 144
738 411
472 428
266 220
289 200
821 471
701 176
827 410
774 557
554 337
946 241
840 129
334 52
875 762
743 44
780 708
563 437
822 99
745 679
557 349
782 291
874 619
677 328
536 180
657 98
504 116
381 272
771 757
905 311
589 406
190 180
408 242
895 883
724 30
326 60
393 142
900 529
173 17
862 781
945 504
446 418
927 485
661 400
343 276
321 196
406 259
890 421
769 370
941 339
907 445
606 54
669 294
553 513
814 92
750 204
207 15
694 149
404 88
741 532
707 378
878 71
740 614
749 123
463 386
837 114
584 388
692 621
537 25
894 676
173 25
745 441
833 133
775 305
871 267
877 654
526 525
185 96
887 33
795 533
872 679
723 396
438 257
374 332
673 495
572 70
623 62
890 860
600 249
102 38
114 61
867 156
855 87
780 174
892 885
353 144
914 569
525 375
750 131
144 122
581 171
137 18
37 33
883 302
537 158
339 139
530 81
398 381
905 492
256 222
859 220
807 156
835 821
314 25
611 599
748 431
450 228
278 200
728 349
878 639
646 388
824 363
672 169
187 67
658 601
867 241
175 67
649 571
119 32
907 810
779 41
505 380
550 281
712 68
561 560
657 320
908 647
521 519
655 496
918 373
883 63
768 728
278 237
32 23
504 291
413 377
632 356
262 116
885 140
487 177
375 88
841 617
571 291
847 798
900 855
694 502
492 20
741 411
685 188
516 456
251 160
845 571
763 486
549 510
518 505
369 273
903 900
934 771
659 113
224 151
716 405
301 188
811 14
744 299
591 103
464 92
854 177
396 209
865 685
686 497
578 352
343 228
567 276
758 23
779 16
610 448
937 535
797 637
387 49
776 648
645 140
822 637
828 580
568 534
554 376
736 106
941 580
197 146
324 261
426 276
877 364
590 463
497 70
684 19
792 416
527 312
847 235
442 89
467 221
575 529
847 628
323 169
893 45
728 352
170 149
468 406
636 83
398 254
724 451
414 100
931 216
402 285
812 458
685 621
774 148
892 318
485 242
438 126
472 266
454 451
948 774
832 423
545 156
572 282
915 565
894 509
855 189
591 118
792 207
642 288
877 179
825 323
840 240
908 165
907 221
562 488
882 767
904 694
155 42
724 668
842 265
374 327
878 344
519 278
592 490
546 513
798 98
302 81
328 251
560 48
260 118
768 624
467 222
767 25
579 46
700 245
850 751
499 296
590 513
943 493
382 214
893 886
530 405
677 304
665 268
535 304
467 10
453 105
181 46
727 403
946 379
804 83
537 139
662 206
930 843
863 530
942 180
712 341
861 277
949 852
665 170
675 593
752 531
782 87
774 629
844 203
573 537
476 293
526 395
836 710
726 111
886 620
389 362
754 605
677 198
276 33
916 305
869 561
561 327
926 316
872 49
423 108
313 133
387 348
859 155
568 400
834 386
604 357
542 418
576 175
454 10
624 561
258 181
860 242
631 17
558 447
790 666
552 61
185 140
110 51
584 240
902 247
889 88
332 210
739 518
941 12
510 369
807 147
767 146
740 135
481 463
636 89
386 32
946 193
537 5
927 726
71 24
446 317
875 421
403 380
881 27
391 27
840 287
748 690
737 294
746 228
334 210
493 352
919 131
646 400
535 33
895 315
628 42
887 739
588 384
570 32
827 641
239 133
403 229
260 224
382 125
216 43
776 226
850 526
869 200
777 131
844 788
678 347
736 259
656 313
386 282
849 633
791 260
186 76
709 76
845 227
400 30
383 353
483 113
817 771
727 645
641 125
876 338
896 511
793 105
446 264
637 416
814 364
890 404
800 582
642 220
871 555
872 857
593 316
907 207
480 183
647 432
789 706
702 531
882 873
434 35
847 547
881 819
718 22
938 419
942 151
721 642
705 567
903 77
337 174
941 850
685 286
402 131
276 15
454 179
843 345
453 422
595 551
734 498
210 167
208 166
577 475
888 548
560 102
289 85
681 531
749 724
838 651
793 44
342 108
421 418
612 518
440 344
397 95
893 346
546 162
357 123
469 90
818 683
675 516
651 0
795 176
473 202
731 588
289 48
541 509
905 181
487 204
743 542
811 559
697 696
636 22
554 270
316 285
409 143
879 625
844 344
790 61
743 86
364 143
803 644
539 245
502 438
669 306
596 482
681 60
461 196
612 486
623 396
390 173
652 326
156 62
553 545
741 384
515 347
256 75
266 255
333 242
489 356
761 188
835 381
622 277
887 412
356 78
943 936
329 200
878 350
470 263
303 3
766 305
291 162
869 387
717 491
253 120
246 178
751 404
123 17
579 59
814 577
545 281
514 45
699 547
862 76
863 103
450 105
797 131
948 540
795 543
530 480
86 77
857 739
426 135
873 410
686 353
582 76
630 7
945 427
266 120
814 218
903 265
829 337
331 216
864 642
668 464
208 150
487 348
784 724
524 255
838 426
721 715
719 316
449 286
235 39
218 107
821 291
847 40
920 463
229 226
276 172
424 30
311 33
239 46
88 41
871 15
759 102
845 745
590 1
738 215
693 234
884 222
602 531
640 16
810 211
841 795
442 417
97 12
821 7
408 277
572 269
433 318
692 180
340 101
133 29
508 437
726 321
400 395
593 279
665 147
135 6
819 28
768 34
252 84
727 159
126 34
655 284
471 177
789 542
826 417
596 556
185 50
845 534
739 603
875 568
802 165
787 478
585 179
335 26
700 237
450 311
647 266
922 288
584 50
903 385
523 34
365 157
652 351
901 596
741 612
282 97
904 468
396 249
906 269
383 271
769 569
609 437
781 367
665 60
235 48
251 223
877 224
898 286
265 45
841 73
666 417
322 6
887 280
744 406
935 926
847 494
710 99
392 259
635 75
883 154
947 573
861 437
766 457
589 233
869 393
581 360
588 194
847 510
421 137
811 742
756 168
414 296
390 366
574 286
539 288
809 126
227 10
949 691
440 302
305 92
225 66
697 512
865 101
248 17
408 183
325 233
642 143
853 447
897 816
937 401
155 13
834 403
631 549
587 194
795 623
268 109
310 15
652 482
275 6
853 131
601 465
790 601
774 523
838 61
935 187
839 15
489 209
754 224
865 732
843 726
546 81
485 425
705 308
792 25
871 167
660 657
575 524
686 585
589 341
809 541
289 224
420 345
721 260
462 319
641 10
831 390
414 162
927 802
260 195
375 228
423 28
210 91
733 560
915 160
891 447
799 154
809 684
492 57
868 124
786 681
611 523
949 888
863 57
372 322
930 799
882 539
847 769
573 287
349 93
678 539
613 493
790 500
748 640
34 22
466 96
802 717
825 311
492 448
383 289
284 122
747 18
942 704
871 319
848 526
249 77
751 217
828 528
927 921
740 285
738 723
717 168
856 82
895 372
844 322
124 63
779 193
514 30
416 159
704 109
804 760
535 272
918 386
783 634
558 537
575 58
337 114
942 801
721 351
669 474
725 612
601 442
902 129
572 259
636 608
828 504
845 433
867 310
739 665
924 261
449 363
336 240
923 121
430 183
281 147
851 323
797 210
856 794
857 68
870 829
597 381
311 235
435 187
789 583
733 281
706 155
419 321
944 552
844 442
356 122
727 285
895 813
624 81
677 355
669 276
516 36
332 67
810 204
931 223
575 363
599 387
532 179
492 472
863 521
932 145
406 151
720 658
808 678
843 196
784 610
775 363
706 231
732 107
887 62
583 10
835 505
324 47
764 676
146 8
404 215
647 16
488 248
340 68
658 507
730 344
911 473
220 164
522 336
719 715
640 273
347 160
591 341
880 749
417 283
857 256
521 384
471 18
806 726
683 609
772 579
472 180
447 301
385 305
298 160
558 507
437 177
733 720
449 277
541 229
295 241
686 619
820 565
766 47
596 13
694 251
904 144
902 365
170 17
657 91
942 4
653 40
679 498
567 361
712 263
434 409
799 751
872 601
203 197
929 258
677 147
693 348
456 173
601 415
870 90
753 700
434 2
689 73
538 365
477 391
811 119
82 48
492 420
764 346
713 524
682 672
828 327
821 261
811 698
648 223
816 485
777 18
433 382
637 550
585 498
579 431
759 47
521 126
765 385
742 658
849 105
737 623
118 87
352 183
653 258
739 388
734 490
896 135
490 310
712 353
921 113
818 627
869 568
270 223
828 785
137 4
815 534
752 249
357 74
527 248
914 716
527 384
331 32
648 601
458 241
510 330
744 33
862 274
741 227
949 374
338 188
564 417
890 559
492 2
527 474
873 385
868 515
489 104
857 170
272 99
306 245
638 440
917 490
883 122
170 117
531 238
437 356
774 279
235 173
385 108
741 177
594 494
901 154
823 554
387 85
374 159
900 431
122 71
824 733
947 23
829 504
893 562
916 856
292 130
859 292
693 43
742 733
566 175
885 822
543 89
160 101
240 97
663 359
825 355
759 388
248 239
604 384
834 158
773 593
682 541
711 632
709 451
301 92
509 9
765 130
906 775
926 711
854 82
328 218
353 249
499 363
892 264
843 797
884 876
264 154
920 18
798 236
488 125
495 436
760 555
692 649
598 162
263 199
638 70
917 757
555 215
694 528
587 238
920 127
842 393
264 29
715 184
830 158
923 73
596 80
899 20
946 738
846 17
684 432
477 174
670 635
662 408
937 271
945 106
733 222
720 306
654 347
376 67
838 356
657 86
836 412
600 36
867 424
268 251
338 132
602 161
760 366
571 298
703 568
355 203
810 417
728 197
360 328
515 263
825 187
399 99
335 32
900 19
889 637
830 27
219 39
654 575
418 184
303 301
643 136
733 310
872 473
724 712
324 51
903 658
813 488
540 386
744 400
933 377
492 134
730 226
852 275
482 43
940 67
943 93
826 629
833 535
887 702
830 118
724 556
885 416
256 185
821 281
402 183
196 0
663 618
277 258
926 10
828 744
468 193
327 47
184 30
434 378
341 26
836 600
749 565
382 357
843 668
591 168
558 149
940 132
716 501
598 155
705 436
943 223
580 44
835 164
501 281
814 258
809 486
909 496
232 86
422 327
683 33
637 632
780 717
938 57
553 89
603 267
607 28
798 113
70 45
925 565
718 667
447 57
813 114
552 303
681 608
162 0
891 434
834 306
672 425
867 675
806 721
504 246
387 348
760 522
656 479
411 57
582 176
837 458
310 242
414 299
610 428
788 111
623 400
361 141
486 77
935 843
501 179
936 535
589 491
837 97
939 936
828 537
771 226
617 388
792 435
847 25
917 8
938 458
884 819
511 446
458 172
569 124
931 678
721 463
692 357
479 191
816 379
188 163
345 104
659 39
746 181
722 181
775 71
628 51
520 72
842 755
779 503
460 290
700 445
789 11
753 205
583 484
806 587
688 150
702 651
657 338
380 255
504 487
431 162
570 489
890 509
670 118
740 616
829 755
810 271
824 691
906 515
667 241
542 95
883 516
619 583
702 668
940 802
945 843
527 139
825 121
556 348
793 332
517 237
753 411
384 269
590 562
441 363
723 444
416 213
526 7
882 107
817 389
533 338
266 216
814 183
884 91
468 319
891 728
621 490
707 533
654 104
553 343
912 568
901 397
758 288
760 507
373 201
475 121
882 221
842 430
911 870
557 397
686 178
911 66
771 14
832 484
612 101
349 347
347 188
871 525
453 361
631 56
896 593
743 12
915 745
482 3
583 176
673 524
813 70
786 513
756 237
378 362
920 797
557 350
835 717
760 101
769 351
817 568
836 248
878 730
481 144
542 453
672 624
184 37
235 120
541 390
872 402
669 9
603 238
835 320
859 451
906 442
914 759
902 833
258 54
583 180
538 19
637 93
934 63
359 31
557 219
441 175
835 635
567 519
633 79
910 779
716 292
599 513
559 151
823 409
732 493
871 853
526 520
629 369
691 315
87 48
758 560
655 0
877 753
841 40
532 31
853 390
731 10
877 527
806 764
408 130
232 15
795 667
879 161
821 55
376 372
823 708
947 602
840 249
929 194
421 338
595 50
110 69
728 450
296 53
576 41
887 425
563 232
838 116
530 139
830 84
304 15
727 691
901 479
854 596
545 487
307 301
542 161
565 506
679 28
861 442
420 300
801 81
902 85
743 655
740 688
560 63
850 34
867 767
844 793
898 262
810 637
759 311
725 317
305 141
493 172
736 136
798 297
435 237
570 304
746 695
414 6
848 575
302 9
712 422
879 717
409 329
627 228
411 277
564 376
777 250
704 497
391 367
669 199
318 213
923 448
877 569
789 707
941 738
436 127
755 423
684 426
708 130
331 31
825 314
584 293
913 252
868 589
880 334
513 304
837 19
849 55
836 611
472 227
599 419
332 13
648 397
817 314
281 62
141 135
508 66
652 178
489 182
367 260
194 145
447 36
463 45
604 338
461 15
480 476
188 49
839 531
168 141
320 52
837 421
471 302
431 409
197 183
887 629
726 171
405 318
883 783
797 755
275 77
491 80
810 796
570 550
620 258
549 222
625 522
500 360
537 250
715 127
518 490
797 375
154 136
314 114
563 465
677 484
862 366
782 546
437 92
902 252
850 543
800 291
800 679
751 293
897 185
272 70
260 216
57 18
765 131
346 68
777 83
910 287
647 616
529 162
863 826
811 224
669 451
641 30
927 814
361 266
858 689
597 59
678 368
312 231
399 314
874 686
233 146
670 657
888 583
549 525
753 451
725 386
654 577
284 82
554 142
98 45
427 37
260 212
655 310
843 132
769 165
325 44
84 30
719 422
654 249
850 157
125 3
736 10
897 272
524 123
654 415
549 200
293 202
470 390
771 352
800 635
922 392
666 39
684 631
813 109
935 183
943 344
787 482
432 399
797 411
837 380
929 290
415 357
399 150
424 357
734 52
531 508
486 295
801 73
834 504
742 568
877 656
805 600
945 206
776 712
658 33
220 161
622 284
750 506
649 407
579 423
786 485
623 126
611 557
674 611
936 472
601 286
475 77
439 36
318 52
770 166
728 678
886 463
214 56
250 114
811 361
669 104
375 30
740 636
771 510
780 524
815 233
877 408
887 199
874 9
634 158
581 444
739 614
852 129
922 586
852 763
554 280
611 541
610 213
456 175
407 307
96 4
947 351
605 236
504 311
753 651
675 365
566 261
536 406
821 195
946 608
400 315
753 469
259 181
167 109
401 161
930 295
909 788
160 141
678 460
213 149
874 693
748 496
698 346
554 390
598 586
864 621
195 134
763 406
117 69
558 401
887 245
598 234
582 8
463 168
462 90
915 201
322 36
482 116
949 582
927 466
102 74
649 390
610 565
657 130
121 1
902 33
649 551
625 214
860 373
651 247
476 58
902 491
211 83
783 565
375 302
624 129
692 523
761 530
527 352
915 348
339 267
890 255
455 43
665 327
240 135
701 33
913 342
764 694
874 760
662 420
776 607
414 213
362 131
824 553
719 585
806 382
561 45
263 41
476 444
908 156
822 233
736 598
894 257
690 518
359 145
546 435
687 19
649 403
522 494
873 840
814 281
496 450
115 109
708 312
588 83
566 105
738 184
540 360
777 648
536 223
681 524
571 355
914 801
627 545
812 543
486 195
320 103
467 398
750 582
360 23
604 35
568 302
764 372
554 83
860 339
906 3
474 423
53 49
450 284
228 77
907 158
463 342
796 291
674 658
628 160
743 671
907 428
915 720
939 295
387 65
125 43
771 11
774 468
818 655
302 88
674 539
587 216
576 273
799 130
528 505
913 268
147 130
542 320
648 432
714 666
459 259
947 844
557 453
350 58
166 20
774 691
206 158
856 482
695 657
674 668
815 563
624 427
833 609
876 452
885 351
843 762
240 204
509 273
216 121
655 126
781 329
844 386
508 388
916 220
686 473
494 85
914 394
644 412
874 77
631 69
741 622
726 130
449 202
935 689
456 207
322 209
610 439
749 192
791 33
507 386
258 194
517 0
596 119
744 350
784 426
431 220
657 194
434 344
636 410
237 178
796 105
392 58
180 129
476 148
550 129
778 229
528 306
431 280
686 2
370 127
678 66
563 96
762 124
870 577
710 602
319 279
379 66
571 566
195 13
590 71
491 1
563 237
808 715
675 632
772 261
116 93
760 691
868 470
365 272
707 532
164 17
800 501
669 114
523 238
388 362
838 828
438 328
175 99
791 670
916 192
89 50
499 147
797 137
644 220
693 403
470 2
879 437
749 158
698 498
910 121
456 231
763 279
383 317
67 20
938 780
927 637
912 879
916 439
732 254
617 219
671 457
843 574
718 277
850 272
912 145
943 641
620 274
704 185
545 273
474 115
271 30
80 71
853 18
896 337
582 389
426 129
384 259
298 158
469 426
715 686
857 94
209 109
940 714
805 508
877 675
611 510
481 47
850 427
689 384
900 430
611 67
530 497
485 439
311 165
721 318
262 185
645 193
905 17
891 286
835 306
593 563
453 336
648 311
66 29
864 27
835 714
514 388
619 47
109 69
398 349
710 281
355 85
846 743
461 421
618 195
660 202
680 538
92 67
477 151
665 266
476 285
140 80
438 318
770 469
529 422
229 30
802 354
837 658
918 710
714 244
315 122
685 82
316 100
608 365
764 715
281 14
549 59
890 593
499 327
216 108
585 502
805 511
834 703
606 179
814 391
299 260
697 249
854 523
589 41
411 97
770 374
673 164
529 218
917 794
821 709
471 251
626 551
678 479
919 334
731 415
912 406
382 52
560 208
142 137
735 264
592 80
681 257
787 260
854 462
172 141
651 436
948 514
53 26
768 355
704 268
734 42
487 69
748 32
752 118
431 28
802 237
565 46
589 181
745 65
545 49
804 287
412 342
771 684
712 65
769 645
795 398
422 292
65 10
947 902
636 312
688 80
231 114
385 265
847 529
778 760
539 535
342 76
770 322
534 327
912 169
429 272
634 341
621 30
622 182
634 337
731 238
401 336
400 362
791 709
890 286
722 32
219 150
442 359
670 117
778 175
816 253
445 394
475 74
60 15
857 404
275 94
499 114
803 512
739 362
460 295
942 258
684 106
739 30
791 305
490 158
675 15
696 605
320 12
254 58
933 559
414 179
653 98
458 424
531 201
942 100
883 620
807 158
825 648
382 147
388 95
717 549
750 114
744 13
634 134
82 36
239 105
493 399
742 74
639 136
922 158
442 34
915 429
513 310
294 26
867 759
804 358
880 332
664 355
633 61
829 20
937 842
949 359
522 41
774 746
760 316
243 237
251 87
603 544
910 101
681 146
258 227
940 156
708 377
581 381
111 26
897 406
656 70
884 554
687 410
568 60
902 267
709 56
825 643
631 377
732 697
654 281
378 65
639 537
606 128
283 93
143 38
938 729
283 86
929 532
560 239
132 76
560 283
949 35
580 563
787 306
934 232
755 467
205 58
594 186
612 411
687 478
667 539
879 294
386 310
934 511
813 126
881 259
744 32
146 133
914 895
856 739
537 175
778 39
357 168
594 474
506 333
442 263
234 225
609 450
669 182
249 222
807 420
619 78
940 69
684 537
282 224
942 668
473 409
859 131
436 98
876 186
683 301
766 358
648 439
326 30
808 596
838 743
931 522
459 345
665 253
242 24
524 510
87 51
574 127
474 159
196 136
820 262
853 587
779 405
358 250
887 422
856 315
897 789
910 565
886 61
866 571
442 153
924 300
556 203
619 459
184 132
433 271
589 291
867 623
825 572
819 69
511 56
389 66
523 349
943 739
838 726
660 418
867 389
833 85
814 595
942 620
413 26
118 113
645 286
292 95
422 105
457 289
338 220
757 345
429 183
565 294
513 207
735 564
543 215
459 405
872 583
912 279
848 230
434 249
316 290
764 400
717 346
498 117
829 489
837 302
467 310
920 111
578 316
584 431
829 680
410 293
680 57
791 658
380 183
771 361
497 1
831 704
608 421
937 491
831 244
338 268
491 89
759 597
641 285
834 164
436 146
679 115
462 273
736 137
396 42
832 445
885 596
835 394
830 1
940 28
764 3
628 313
441 278
852 387
355 5
885 553
643 170
426 83
462 9
934 134
844 451
661 455
825 629
484 324
246 82
708 274
509 405
362 235
406 140
923 51
558 390
710 610
706 13
624 370
326 296
814 618
452 392
303 100
244 52
680 645
800 647
793 734
376 304
292 262
827 208
318 199
229 202
455 76
874 833
786 37
267 145
914 158
813 608
168 26
883 819
616 128
543 441
690 514
599 189
841 575
649 12
798 772
286 110
875 525
800 757
632 313
795 539
724 488
565 12
347 340
631 360
534 191
591 520
502 357
378 48
740 479
413 118
578 398
861 389
652 636
263 200
466 60
399 272
571 489
471 166
722 520
745 564
685 121
633 386
915 579
505 132
916 892
840 338
651 174
934 342
753 328
458 426
804 533
926 530
699 242
688 507
381 348
850 696
344 288
928 131
808 39
741 53
935 191
749 411
910 660
797 146
170 75
767 228
871 75
756 320
205 83
844 805
705 491
670 489
166 93
41 25
442 298
895 775
387 232
897 892
207 21
683 219
884 847
606 325
901 216
417 73
859 505
527 269
293 226
446 93
860 458
831 800
490 405
798 149
428 351
893 872
722 297
738 722
881 432
948 2
890 330
575 136
890 320
882 880
204 15
787 467
929 249
887 636
664 245
884 155
170 160
382 335
656 193
902 427
605 568
927 454
861 796
795 6
617 311
592 166
538 164
886 40
550 305
694 303
347 335
862 221
296 61
822 466
883 295
491 154
201 19
889 288
545 51
906 164
199 42
484 14
281 277
908 319
771 273
532 301
843 0
648 127
643 410
446 436
324 140
423 306
790 341
181 129
719 236
900 463
372 304
796 658
882 36
909 618
818 669
793 693
666 599
510 490
755 408
647 275
906 523
801 59
780 449
674 159
748 519
741 203
687 243
496 84
761 370
899 487
832 58
828 92
807 585
832 584
551 446
759 288
763 532
219 136
753 173
811 461
475 201
626 443
331 93
809 766
512 52
791 681
881 701
297 94
855 690
333 10
765 761
737 160
880 467
874 659
695 245
616 417
179 55
665 289
868 841
422 309
735 109
765 732
266 97
715 667
788 323
291 150
939 304
834 629
938 570
742 216
729 405
948 766
354 287
718 508
753 330
834 518
46 22
334 75
825 312
657 50
873 121
870 453
930 563
779 113
774 739
739 187
465 42
501 458
807 642
562 236
376 127
698 143
463 448
924 545
685 548
383 332
327 306
250 85
848 300
442 421
544 303
492 195
670 627
326 201
880 126
475 31
407 289
534 376
413 397
771 126
615 580
341 196
548 199
846 265
217 102
505 406
656 186
770 336
903 124
670 374
776 715
527 168
901 294
362 159
632 220
502 256
903 85
625 275
796 242
889 368
80 44
488 283
626 155
755 149
774 310
406 317
599 479
742 666
808 237
806 172
937 552
840 824
776 546
836 813
766 678
595 324
384 136
541 127
614 380
309 2
554 265
900 79
654 573
308 21
688 348
698 289
880 408
244 185
767 535
334 180
645 432
735 618
395 41
380 202
892 888
570 46
627 419
915 35
815 657
754 503
900 176
774 399
321 131
629 527
260 235
579 457
897 519
634 584
750 49
744 164
479 451
932 168
930 515
831 391
638 457
14 2
851 274
354 135
298 283
849 689
929 607
852 613
814 330
883 60
544 155
690 158
503 49
484 307
431 340
829 12
774 71
384 366
866 184
99 41
853 197
629 577
780 625
686 204
567 565
716 207
751 592
253 62
712 92
784 99
90 38
291 22
573 376
707 225
154 138
605 330
295 53
524 445
523 471
815 323
774 656
768 379
709 512
902 887
535 128
67 9
292 67
559 34
633 348
266 81
492 339
850 652
373 187
873 112
582 495
877 443
742 394
578 556
567 212
379 181
870 181
549 13
296 238
949 732
605 233
658 140
568 128
622 80
251 216
924 515
885 58
762 618
772 290
22 0
434 298
527 279
478 132
266 52
813 252
561 12
846 672
735 325
211 201
800 263
658 540
624 333
647 28
245 35
741 222
917 221
410 329
587 116
903 12
543 479
713 193
435 243
753 375
648 139
800 38
873 495
523 110
644 133
726 284
916 738
393 305
669 8
855 516
876 851
456 166
754 419
566 174
775 389
739 674
626 501
802 763
423 335
119 101
870 253
777 158
812 800
884 809
871 450
684 488
655 119
667 144
319 234
943 763
868 260
773 678
200 77
640 574
457 1
852 737
263 260
637 225
545 391
742 415
837 180
772 672
419 35
399 377
888 866
906 869
470 46
936 197
804 681
945 673
593 310
760 648
844 94
179 124
598 327
507 491
792 535
811 799
674 107
808 572
713 128
292 282
638 67
929 421
603 145
865 455
728 502
735 448
884 457
915 61
429 298
896 731
887 205
431 140
919 714
590 109
549 428
461 57
585 548
592 558
864 23
929 368
124 43
680 309
880 202
561 381
406 184
847 558
887 179
851 651
847 672
410 71
336 161
588 298
869 76
925 136
546 358
722 334
891 149
513 382
735 608
725 426
331 220
530 255
524 291
501 59
903 186
566 370
815 151
711 701
640 514
626 617
730 495
892 871
683 633
593 288
470 336
914 553
766 404
821 11
888 454
583 213
775 762
925 339
745 409
637 260
637 17
291 130
910 705
860 515
435 119
207 92
638 131
122 114
453 240
279 5
693 578
892 544
860 817
537 478
930 224
614 556
800 790
726 195
725 706
764 297
912 242
835 762
263 46
311 139
383 373
913 396
905 330
455 335
679 129
879 217
495 188
830 818
427 334
738 198
338 203
852 44
289 218
587 256
878 602
483 114
547 369
827 499
406 6
397 24
615 596
777 657
595 23
409 234
628 463
896 595
439 372
464 166
631 379
771 138
886 872
592 335
291 257
762 505
647 251
945 639
609 269
665 649
944 436
754 694
548 289
631 386
818 514
356 267
539 283
744 618
858 395
930 197
700 582
295 110
477 92
464 179
941 575
833 220
933 601
907 430
909 704
747 114
678 626
571 381
517 103
827 436
422 325
570 213
857 567
492 37
823 792
421 73
150 133
773 750
869 432
847 309
561 355
646 560
777 601
782 149
273 164
776 63
769 14
240 212
739 506
604 400
212 124
895 725
285 243
325 223
609 262
707 155
885 67
500 158
842 170
767 686
704 568
234 145
445 433
328 64
579 266
880 654
694 252
894 523
57 56
910 763
86 8
754 522
832 792
619 257
792 396
294 213
393 62
585 226
777 143
430 22
482 394
806 181
388 55
500 96
930 185
711 148
900 341
704 31
765 266
183 37
309 301
299 97
598 454
767 502
630 379
800 322
858 60
403 56
589 537
363 273
697 241
508 52
411 257
361 115
671 539
185 24
928 864
576 14
100 19
904 766
700 340
573 282
644 591
349 20
786 187
457 452
425 125
372 178
926 479
618 494
377 305
294 170
936 575
834 280
946 554
581 298
922 95
850 785
133 89
811 689
446 198
793 165
910 500
937 350
248 76
309 147
793 355
824 196
393 278
922 65
749 232
811 172
753 186
564 148
354 153
485 145
288 64
236 41
84 32
848 648
922 418
676 555
465 411
725 451
862 488
88 54
814 507
788 365
491 57
706 675
388 146
348 119
706 410
420 147
881 585
841 522
741 721
664 119
318 45
875 785
767 264
425 186
509 2
797 449
147 69
748 57
909 168
453 345
235 168
543 46
302 278
930 646
657 18
605 247
813 198
658 16
690 392
633 4
494 95
501 326
352 323
755 454
865 534
381 256
701 85
758 382
657 492
788 416
739 705
684 115
611 296
223 105
602 136
309 16
948 547
871 375
206 184
521 465
705 261
106 88
908 117
897 14
824 693
903 269
761 44
933 75
142 26
341 136
535 124
515 105
776 182
586 311
235 214
862 4
935 882
598 551
728 205
768 421
317 121
662 342
399 271
803 445
567 553
545 522
63 45
870 473
545 340
566 18
898 851
583 461
314 281
912 351
911 105
685 191
823 92
732 410
746 80
112 66
495 402
396 51
722 602
929 718
933 234
159 97
605 53
388 206
339 108
627 258
721 207
347 184
806 411
743 155
742 357
770 219
735 540
537 457
576 85
593 35
939 28
615 481
327 322
940 161
797 233
924 299
796 354
577 81
681 466
450 164
640 322
844 670
340 336
765 692
354 278
428 17
791 60
880 265
774 259
844 375
500 147
804 441
530 93
682 216
807 336
463 369
441 359
568 252
295 194
726 493
408 349
535 147
715 106
589 410
850 653
900 726
348 289
528 165
778 607
521 103
631 602
789 546
924 656
852 89
715 566
612 272
945 751
74 19
852 111
537 198
894 677
634 292
338 142
344 292
347 233
429 228
372 345
428 300
878 591
791 270
949 74
734 248
834 80
905 745
768 576
240 59
806 138
478 142
558 485
694 544
763 74
673 329
850 132
727 312
796 315
762 644
859 56
746 231
791 726
503 291
422 231
930 781
847 537
532 496
719 325
858 602
393 200
775 767
580 454
644 211
685 278
645 244
777 301
792 583
534 378
910 11
371 169
416 37
319 143
737 477
938 368
616 306
227 126
234 4
923 750
529 213
566 51
492 299
917 831
341 47
132 87
861 552
682 581
807 693
849 419
657 589
219 111
627 399
603 19
500 229
575 25
858 256
781 396
600 345
610 135
680 557
673 487
540 86
701 393
711 83
247 162
631 586
493 48
544 411
336 77
898 308
915 851
598 195
927 839
178 146
547 327
931 58
834 485
732 706
462 418
732 121
841 186
278 157
153 46
405 44
458 383
797 128
709 141
442 120
717 187
581 339
292 285
736 594
830 100
811 255
621 375
867 279
765 232
915 827
640 228
554 434
567 4
507 207
516 173
638 561
461 366
729 474
392 278
662 532
644 635
768 648
194 89
915 94
819 73
776 414
330 42
853 426
609 370
921 890
768 408
315 170
498 355
860 46
876 126
818 530
344 336
491 340
869 188
575 299
403 267
902 876
775 14
619 362
558 552
64 29
340 209
802 743
644 364
461 178
843 604
835 222
470 88
651 43
690 152
471 282
640 524
709 216
428 358
190 108
765 289
706 355
884 808
140 45
519 124
279 22
757 126
523 160
680 504
849 523
784 90
435 403
369 22
785 182
269 61
891 480
643 589
914 504
585 262
880 876
882 190
913 411
242 108
915 244
738 463
867 802
726 464
538 218
925 4
442 258
897 737
755 81
439 418
347 206
927 686
687 600
890 1
778 390
934 176
627 214
156 116
880 671
714 695
493 438
776 225
899 127
808 534
630 358
758 211
678 643
701 373
818 813
924 898
460 154
326 215
843 625
289 140
912 239
238 62
719 163
691 250
454 385
932 313
390 28
506 208
931 409
302 38
907 48
673 464
683 251
699 441
228 62
782 395
531 412
924 80
678 471
705 257
173 18
285 250
913 849
366 201
886 564
925 159
702 333
732 551
300 25
922 860
698 378
635 140
807 544
405 338
519 453
272 110
199 4
603 501
727 694
911 883
625 13
282 39
159 101
934 1
482 186
432 125
465 61
913 428
247 34
570 188
902 195
851 57
740 507
189 152
330 201
323 91
220 113
769 621
518 232
618 278
824 712
778 277
755 570
819 577
934 104
476 469
925 853
550 70
902 655
284 256
706 477
596 405
276 21
851 725
708 293
925 427
837 648
184 172
374 343
419 262
721 567
639 243
467 105
455 28
454 417
886 397
374 0
633 510
888 125
891 78
856 195
682 96
410 151
666 339
783 14
626 326
906 567
712 621
892 873
530 226
910 300
655 218
448 156
754 251
280 63
830 194
878 777
259 247
503 44
786 342
571 79
828 518
905 785
273 76
903 682
652 594
919 391
389 30
263 207
629 451
662 583
694 315
883 651
390 279
844 42
211 180
429 12
491 176
880 342
888 672
853 377
879 805
196 36
779 270
781 685
739 127
946 847
848 395
617 43
862 666
504 64
877 806
936 328
452 111
739 215
309 275
667 390
669 166
927 912
494 284
613 500
626 219
397 341
773 131
672 450
836 521
504 357
186 1
821 159
469 140
848 634
720 416
476 369
658 287
518 187
517 404
339 235
406 328
781 304
460 266
657 275
840 751
616 137
873 255
730 121
904 126
669 609
703 385
892 392
614 226
299 187
744 633
536 325
265 13
724 326
759 403
287 273
651 411
99 20
367 22
605 395
488 345
320 263
900 550
484 362
891 674
527 506
696 520
151 117
933 88
381 106
626 110
163 0
906 779
820 729
616 382
792 59
922 61
547 542
864 747
256 105
383 75
928 481
886 589
694 477
690 598
948 227
899 782
772 84
848 415
739 123
463 447
930 809
693 480
814 127
611 277
406 371
946 826
892 165
224 201
748 492
830 743
549 386
928 742
768 373
674 444
607 273
843 687
836 401
284 152
668 462
914 107
787 517
647 51
490 52
887 515
583 518
699 162
337 159
305 167
401 57
690 320
536 455
931 898
761 650
445 325
719 154
829 542
540 72
759 741
949 728
814 496
710 143
897 589
816 497
218 4
572 266
946 719
350 59
723 593
651 249
274 39
919 212
311 210
687 652
759 704
824 92
742 514
572 495
686 48
885 708
432 340
903 565
703 348
783 444
924 298
776 442
660 294
880 553
404 299
650 35
470 362
907 39
846 24
891 476
679 623
927 244
307 66
940 518
768 126
478 17
745 407
540 349
599 124
638 217
832 54
683 536
718 60
530 380
803 488
466 5
776 517
945 935
742 234
79 57
785 773
803 695
941 350
771 308
86 12
352 197
642 410
544 468
501 416
448 374
541 536
560 259
488 327
901 299
934 826
718 80
816 325
175 53
532 392
659 453
366 346
888 336
593 57
479 208
391 231
562 241
399 290
835 283
615 208
787 572
570 569
607 511
341 114
737 254
847 573
909 580
650 52
473 18
679 325
588 322
806 187
699 514
461 56
562 102
466 172
823 248
868 644
258 236
815 432
