1050 3150 1050 3150
988 770
227 68
855 568
795 658
1043 659
951 282
693 7
1018 380
799 33
589 231
313 273
708 277
724 548
558 129
447 413
882 369
777 742
805 608
464 351
535 266
981 856
827 206
218 42
522 482
834 188
738 50
747 416
572 90
1006 305
742 699
487 2
961 81
906 143
67 44
391 369
846 671
693 431
729 450
934 126
1040 854
279 96
821 341
585 409
983 572
810 687
429 288
210 83
485 145
747 579
792 435
974 0
51 36
876 218
526 161
961 159
854 57
847 28
443 323
944 496
493 77
973 7
899 630
1033 481
1043 831
982 310
906 602
1041 714
760 729
938 639
965 385
858 725
267 183
893 284
988 774
900 665
683 54
281 27
562 131
763 337
671 24
752 205
933 109
994 845
758 604
661 504
933 632
447 94
932 607
929 282
902 754
1018 787
756 246
608 246
972 401
728 542
610 424
918 525
908 719
848 267
181 156
244 34
966 110
812 796
347 272
457 310
703 626
869 22
700 192
317 219
1041 900
349 168
854 709
951 482
759 676
919 843
408 20
859 670
978 233
757 200
983 830
786 169
819 612
890 188
511 399
786 329
859 350
446 38
927 643
681 499
144 108
660 151
774 309
833 275
841 224
1017 676
164 82
781 509
881 180
963 298
493 110
447 271
1003 624
587 549
745 132
177 112
532 516
998 931
860 588
673 494
1013 140
1024 915
922 724
387 135
762 116
401 21
784 486
908 644
240 120
879 174
647 123
528 475
961 402
873 576
772 315
377 179
803 99
788 417
800 376
784 753
999 687
907 165
992 137
1019 193
557 505
482 263
185 35
855 642
286 283
703 120
663 592
673 586
299 137
723 703
759 101
844 301
924 127
175 123
563 128
626 236
819 294
497 108
624 489
850 494
682 377
182 106
437 243
1015 445
701 279
208 96
729 579
873 204
948 237
1015 722
868 369
1008 49
400 78
944 347
849 742
688 447
924 814
868 107
715 429
598 225
459 153
273 109
444 405
706 633
867 808
628 610
559 425
913 272
384 336
376 4
655 115
388 116
156 139
645 505
956 107
869 563
757 490
1020 1019
832 381
914 86
418 396
849 79
922 683
145 120
906 639
940 453
972 310
966 636
1018 603
317 232
530 372
660 235
951 605
977 292
597 335
668 197
869 225
434 26
779 147
625 33
357 351
378 132
610 578
897 626
853 78
896 551
870 569
864 418
654 342
357 147
215 123
813 176
696 257
1037 277
951 561
634 274
817 579
749 334
680 133
656 544
809 570
789 728
965 949
783 402
651 399
635 525
912 750
750 309
655 133
596 506
619 573
765 247
828 445
940 174
862 839
966 638
144 64
158 14
1015 907
505 386
923 670
842 539
799 436
874 521
930 914
731 428
533 188
812 727
851 362
692 307
941 793
622 100
238 131
600 120
999 205
907 824
797 106
854 294
1005 76
817 190
818 295
833 755
488 267
1012 778
526 405
340 233
350 4
462 349
753 240
901 401
309 261
872 353
1023 327
985 619
1039 631
754 377
333 261
863 53
22 17
972 629
672 378
793 605
624 55
613 178
1041 957
474 149
612 407
948 144
972 792
856 825
857 414
854 468
372 237
803 87
912 541
746 251
760 220
642 513
909 374
710 509
509 391
630 477
1028 513
420 246
963 227
374 295
1024 709
965 473
950 686
879 646
494 259
955 491
740 118
568 319
818 115
693 193
817 611
1032 267
858 625
745 39
981 528
179 157
1005 372
932 416
195 179
442 96
504 236
366 8
1034 494
916 289
700 540
262 28
583 419
783 157
500 66
1019 1004
887 130
775 304
1023 891
878 196
558 86
851 121
565 51
643 417
928 24
959 557
999 151
552 230
513 117
766 344
679 431
443 276
744 334
1009 724
720 501
997 252
805 222
975 635
695 636
1003 119
293 32
633 181
805 427
908 88
457 316
542 142
735 465
777 116
858 247
769 212
757 467
391 341
940 119
621 312
1015 788
441 301
543 468
573 140
851 311
1025 821
1049 278
875 286
866 281
943 555
995 786
881 809
779 39
931 548
468 44
862 194
848 101
988 875
658 52
928 771
958 388
908 509
894 419
704 621
516 424
609 272
939 282
542 309
976 131
859 614
677 208
839 542
1048 595
667 105
919 546
1039 369
427 270
751 639
432 23
756 747
953 91
883 703
406 16
703 441
741 677
860 633
1011 237
712 366
426 210
817 638
1037 961
303 200
589 325
231 174
525 84
947 70
641 388
659 231
934 829
600 486
787 130
893 334
555 132
1038 149
1003 7
1036 422
909 772
593 183
1032 800
233 20
949 189
729 239
234 127
884 291
949 318
970 493
701 689
720 593
692 164
409 245
887 10
1049 262
514 141
863 498
289 166
1038 832
885 677
327 98
1033 916
303 4
503 76
786 184
965 213
772 562
864 465
909 661
540 113
1033 229
720 12
999 826
637 331
705 634
914 748
1017 280
717 259
417 395
670 201
766 583
937 144
1044 813
368 85
932 825
940 478
674 141
423 299
862 161
847 735
488 48
680 235
819 126
720 190
236 11
661 476
756 628
422 339
429 418
661 524
707 467
84 6
1010 664
871 724
785 270
585 521
922 753
944 357
561 503
591 241
675 660
1021 162
869 423
675 635
912 215
970 734
244 131
867 606
854 593
580 101
688 176
1038 795
476 426
979 934
391 169
858 242
224 138
81 22
1006 44
586 510
728 585
928 243
645 478
928 855
890 704
986 357
1046 868
895 43
969 951
905 708
174 170
502 78
119 95
968 511
649 49
563 231
761 356
966 901
409 96
829 314
765 638
947 122
686 269
967 350
445 28
913 106
911 93
998 71
1042 1003
1003 18
229 200
716 706
995 468
230 224
802 640
903 680
986 484
952 839
798 590
529 156
517 215
967 594
549 55
301 206
517 279
858 537
517 367
734 336
754 508
726 325
685 559
398 117
1011 232
985 293
239 100
755 17
842 46
990 595
931 364
497 355
588 140
894 197
1015 406
1008 847
364 54
861 38
403 337
986 323
131 118
833 480
362 84
191 166
434 20
728 116
537 386
626 440
148 76
247 151
886 219
539 183
688 352
276 135
984 619
769 245
854 363
267 26
694 531
962 909
916 599
630 550
349 278
651 380
700 472
830 125
893 774
665 526
893 856
788 117
911 644
883 14
948 83
959 505
692 195
451 59
190 137
563 184
756 734
878 783
505 59
661 209
519 118
617 208
453 308
558 525
822 69
170 5
371 134
216 193
1037 1013
154 122
820 706
358 335
1027 967
879 76
576 472
784 209
670 668
637 289
727 356
498 303
935 555
778 588
812 90
844 674
686 343
456 380
1013 554
751 158
962 502
645 165
1007 568
537 298
1048 1022
936 414
1039 977
752 376
883 162
514 102
804 395
578 560
812 667
41 0
1012 262
962 853
735 153
777 517
213 138
1048 1012
467 75
896 384
744 547
789 656
843 575
594 221
679 596
599 7
792 741
951 258
877 615
1021 312
593 66
513 365
766 453
250 90
227 217
909 281
927 850
566 296
455 118
914 56
939 337
423 135
668 557
870 19
513 492
554 390
658 512
1011 932
1038 15
975 887
439 424
897 737
691 214
1042 304
991 636
846 779
841 25
321 3
457 343
470 223
573 77
754 540
499 290
553 74
966 598
68 19
521 99
860 818
1035 788
943 593
927 842
389 72
691 680
920 799
595 580
343 156
761 503
745 46
925 894
771 295
925 896
926 283
599 81
669 604
502 82
703 369
315 103
846 473
493 259
999 2
984 723
559 198
814 799
950 461
1046 50
702 506
854 768
912 732
597 140
881 805
363 203
1047 64
986 2
955 741
577 42
227 182
710 471
959 566
1009 620
786 777
838 180
916 531
1002 519
728 626
459 70
256 43
415 372
907 872
835 797
674 231
323 76
821 724
859 386
1044 917
1040 250
550 488
1034 335
1031 986
326 182
948 528
1006 710
927 676
363 242
225 71
489 98
1048 279
718 469
891 744
583 257
250 228
928 80
330 136
950 717
523 263
805 625
543 521
505 1
804 571
993 283
892 662
669 468
884 111
1016 884
876 395
933 740
827 2
564 478
285 111
430 21
882 715
381 293
363 334
521 240
838 172
711 443
841 179
738 17
524 301
645 504
910 432
734 629
837 51
368 10
897 104
659 202
289 44
615 251
891 738
436 125
335 44
253 243
917 257
547 434
303 128
210 134
933 665
974 579
602 15
565 509
584 107
774 756
975 464
647 630
995 731
1004 108
907 856
845 384
867 2
1035 102
140 7
387 9
731 584
853 343
915 66
771 17
690 461
770 472
795 180
740 517
635 626
625 80
788 45
845 295
736 55
921 304
326 155
204 169
984 327
559 0
534 71
842 437
611 586
992 118
883 222
698 121
747 699
968 427
682 201
909 435
254 75
1009 11
405 332
534 347
818 674
397 12
554 361
529 331
418 279
214 178
791 1
757 575
958 774
975 616
841 238
244 231
457 421
905 100
1049 383
926 175
553 199
574 413
717 286
926 171
968 735
537 211
404 92
763 563
999 523
648 380
1046 613
762 615
761 207
414 302
368 290
849 221
899 655
600 397
817 337
765 399
592 99
929 280
404 316
1007 965
349 228
989 302
558 282
779 617
940 864
234 221
912 304
512 208
848 520
1027 949
772 188
958 517
508 425
288 99
514 103
1010 371
570 56
819 53
968 494
729 489
837 372
900 456
361 93
892 617
571 434
861 557
742 70
581 503
928 128
598 566
774 482
548 94
214 3
611 574
958 266
836 677
1034 604
622 383
1047 151
93 45
429 355
942 448
406 176
994 484
1007 997
573 381
923 542
988 982
925 77
386 174
436 346
467 67
1038 996
951 95
894 4
796 778
1010 932
940 267
294 91
961 108
839 129
759 371
393 30
1009 490
408 138
908 180
553 368
1042 794
860 741
861 266
525 357
768 264
919 163
739 318
875 130
638 92
706 579
913 684
645 630
501 148
769 45
1043 450
572 104
609 310
905 623
856 656
960 610
537 31
916 543
280 167
574 153
970 400
1019 376
483 78
698 345
996 814
888 732
1010 619
833 809
523 395
346 20
904 69
355 325
759 229
668 570
224 133
163 53
670 406
109 45
1007 381
678 340
951 299
956 251
718 441
559 372
246 101
1043 373
1016 700
649 283
983 290
540 270
1037 521
482 131
498 186
1019 5
1013 265
737 143
612 180
513 200
258 105
650 153
259 52
684 616
531 129
977 595
403 142
934 760
580 336
1017 183
475 82
765 400
851 473
75 70
472 375
1014 565
793 135
419 59
998 70
742 341
962 306
384 280
955 148
777 701
104 27
1016 913
960 752
371 242
669 338
561 63
1028 937
1031 887
612 249
385 107
522 466
732 160
1002 615
828 329
877 472
326 300
764 599
464 233
529 508
901 395
608 249
450 339
812 431
952 924
910 5
515 422
778 175
839 19
760 298
392 130
990 296
903 344
1018 891
646 304
617 173
264 224
989 438
973 636
769 545
710 317
965 438
622 305
495 253
236 80
984 888
600 548
869 598
901 65
703 375
747 661
972 534
991 618
830 121
866 254
754 419
695 377
378 240
658 75
846 103
720 467
1037 227
826 414
1025 832
611 242
710 403
459 281
1044 210
985 486
867 649
590 163
718 85
707 295
1019 297
1022 52
692 417
976 496
699 570
667 292
812 195
933 213
191 40
422 132
200 14
959 701
901 528
912 158
814 69
285 3
871 479
619 297
656 318
477 101
724 208
800 59
1038 536
969 924
681 248
987 124
518 152
229 102
508 59
660 478
893 582
170 10
1008 914
498 6
1038 154
1044 932
402 275
960 837
820 320
687 489
647 28
933 173
789 394
882 819
711 423
985 533
1000 289
586 507
446 16
983 787
699 237
951 712
552 125
650 465
1048 820
416 229
464 403
757 40
967 653
927 169
954 132
172 148
476 345
640 475
508 95
930 335
549 181
393 134
873 91
851 392
872 84
908 385
711 92
690 5
996 776
877 88
374 77
598 27
205 89
871 154
576 10
572 40
907 892
398 92
714 262
679 347
787 685
848 163
708 629
277 235
829 172
373 229
644 482
758 163
925 13
700 645
1014 124
880 608
1028 54
941 77
804 78
762 734
1019 666
576 41
765 690
949 359
843 650
871 450
704 98
492 105
511 237
44 1
876 656
852 55
345 294
1008 761
289 102
526 77
870 56
598 584
472 93
915 453
842 817
75 53
758 316
615 548
943 642
461 347
883 610
669 281
803 251
877 591
871 501
771 119
904 580
752 333
794 0
726 405
988 941
753 578
692 533
1014 953
524 445
856 842
671 144
129 78
1025 500
748 555
562 100
670 655
629 513
1029 105
937 244
667 304
672 507
479 114
859 98
1015 814
420 60
243 14
623 304
997 677
620 257
920 413
712 370
365 199
1002 425
695 319
589 82
1011 979
753 225
915 519
671 307
577 0
1037 15
889 334
673 408
317 286
450 282
952 352
981 416
580 358
764 556
503 454
542 433
886 322
931 375
969 451
690 386
258 241
899 611
905 497
942 198
500 424
831 253
844 422
439 34
138 59
743 249
535 189
1017 841
374 35
275 259
113 52
651 48
798 65
360 116
720 455
226 207
852 502
1014 901
866 846
854 55
650 616
565 183
421 338
185 30
1003 61
1045 1
487 139
736 537
930 104
478 84
868 129
379 145
438 270
99 68
455 156
850 658
924 765
673 300
913 222
1001 108
753 519
560 293
1019 406
815 755
1029 785
655 87
887 544
490 100
653 168
548 222
1043 838
301 278
752 267
663 384
636 254
678 207
201 83
677 93
777 662
492 89
328 37
493 277
732 9
1004 251
328 162
839 330
960 195
786 614
692 306
967 890
254 76
957 799
392 312
675 588
547 154
935 74
320 2
390 11
282 44
828 483
403 18
444 42
1014 484
642 91
925 549
779 291
1015 645
167 71
938 249
698 278
696 526
721 610
705 313
548 527
359 171
729 429
535 447
1021 698
1038 907
992 157
477 133
818 307
1025 870
515 382
485 164
930 691
620 144
913 813
976 89
90 74
1026 467
730 527
664 407
731 361
960 895
440 55
344 63
901 79
528 485
202 152
311 129
1005 421
813 777
879 778
920 205
770 90
587 468
1029 215
495 251
1013 624
657 273
892 2
1020 796
476 456
623 52
825 780
459 419
863 460
729 305
697 655
398 213
1016 117
945 298
991 763
411 45
1031 112
627 70
956 643
425 7
458 291
787 529
774 363
784 571
696 650
768 722
920 283
130 2
929 368
748 379
806 431
1002 105
887 371
821 594
494 212
597 437
320 312
544 111
868 688
259 212
810 675
983 703
928 298
781 159
999 765
821 385
800 732
964 42
436 50
71 63
188 29
441 135
1021 783
442 39
646 126
306 269
1011 212
427 83
632 150
1007 95
303 123
840 118
981 63
579 64
238 151
449 44
544 380
688 147
1025 457
612 268
990 566
615 440
730 89
355 248
985 465
668 610
962 276
510 477
908 632
718 92
553 497
978 663
623 151
355 223
356 349
544 314
467 174
966 34
1013 824
834 605
959 714
933 726
267 37
744 710
958 549
613 170
770 435
668 255
679 239
600 128
1009 300
893 440
1041 903
726 377
899 421
741 420
927 155
333 301
698 531
524 257
1013 418
720 327
1049 858
655 392
846 744
607 494
778 629
544 150
917 812
551 315
355 213
1000 358
610 554
779 454
466 449
779 245
373 343
982 867
1024 1014
888 220
967 573
1017 18
506 473
302 168
453 76
418 82
808 736
669 299
723 576
891 345
920 360
889 10
884 459
737 417
453 402
779 736
331 203
772 544
846 755
536 227
982 227
296 268
488 41
820 76
801 260
269 227
750 258
276 73
535 388
754 28
945 438
534 206
294 116
872 464
952 323
1035 173
654 407
1002 426
1045 460
468 326
969 232
954 296
930 357
807 274
809 398
700 552
629 437
245 156
289 242
1048 800
1005 948
219 43
803 196
737 387
612 312
719 675
545 272
379 229
476 33
740 466
908 379
771 743
883 533
934 836
790 418
844 103
950 745
790 741
553 53
943 1
549 282
684 578
112 23
840 387
884 160
800 141
680 198
820 799
510 371
681 236
519 389
292 26
1025 1018
869 765
935 577
590 132
932 775
923 343
938 322
931 791
597 307
273 249
897 473
1030 966
521 64
497 191
217 122
343 305
741 237
307 58
950 175
587 375
182 165
499 393
562 402
1038 429
794 260
200 100
753 605
577 328
922 152
813 419
1043 314
941 383
465 97
908 618
1000 859
754 57
819 543
265 148
545 460
556 131
618 313
997 746
704 252
426 271
846 627
984 861
875 400
965 558
718 253
881 373
720 500
748 266
932 239
840 398
236 13
983 774
968 797
833 831
793 446
840 259
1011 987
564 218
962 341
993 29
530 523
553 60
820 588
817 127
958 627
924 796
1016 935
1045 927
722 635
888 52
912 615
641 114
674 200
725 320
336 144
299 196
192 54
461 93
872 498
576 34
1018 120
441 37
885 796
197 4
851 180
891 824
966 574
608 93
510 249
899 64
1003 826
1047 138
405 294
403 247
790 96
753 528
683 357
439 379
745 365
959 334
932 919
679 173
430 27
992 300
261 99
893 476
799 446
933 460
233 30
884 472
901 41
711 449
884 5
1022 225
391 302
1030 727
856 230
494 159
794 777
631 515
939 34
878 268
393 32
460 250
125 78
690 588
826 682
554 204
420 74
872 246
854 413
111 73
927 110
391 22
163 121
382 235
323 220
1022 770
419 108
58 6
305 60
787 525
920 375
864 781
500 90
543 217
415 216
750 24
437 247
1001 994
428 366
566 226
671 101
540 89
841 502
526 132
806 241
951 628
421 21
874 869
845 273
1026 38
890 792
787 175
838 752
830 120
1002 345
693 500
103 76
905 141
758 725
173 95
480 163
440 203
424 233
964 220
933 199
733 118
83 36
771 348
521 209
566 152
802 647
1016 750
466 284
759 734
936 724
566 169
801 431
945 659
712 195
712 503
494 4
283 44
914 489
922 120
752 144
738 411
472 428
1010 58
972 212
977 211
701 176
953 412
774 557
554 337
1039 358
967 459
334 52
1043 712
743 44
780 708
563 437
1038 378
745 679
557 349
782 291
874 619
677 328
536 180
968 89
504 116
381 272
771 757
905 311
1010 183
989 482
408 242
1010 908
724 30
326 60
393 142
900 529
173 17
1004 738
945 504
1012 167
927 485
661 400
982 635
1022 612
406 259
996 225
769 370
941 339
950 52
606 54
669 294
553 513
814 92
750 204
958 254
694 149
404 88
741 532
707 378
878 71
740 614
749 123
463 386
837 114
584 388
692 621
537 25
1027 716
1038 324
745 441
833 133
775 305
987 292
877 654
526 525
185 96
887 33
974 134
872 679
723 396
438 257
374 332
673 495
572 70
623 62
890 860
1043 411
102 38
114 61
867 156
855 87
780 174
892 885
353 144
914 569
525 375
750 131
144 122
581 171
137 18
37 33
883 302
537 158
990 312
530 81
1006 46
905 492
256 222
1001 205
1028 142
835 821
314 25
1004 644
981 630
450 228
278 200
1004 126
878 639
646 388
998 482
672 169
1015 444
658 601
867 241
175 67
649 571
1029 403
1006 854
779 41
981 273
550 281
712 68
954 601
657 320
908 647
1039 450
655 496
969 188
883 63
768 728
1014 465
32 23
504 291
413 377
1034 541
985 418
1033 71
487 177
375 88
841 617
571 291
847 798
900 855
694 502
492 20
741 411
1042 933
516 456
251 160
845 571
763 486
549 510
518 505
369 273
903 900
934 771
953 631
224 151
974 885
301 188
983 527
744 299
591 103
976 205
971 740
396 209
865 685
686 497
578 352
343 228
567 276
758 23
779 16
610 448
1013 165
797 637
387 49
776 648
645 140
822 637
1047 943
568 534
554 376
1017 326
941 580
197 146
324 261
426 276
877 364
590 463
497 70
684 19
792 416
527 312
847 235
442 89
467 221
575 529
847 628
323 169
893 45
728 352
170 149
468 406
636 83
398 254
724 451
414 100
931 216
402 285
812 458
685 621
774 148
892 318
485 242
438 126
472 266
454 451
948 774
832 423
545 156
572 282
966 221
894 509
855 189
591 118
792 207
642 288
1045 813
825 323
840 240
908 165
907 221
562 488
882 767
904 694
985 884
724 668
842 265
1007 738
878 344
519 278
592 490
546 513
798 98
302 81
328 251
560 48
260 118
768 624
971 952
767 25
579 46
700 245
850 751
499 296
590 513
943 493
971 684
893 886
530 405
677 304
986 103
974 132
467 10
453 105
181 46
727 403
1048 743
804 83
537 139
662 206
930 843
950 405
942 180
1020 141
861 277
949 852
975 831
675 593
752 531
1003 989
774 629
844 203
573 537
476 293
526 395
836 710
726 111
973 739
389 362
754 605
677 198
276 33
916 305
869 561
561 327
962 938
872 49
423 108
1025 339
977 256
859 155
568 400
834 386
604 357
961 924
576 175
454 10
954 441
258 181
984 675
631 17
558 447
790 666
552 61
185 140
110 51
584 240
902 247
889 88
332 210
739 518
941 12
510 369
807 147
767 146
1034 573
984 568
636 89
386 32
1003 934
537 5
1001 157
71 24
446 317
875 421
403 380
881 27
391 27
840 287
748 690
737 294
746 228
334 210
493 352
919 131
646 400
535 33
986 231
628 42
887 739
588 384
570 32
827 641
239 133
1006 108
260 224
1047 66
216 43
776 226
1010 299
869 200
777 131
844 788
678 347
990 501
656 313
386 282
849 633
1033 745
186 76
709 76
845 227
400 30
383 353
483 113
1047 208
727 645
1030 45
876 338
896 511
980 705
1031 860
637 416
814 364
890 404
800 582
970 899
871 555
1017 13
593 316
982 298
986 601
647 432
789 706
702 531
882 873
434 35
847 547
881 819
718 22
938 419
942 151
953 809
705 567
903 77
337 174
941 850
685 286
402 131
974 969
454 179
1010 271
453 422
1003 113
734 498
210 167
989 724
577 475
888 548
560 102
289 85
681 531
749 724
838 651
793 44
342 108
973 922
612 518
440 344
397 95
893 346
546 162
357 123
469 90
818 683
675 516
651 0
795 176
473 202
1027 169
1045 575
541 509
905 181
487 204
743 542
811 559
697 696
1034 668
554 270
316 285
409 143
879 625
844 344
1006 457
743 86
364 143
803 644
539 245
502 438
669 306
596 482
681 60
1026 65
612 486
954 300
390 173
652 326
156 62
553 545
741 384
515 347
985 402
266 255
333 242
489 356
761 188
835 381
622 277
887 412
356 78
943 936
1022 696
878 350
1002 422
303 3
766 305
291 162
1041 474
1000 351
253 120
246 178
751 404
123 17
579 59
814 577
545 281
514 45
699 547
862 76
1004 344
450 105
797 131
948 540
795 543
1048 212
86 77
857 739
426 135
873 410
686 353
582 76
987 755
945 427
266 120
814 218
903 265
829 337
331 216
864 642
668 464
208 150
487 348
784 724
524 255
838 426
721 715
719 316
449 286
235 39
989 536
958 662
847 40
920 463
229 226
276 172
424 30
950 187
239 46
88 41
871 15
759 102
845 745
590 1
738 215
693 234
884 222
602 531
640 16
810 211
995 394
442 417
97 12
821 7
408 277
1037 1012
433 318
692 180
340 101
1003 550
508 437
726 321
400 395
593 279
665 147
135 6
971 955
768 34
252 84
727 159
126 34
655 284
471 177
789 542
826 417
596 556
185 50
845 534
1002 544
1004 55
802 165
787 478
585 179
335 26
700 237
450 311
968 786
922 288
584 50
903 385
523 34
1044 744
652 351
901 596
741 612
282 97
904 468
997 621
989 575
383 271
769 569
609 437
781 367
995 906
235 48
251 223
957 841
898 286
265 45
841 73
666 417
322 6
887 280
744 406
964 391
847 494
959 684
392 259
635 75
883 154
983 826
861 437
766 457
589 233
869 393
581 360
1026 861
847 510
421 137
811 742
756 168
414 296
390 366
574 286
539 288
809 126
227 10
949 691
440 302
305 92
225 66
697 512
865 101
999 664
408 183
325 233
1023 830
853 447
897 816
937 401
1023 126
1040 528
980 574
587 194
795 623
1004 931
310 15
652 482
275 6
853 131
601 465
790 601
774 523
1028 799
1029 730
839 15
489 209
754 224
865 732
843 726
964 95
485 425
705 308
792 25
871 167
660 657
575 524
686 585
589 341
809 541
289 224
420 345
721 260
462 319
641 10
831 390
414 162
927 802
260 195
990 472
423 28
1013 393
733 560
915 160
1027 209
1016 977
809 684
492 57
1012 26
786 681
611 523
949 888
863 57
981 278
930 799
882 539
847 769
573 287
349 93
678 539
613 493
984 205
748 640
34 22
466 96
802 717
825 311
1017 837
383 289
284 122
747 18
942 704
871 319
848 526
249 77
751 217
828 528
927 921
740 285
1031 403
717 168
856 82
895 372
1013 640
124 63
779 193
514 30
416 159
704 109
804 760
535 272
918 386
783 634
558 537
575 58
998 940
942 801
721 351
669 474
965 934
601 442
902 129
572 259
636 608
828 504
845 433
867 310
739 665
924 261
449 363
336 240
923 121
430 183
281 147
851 323
797 210
856 794
857 68
970 391
597 381
311 235
975 46
789 583
733 281
706 155
419 321
944 552
962 371
356 122
727 285
895 813
624 81
677 355
669 276
1036 973
332 67
1001 940
931 223
575 363
1006 47
532 179
492 472
953 349
932 145
406 151
720 658
1009 17
985 453
1003 603
775 363
706 231
984 439
887 62
583 10
835 505
324 47
993 850
146 8
404 215
647 16
488 248
1014 868
1035 955
730 344
911 473
220 164
1013 589
991 881
640 273
347 160
591 341
956 445
417 283
977 960
990 852
998 580
971 741
1005 578
772 579
472 180
447 301
385 305
298 160
558 507
1040 446
733 720
449 277
541 229
295 241
686 619
820 565
766 47
596 13
694 251
904 144
996 324
962 751
1005 944
942 4
653 40
679 498
567 361
712 263
968 271
964 479
872 601
203 197
929 258
1037 749
693 348
456 173
963 906
870 90
753 700
434 2
689 73
988 359
477 391
811 119
82 48
492 420
764 346
1019 777
682 672
981 712
977 258
811 698
648 223
816 485
1002 700
433 382
637 550
272 166
988 279
1009 270
424 35
602 413
593 42
758 647
877 220
926 6
833 613
1014 453
247 164
801 382
560 325
909 553
344 259
891 127
944 521
309 245
993 78
598 471
427 22
568 286
302 121
793 196
868 473
458 1
620 123
264 127
1031 293
911 788
335 192
319 97
660 485
501 254
630 113
724 651
586 405
830 322
970 442
149 47
760 399
1031 681
947 58
567 214
666 353
525 344
460 29
543 243
292 275
241 237
1019 889
492 99
508 312
525 307
208 42
734 730
127 39
308 91
105 27
560 428
425 187
665 121
360 89
866 88
697 659
715 227
687 157
989 939
860 215
632 549
305 102
566 166
991 416
840 228
790 525
815 196
611 476
1017 337
144 113
614 544
889 92
473 415
835 230
397 311
677 391
1015 908
105 79
679 472
929 154
889 150
918 177
911 339
516 432
1013 762
894 843
996 391
618 294
438 368
536 190
68 26
988 229
479 399
291 146
772 745
429 102
761 440
487 51
682 198
397 135
584 166
764 240
921 406
545 157
914 770
716 586
1038 269
968 652
936 501
879 447
658 477
961 164
397 35
531 216
277 176
815 668
427 345
948 866
997 235
791 255
805 203
1025 373
1011 349
806 161
422 255
342 261
896 463
666 547
700 55
946 554
368 306
945 651
709 473
677 434
566 184
936 633
251 162
826 404
504 66
766 701
700 608
566 210
647 562
584 538
926 485
458 413
690 261
577 403
511 103
811 644
717 672
865 103
731 40
218 50
1043 731
805 349
215 52
890 605
859 66
621 365
779 706
960 844
926 405
654 161
923 347
95 52
794 207
789 499
928 282
889 716
954 150
939 47
976 112
772 688
268 94
917 116
999 366
785 537
1039 798
1043 859
749 97
830 167
37 8
742 179
928 264
700 660
936 796
222 187
320 185
342 125
993 65
992 978
1035 528
317 257
864 477
776 658
803 650
1001 574
390 177
985 578
790 218
377 233
97 46
338 63
463 179
917 653
784 316
687 501
928 211
1022 79
844 175
1007 214
657 443
924 137
392 330
917 355
466 401
636 424
786 58
594 401
840 561
721 341
853 208
527 15
798 758
1011 690
945 838
973 486
957 240
726 592
545 222
468 452
453 357
242 147
862 801
490 417
869 749
695 344
120 85
983 573
773 554
839 318
963 364
456 102
955 66
926 159
323 310
344 146
663 550
976 373
712 269
308 30
589 564
870 191
502 107
471 277
527 14
696 571
1011 390
352 45
598 420
945 510
742 156
696 629
853 537
654 287
641 135
307 253
919 488
612 19
684 231
857 369
592 18
345 297
775 72
385 203
622 18
730 409
636 402
583 118
1028 878
853 828
438 397
800 700
411 72
474 25
255 211
318 183
344 217
782 551
419 188
468 391
975 698
484 379
613 510
940 295
568 83
463 375
768 62
968 369
800 783
669 205
671 327
623 143
559 262
265 115
1038 306
906 104
534 163
913 213
588 169
657 624
567 383
64 18
874 546
947 443
526 159
1008 752
790 215
352 227
691 572
566 545
495 470
1038 734
1042 703
711 583
712 125
835 248
421 64
664 52
907 397
736 700
704 300
791 617
512 482
443 416
913 867
358 5
830 32
964 884
947 39
662 11
347 141
668 236
701 584
973 267
1010 785
942 810
741 442
523 191
916 501
1024 324
439 97
799 427
866 504
926 549
828 736
1042 305
829 324
965 806
786 21
238 117
969 16
593 238
680 627
1038 542
932 832
658 133
1045 1009
508 240
861 655
832 780
328 164
1018 926
205 150
914 360
928 662
933 414
589 59
983 530
826 782
750 27
272 258
548 77
737 508
192 30
140 18
938 42
997 467
829 280
734 346
838 538
790 359
821 808
948 276
761 458
273 248
456 82
867 547
991 399
1019 527
445 32
592 394
728 679
989 65
457 344
871 409
448 438
880 220
988 369
842 332
726 27
501 271
684 109
394 213
172 72
718 598
927 426
783 644
487 42
538 262
981 517
420 122
121 61
476 378
700 11
946 887
877 532
885 794
284 227
484 335
819 77
727 726
872 258
1020 584
851 821
962 773
902 154
303 23
931 916
554 137
924 183
676 333
610 132
907 156
958 695
983 297
668 603
948 80
522 184
553 441
804 391
968 349
712 402
798 42
477 108
683 625
1008 63
961 68
742 711
965 745
805 60
856 167
592 559
729 311
773 205
921 5
1005 549
542 498
388 268
1048 641
917 300
786 523
870 346
559 289
1038 853
727 473
358 282
196 189
762 440
803 406
941 215
811 1
604 308
906 273
773 715
720 662
884 469
644 422
408 229
280 172
974 133
742 344
614 122
504 121
818 455
347 283
991 974
865 96
798 644
319 102
507 299
303 211
986 356
755 320
766 254
583 165
897 603
982 138
199 138
494 468
959 113
1006 233
678 79
697 469
324 178
847 189
994 139
645 94
990 358
92 4
117 62
357 85
1014 934
933 1
947 1
791 735
662 482
956 470
995 257
295 1
855 693
497 55
532 403
975 490
355 152
396 177
1038 69
783 734
913 657
921 430
921 479
881 594
726 565
613 303
802 605
268 68
947 79
255 221
953 445
498 13
925 232
399 372
741 60
831 413
888 788
570 212
411 133
543 405
629 186
996 381
489 212
835 80
835 595
943 867
1031 859
889 672
1007 647
764 286
506 78
235 43
833 49
252 241
915 736
566 320
685 3
170 19
900 562
893 112
867 138
652 586
790 547
574 364
289 256
802 668
660 86
705 409
320 265
882 774
303 291
844 125
1032 57
433 14
822 749
549 375
540 525
823 76
918 716
678 392
848 823
858 387
367 316
580 93
741 405
940 393
985 781
589 33
635 409
387 308
929 64
845 237
950 568
416 377
209 201
71 52
899 666
694 580
434 50
835 491
395 31
820 373
485 150
577 178
386 214
845 811
902 401
1044 696
285 185
878 479
327 45
607 41
179 135
507 326
804 412
910 888
994 233
905 97
803 603
859 583
543 58
485 416
521 177
506 499
696 323
806 48
783 50
287 269
783 358
258 246
803 427
844 664
761 378
740 19
465 212
385 218
634 339
807 302
470 181
1003 27
359 152
376 81
602 390
928 101
825 278
667 456
552 133
499 471
862 796
227 167
1048 292
692 358
468 97
932 425
885 556
613 197
898 43
999 855
763 108
513 269
912 349
631 180
1007 159
517 99
495 36
361 146
329 164
706 464
733 532
861 303
474 147
855 812
571 28
764 405
914 902
657 352
231 222
951 831
774 318
485 271
514 355
855 801
878 499
1049 650
985 251
418 275
595 222
1032 748
1014 734
564 421
664 517
947 291
606 221
963 241
133 100
853 744
1043 1015
896 663
271 17
754 516
608 146
576 48
143 13
811 539
448 395
797 172
938 920
663 97
377 117
975 83
1028 483
823 625
846 349
817 39
867 24
762 107
940 532
958 36
966 340
808 503
711 380
442 186
977 56
625 244
1046 946
820 108
287 121
548 136
679 304
996 16
933 382
805 109
647 168
328 17
843 566
467 122
714 279
473 21
1035 592
979 263
769 457
857 164
262 112
802 625
518 61
624 600
532 133
1002 605
935 356
1015 342
931 460
609 484
284 210
924 603
907 242
240 198
928 534
1016 26
763 493
352 223
241 113
835 199
553 47
193 117
782 614
1025 797
155 56
389 180
212 2
532 261
535 184
992 723
943 33
989 124
682 597
844 448
761 630
1031 795
532 321
958 255
841 147
1020 1011
382 303
450 425
729 536
1036 588
1037 569
679 153
800 176
1010 405
484 312
651 263
896 253
139 12
422 369
696 554
451 92
528 349
820 6
984 85
910 105
867 186
628 63
907 448
923 686
460 175
305 5
1024 305
873 419
852 722
682 540
448 357
340 91
531 11
178 46
1042 408
610 590
811 696
308 170
967 310
226 220
808 295
852 207
519 485
555 355
478 289
633 157
661 586
455 61
311 240
256 144
802 201
563 538
696 83
116 37
977 736
866 299
761 62
416 397
891 149
597 170
641 278
652 357
855 657
934 293
628 568
984 410
947 105
915 36
853 398
871 711
709 497
864 387
520 262
776 13
757 337
897 399
959 519
854 12
650 191
789 339
445 106
850 751
646 535
274 174
503 130
967 372
769 88
1023 392
621 128
843 478
971 851
396 343
1036 908
577 533
1009 328
551 76
858 333
489 124
863 12
905 258
634 37
430 326
774 746
297 186
798 692
138 30
540 45
641 360
311 163
1048 604
1047 868
560 234
540 244
331 168
636 615
368 357
584 104
1015 579
390 128
972 68
868 158
927 105
253 162
335 235
398 344
1026 805
609 89
741 413
277 64
377 100
570 129
186 148
594 439
800 83
853 516
628 130
977 48
800 33
758 58
798 758
976 199
77 30
465 89
918 785
663 469
964 540
909 215
523 468
870 64
204 144
766 679
566 262
863 843
761 699
951 8
440 232
1028 883
792 403
916 439
800 599
796 783
784 425
712 26
1008 632
1038 766
446 337
763 442
182 38
955 660
357 50
782 411
859 545
771 494
380 329
1014 539
611 327
348 343
952 94
453 35
744 232
402 245
804 421
389 6
512 334
666 381
674 493
955 158
940 767
493 129
478 450
462 359
894 111
753 71
529 365
947 427
652 424
1011 549
806 326
522 41
1035 811
1003 636
786 466
688 589
1048 645
748 476
461 303
634 416
1024 104
921 593
376 6
570 465
450 276
31 25
960 229
913 641
745 510
334 273
998 325
576 566
566 210
446 68
738 265
592 186
460 369
259 214
359 347
334 155
889 165
967 449
948 588
962 488
612 503
1011 111
670 234
611 334
1010 684
191 144
1047 783
899 372
710 549
956 863
656 630
265 69
324 104
216 213
870 511
718 574
901 267
994 665
417 73
988 265
488 373
646 479
908 702
685 643
244 223
410 40
894 109
557 88
507 318
684 602
975 53
600 192
513 353
790 50
505 281
581 122
555 157
1012 127
339 190
897 384
744 170
874 26
1036 624
552 338
720 426
456 239
364 353
949 188
822 244
591 485
1021 571
584 356
860 590
462 323
319 187
625 61
786 732
795 404
279 94
939 433
555 227
843 120
504 28
330 241
513 416
362 131
669 562
907 71
1032 245
943 935
948 448
1018 121
459 143
191 172
432 261
652 258
973 433
751 614
930 550
705 624
893 868
497 145
738 234
545 396
523 209
781 46
941 407
957 861
657 459
980 315
917 203
926 36
741 359
512 394
524 446
611 21
702 627
899 430
1024 673
509 21
564 390
810 597
756 373
905 54
788 83
261 4
772 354
728 331
946 371
793 521
580 577
961 485
740 358
564 208
1023 512
869 430
752 424
993 713
525 356
887 789
783 102
1034 776
482 436
1020 752
699 47
416 361
862 743
844 649
857 81
395 85
674 140
175 73
897 875
727 674
525 118
969 509
730 538
368 163
617 14
505 24
500 319
277 6
961 534
973 958
117 81
681 516
775 696
937 506
593 331
674 273
838 41
720 269
857 371
990 94
607 242
949 165
690 114
491 6
884 36
993 269
1031 875
790 344
370 4
837 110
707 220
418 209
332 150
592 108
1005 772
1022 435
1047 437
660 462
916 9
813 189
756 717
312 109
333 143
186 31
1002 847
1039 738
839 325
629 480
780 4
797 104
956 39
326 146
916 895
370 231
881 810
1008 693
406 366
700 283
327 213
908 323
905 412
1015 169
918 439
748 168
573 214
1020 289
734 645
835 274
766 647
377 245
943 207
548 531
437 73
1032 661
992 364
583 233
814 271
854 426
862 715
979 473
858 45
727 696
828 129
1048 314
216 69
708 527
546 326
706 501
812 420
888 658
921 84
519 319
741 713
291 276
604 362
276 231
576 508
969 956
921 489
138 19
576 123
762 80
105 83
917 736
595 370
683 53
431 260
928 653
794 173
1031 791
732 110
630 212
371 25
814 187
463 247
617 460
261 26
950 628
687 505
697 300
1014 141
913 389
430 311
1009 88
656 503
889 520
860 557
1036 838
899 23
1049 24
415 340
410 237
976 718
674 637
671 302
533 210
1022 610
405 224
896 562
933 651
998 464
460 174
763 270
577 390
649 632
779 289
694 472
1007 596
372 279
647 297
418 70
926 594
114 80
971 568
972 920
1012 616
925 359
163 44
764 114
788 159
821 718
445 374
854 147
753 26
976 605
956 619
484 247
642 320
1030 965
772 499
283 158
825 423
1025 144
999 328
514 339
1031 434
730 25
1024 93
525 226
446 390
715 671
1038 185
656 383
387 268
749 131
462 306
938 498
537 159
750 491
751 740
1019 964
397 18
953 580
312 198
351 85
827 350
486 391
627 232
774 443
487 161
304 303
695 57
508 406
895 176
620 333
864 302
1030 953
593 166
683 468
823 59
943 246
385 46
995 620
443 160
150 66
404 145
932 490
365 245
196 76
651 139
448 354
801 764
212 155
737 119
578 65
265 141
447 316
513 188
752 257
647 139
968 534
612 260
959 941
211 41
815 737
870 764
816 743
881 340
595 137
819 586
843 224
984 117
944 615
418 106
87 32
713 195
632 198
432 297
949 893
746 445
479 342
1012 330
774 521
830 505
955 550
904 775
559 537
1046 297
978 79
915 54
598 456
649 473
971 275
1022 715
972 137
709 215
343 109
640 435
895 207
964 345
502 482
935 188
667 491
511 362
512 229
500 228
884 741
877 196
762 237
775 718
673 507
272 76
615 179
946 817
485 395
845 595
558 243
685 415
582 511
368 115
1015 339
200 11
354 160
810 336
309 215
827 383
493 205
519 456
650 227
937 348
941 144
606 456
816 657
785 117
892 40
469 363
104 39
712 262
488 45
853 121
928 553
556 434
939 94
843 597
897 171
563 165
1009 760
1030 928
322 54
995 44
903 489
1038 404
1040 963
188 14
967 623
471 250
675 340
394 274
832 579
996 939
614 595
291 117
970 458
855 89
978 753
834 39
601 252
650 225
1022 266
646 388
916 512
910 276
825 79
810 318
957 76
857 92
486 327
530 515
704 324
778 9
590 207
122 91
516 200
963 839
430 147
723 396
769 332
961 392
775 45
995 285
561 391
1021 870
722 692
1032 580
715 590
1016 19
928 29
822 766
604 470
627 209
651 460
733 104
812 488
908 25
511 200
474 72
1041 894
473 191
276 130
738 638
874 177
965 302
955 588
434 269
242 33
925 894
720 595
728 218
973 277
1015 928
1043 99
1048 261
345 297
980 641
1031 659
115 89
312 153
769 461
946 463
326 194
431 133
620 430
844 796
684 524
995 955
739 209
758 215
965 887
927 280
730 360
982 950
713 0
851 49
656 479
806 707
444 16
626 114
681 192
637 164
389 21
797 219
928 237
732 514
913 897
482 246
545 204
728 651
879 728
905 835
791 563
738 107
981 787
836 245
1024 451
952 166
1012 200
473 26
1045 208
410 318
676 128
933 58
725 179
713 252
586 209
689 416
422 183
714 639
976 203
468 283
652 413
473 259
666 555
643 481
69 66
885 656
964 610
289 139
455 148
284 5
679 608
1016 163
1028 686
698 436
743 372
388 124
610 363
559 405
759 661
686 91
605 63
610 433
731 353
1029 577
924 881
717 431
538 260
832 495
272 128
803 38
854 52
919 639
934 672
693 324
70 65
719 434
687 71
937 37
1036 785
770 353
713 635
705 288
823 576
700 36
582 201
785 330
404 357
1018 226
742 97
1042 399
368 138
796 530
1000 164
286 110
496 416
774 559
406 134
671 361
667 291
1007 359
1003 912
821 598
947 129
660 316
710 84
873 340
729 609
312 222
419 382
486 339
929 146
801 423
588 12
945 195
855 412
668 498
933 428
887 651
614 173
732 56
773 544
819 445
825 615
877 489
410 267
354 115
519 36
1025 523
618 55
387 322
747 696
995 632
1013 125
576 215
888 118
364 143
495 326
645 310
442 356
412 24
440 212
401 338
672 83
996 835
646 291
517 118
858 621
645 597
988 612
645 117
918 915
826 522
435 263
394 387
971 17
571 481
919 407
802 742
788 334
1002 412
737 135
797 616
758 543
643 611
771 205
528 487
847 140
477 457
853 823
863 811
680 43
707 349
842 749
694 337
639 534
1035 388
984 291
355 137
941 673
561 542
302 275
494 492
361 2
334 202
901 554
131 87
644 168
324 238
1018 150
557 229
672 310
973 849
775 358
776 704
633 37
785 18
811 749
594 370
875 679
722 506
748 502
564 154
997 236
777 357
1004 135
447 358
484 143
534 238
745 445
256 164
705 106
812 784
815 72
407 179
933 538
850 159
603 108
975 777
330 226
798 422
754 193
448 439
923 679
613 368
784 649
623 406
622 172
818 56
142 2
882 149
540 359
978 595
839 114
333 135
454 61
929 248
934 807
919 397
495 279
959 124
903 376
661 117
648 256
490 453
900 779
685 320
949 779
951 541
1049 654
810 641
532 59
744 691
324 62
922 774
786 138
384 239
292 99
656 132
1032 926
902 454
758 148
593 272
515 358
950 473
855 203
914 167
1017 308
615 349
931 307
501 368
731 170
140 39
922 348
754 362
835 617
679 562
499 111
211 85
820 735
283 17
406 310
1031 835
1048 120
841 815
761 280
1028 472
543 142
961 766
912 750
975 972
1004 112
231 124
173 4
651 370
376 254
922 602
534 284
344 183
815 593
747 627
899 310
586 167
570 17
953 358
698 505
742 118
689 340
1018 225
961 291
413 243
786 286
389 307
511 146
739 724
762 489
805 665
937 168
369 338
644 70
420 263
737 495
631 446
435 369
485 229
861 292
987 620
973 702
971 576
861 842
766 294
1041 737
1039 833
376 109
835 196
830 44
467 363
961 537
845 591
884 32
937 900
463 87
726 582
464 29
538 105
593 29
997 204
908 198
777 126
547 315
951 504
793 597
984 524
887 329
445 135
494 425
531 436
173 111
583 360
790 722
849 464
955 403
1019 319
810 764
700 415
990 394
629 546
554 403
281 33
852 309
871 573
680 37
577 200
575 497
925 692
525 122
925 311
688 662
918 799
718 15
610 444
706 388
185 13
840 167
986 60
385 243
592 163
588 511
650 297
719 295
616 51
459 435
501 269
347 205
362 230
823 808
435 145
903 760
164 141
682 322
499 362
948 590
698 127
679 274
172 30
726 177
841 257
881 676
421 365
457 98
618 133
740 523
863 125
911 19
1034 813
769 19
637 385
332 304
1045 775
816 430
759 631
748 729
761 195
684 400
1022 109
525 280
775 257
741 474
780 241
308 249
744 102
749 688
933 407
940 821
790 614
128 125
914 773
671 646
675 531
54 33
954 488
363 50
369 346
885 272
460 453
912 241
905 50
876 149
552 461
125 69
948 267
300 224
513 479
850 283
550 267
229 187
281 138
951 918
706 108
353 3
923 440
988 302
849 346
760 650
827 328
1023 463
581 569
968 884
695 666
858 189
582 464
887 694
1048 667
934 306
959 886
665 593
368 126
211 172
566 217
332 173
846 236
985 630
501 18
936 681
1003 139
1010 183
705 312
684 652
895 501
858 528
385 246
315 262
860 498
460 155
944 53
920 282
602 570
652 117
737 679
485 60
812 559
311 35
294 91
656 499
491 104
568 474
869 840
809 808
880 127
983 890
1048 501
724 343
188 95
733 628
924 159
1019 985
123 70
768 585
1011 1007
1002 960
214 179
980 461
806 10
1044 104
965 480
994 567
833 180
1049 368
558 84
375 131
458 305
990 893
299 275
593 427
989 460
756 161
682 137
422 83
846 345
887 749
268 230
533 327
295 139
612 288
962 799
828 237
786 692
644 593
334 135
495 309
840 253
586 184
736 50
466 108
907 322
720 136
743 505
949 447
1021 969
766 722
646 428
685 342
756 121
740 315
624 42
686 136
688 378
923 183
985 620
849 628
988 822
879 627
179 123
1040 544
999 837
834 16
947 886
876 201
929 153
1006 842
700 318
433 68
97 40
1032 529
978 629
738 557
701 75
650 635
689 441
521 375
675 462
981 788
395 19
757 217
549 293
955 713
846 584
717 43
432 7
651 536
950 719
394 88
559 200
536 504
846 647
840 628
589 159
761 385
725 381
166 138
842 158
1009 330
721 434
585 47
845 502
836 234
877 650
385 7
1022 223
966 683
1035 590
867 429
626 121
916 150
595 395
925 503
899 664
250 56
757 389
477 323
1030 739
989 105
443 421
795 657
999 946
949 751
753 314
675 336
672 231
846 393
540 162
341 2
544 352
967 909
1035 900
290 186
625 606
1017 128
938 864
958 904
836 55
988 213
872 270
691 594
176 99
953 367
236 124
917 430
788 508
780 74
778 555
530 346
944 43
946 20
806 584
966 825
880 257
318 210
738 227
828 9
619 204
718 329
804 449
273 210
378 185
525 35
1037 663
670 191
1035 810
727 21
907 619
976 609
1004 668
809 798
262 72
252 1
780 725
361 236
608 562
704 242
485 352
642 432
924 854
881 270
837 358
867 412
828 826
793 127
924 190
754 125
945 754
710 463
903 467
504 338
804 214
961 564
644 590
474 254
745 299
479 423
780 614
428 74
561 423
716 490
451 400
263 166
917 207
683 145
1016 303
654 219
878 827
959 737
514 65
1032 2
625 349
116 1
214 71
617 499
986 471
862 547
668 360
1012 26
1020 783
842 0
951 699
597 248
1038 334
514 76
528 210
463 81
680 598
369 298
889 634
1016 715
800 187
353 239
885 408
914 57
192 6
404 225
836 304
390 138
374 22
570 83
1011 583
749 616
995 244
965 518
448 63
839 145
634 510
712 164
642 587
849 818
189 121
582 143
416 277
354 163
97 56
940 594
927 674
793 94
883 585
798 346
845 124
849 349
754 350
590 7
433 160
456 336
331 277
994 408
642 217
674 225
785 356
892 115
160 140
600 128
475 258
217 111
612 445
1011 15
541 341
970 538
604 98
688 576
321 56
960 52
539 56
586 491
558 203
475 461
628 87
929 878
946 103
904 564
269 245
842 322
685 335
422 142
824 289
976 699
742 466
426 132
52 32
769 296
717 607
854 69
1047 454
758 201
497 84
871 761
204 200
1035 471
931 428
562 458
556 216
951 572
924 244
886 745
211 154
490 188
552 96
720 590
910 836
957 850
663 5
260 3
889 262
901 319
779 546
1020 260
1016 425
801 642
763 629
689 54
785 497
363 184
858 398
581 315
878 492
830 260
1036 55
310 235
525 237
702 111
497 35
922 294
249 187
546 34
248 198
652 370
1023 853
592 307
92 86
797 266
803 656
719 516
979 357
335 145
205 21
131 61
488 403
501 253
841 783
775 305
575 280
891 709
947 75
795 269
1015 252
658 584
57 56
647 497
858 6
919 118
794 326
471 39
299 81
998 340
878 166
955 363
634 592
718 714
952 698
87 71
640 37
636 443
484 442
664 387
886 0
573 375
730 289
516 252
378 304
876 727
1043 533
512 424
811 142
570 321
125 108
838 650
940 100
435 199
1003 582
453 23
606 108
781 674
851 265
865 680
1016 534
583 27
898 663
429 173
353 256
921 681
820 176
124 10
238 70
741 88
746 712
462 204
864 149
855 774
1014 307
403 296
868 335
225 98
854 249
602 69
813 753
836 367
886 811
858 681
343 252
988 570
833 302
632 43
971 856
880 217
631 451
359 252
539 63
36 23
965 944
1032 266
516 458
725 449
1032 396
883 28
653 264
913 821
561 556
17 14
385 61
942 400
398 159
434 398
878 819
820 17
857 369
137 107
104 68
171 75
273 127
475 145
483 138
297 158
459 423
633 153
423 255
188 117
257 173
815 80
512 85
921 31
1006 422
815 501
793 731
489 299
922 913
764 137
653 427
747 525
943 830
892 212
395 336
822 681
983 367
1037 964
891 435
420 252
733 433
427 148
901 795
479 457
343 190
278 268
222 34
587 586
901 167
755 369
670 115
944 897
423 268
488 465
959 145
140 103
773 88
635 138
396 17
1016 453
466 148
851 423
902 638
519 7
576 550
837 481
296 187
789 68
852 146
260 213
648 385
1001 760
791 509
711 400
795 152
430 300
554 363
295 194
970 735
711 204
287 178
805 380
100 31
1032 948
376 362
885 217
818 199
481 341
981 627
1035 424
842 752
902 731
726 602
548 523
1043 390
968 380
731 627
779 449
768 176
930 495
695 580
307 110
898 699
974 626
478 438
510 203
634 616
726 348
762 13
494 367
258 141
973 401
893 524
912 525
1027 389
397 6
986 314
461 178
151 79
686 575
1037 974
616 551
1001 842
417 64
748 713
1049 373
415 387
1002 572
514 16
450 49
739 166
443 32
462 335
1010 470
712 109
653 392
851 12
443 9
757 705
478 178
959 7
725 546
269 257
380 166
386 366
489 279
314 311
984 796
878 174
704 34
815 323
1015 1012
492 438
916 332
40 38
749 658
555 71
194 50
516 419
982 95
227 180
949 456
963 882
869 582
780 132
768 526
505 198
191 146
809 324
698 286
1048 167
957 292
981 918
756 17
621 474
734 165
1021 448
676 539
1048 840
893 496
993 249
982 434
918 428
179 49
946 595
1012 671
466 204
322 206
505 486
244 143
739 72
1023 288
755 713
444 404
973 253
272 108
543 463
648 117
504 100
388 272
875 66
1025 424
837 293
249 111
824 775
444 190
704 552
1023 159
700 254
789 25
1045 757
774 655
600 473
817 335
371 140
538 454
971 142
805 528
449 12
613 391
598 247
114 42
385 213
987 877
509 94
901 343
794 313
1033 643
576 226
225 224
354 329
615 106
694 282
858 200
324 259
948 644
791 383
1047 82
842 67
165 141
756 743
370 28
571 403
328 22
948 720
350 195
348 126
561 96
909 827
551 305
804 206
635 328
771 400
962 22
621 453
523 445
926 401
729 651
1000 927
554 470
894 349
602 418
587 151
847 740
581 208
1018 117
489 71
205 191
823 111
338 161
555 331
617 317
1006 125
539 450
925 618
658 218
1033 716
936 835
931 463
318 292
857 420
1016 769
393 148
737 142
690 597
693 652
442 340
708 633
110 36
587 334
981 678
658 649
950 44
964 648
800 713
962 457
928 504
774 709
576 382
1029 854
375 113
755 374
967 416
990 349
422 343
981 912
803 234
666 302
1041 241
624 384
1048 553
1004 896
877 223
825 240
374 187
371 150
533 247
992 443
272 178
915 372
875 107
929 306
14 9
545 195
68 67
800 114
758 437
729 189
992 190
375 334
514 422
1014 564
1014 180
218 45
842 242
95 54
845 167
454 343
929 40
783 277
1009 736
619 343
850 10
794 568
544 13
951 299
407 114
663 513
773 68
165 35
475 223
728 423
974 381
746 333
685 167
971 441
617 0
1047 805
1024 855
633 559
929 625
1000 989
890 257
1045 772
492 443
249 137
516 237
493 236
1009 61
690 19
439 222
786 121
850 46
460 336
649 543
620 331
932 211
1049 330
732 283
997 959
700 366
697 530
607 146
973 718
924 757
372 278
828 182
931 350
571 560
270 266
868 509
76 54
689 316
872 280
663 280
536 458
382 241
869 189
305 299
658 333
999 151
794 432
999 453
985 487
735 717
1034 682
352 299
876 212
664 186
812 2
865 488
669 36
939 229
662 382
791 62
467 188
980 74
809 692
895 249
837 563
443 381
349 245
834 526
978 625
537 453
337 47
963 199
310 0
539 230
553 210
1032 1030
446 445
1039 276
925 545
840 483
953 711
984 571
563 493
882 126
71 22
867 797
871 169
665 349
298 0
439 268
690 327
975 482
211 138
770 460
805 55
668 533
483 459
713 434
790 696
778 433
825 714
479 108
1032 321
693 2
864 318
1042 801
796 332
1040 1036
695 349
502 137
994 525
934 727
680 25
718 677
677 200
587 556
859 858
122 79
962 618
673 536
970 274
676 20
792 687
940 620
928 636
716 126
600 538
851 273
1034 658
966 810
630 512
997 600
901 833
658 606
1016 665
697 553
720 277
343 123
1038 995
911 667
920 441
621 12
299 284
1000 987
512 362
777 749
503 342
798 388
929 422
1035 970
731 25
508 62
968 899
564 345
564 157
1020 280
825 606
1001 952
799 180
915 415
428 22
968 559
977 626
639 453
649 503
131 37
823 293
852 614
1045 434
674 359
285 261
903 52
641 109
856 0
996 85
1038 571
814 402
215 127
444 147
300 108
1047 1034
660 277
869 828
294 106
991 957
766 146
864 347
714 101
321 207
214 161
1041 322
731 507
568 558
671 504
703 38
361 197
655 449
621 176
952 165
823 162
798 389
562 144
495 22
823 677
376 363
867 556
200 116
825 63
1033 174
872 733
659 154
486 254
434 108
1003 152
622 106
435 207
590 454
742 272
385 290
967 66
583 567
599 40
915 521
853 842
433 352
598 551
973 34
667 581
1030 304
1008 863
1048 214
704 376
457 282
761 94
706 166
676 546
871 40
194 163
1036 764
886 823
479 368
1025 837
1003 51
626 58
1006 277
584 133
763 564
417 231
773 590
792 759
978 876
972 369
1025 599
850 569
806 375
785 139
575 348
932 278
989 906
887 259
404 372
757 630
766 86
973 111
888 701
840 400
736 329
616 38
1010 362
842 50
435 297
983 771
233 152
886 565
663 272
432 134
870 728
829 236
459 275
706 606
892 700
336 160
667 93
941 378
603 275
554 95
559 485
653 588
676 375
714 390
489 401
968 273
733 1
970 119
753 169
463 433
478 41
678 273
649 32
144 142
933 864
973 414
677 6
801 180
723 277
801 137
864 94
434 104
955 663
353 312
640 150
1000 787
627 41
753 246
455 163
363 359
408 391
1030 625
462 311
290 111
895 134
553 487
647 329
715 701
1023 394
549 158
467 134
991 180
984 615
590 223
907 745
585 567
1022 884
880 26
679 155
177 153
887 360
770 186
1001 367
865 30
598 554
837 93
225 201
649 501
299 82
480 65
751 35
753 6
852 306
947 20
440 286
339 309
296 206
529 17
555 326
577 195
988 387
620 384
846 761
820 56
171 155
949 379
879 598
994 523
622 345
411 145
431 409
987 486
969 242
472 310
457 194
892 108
933 589
603 406
1043 305
819 754
416 32
990 618
748 705
751 518
766 189
738 679
553 80
807 702
256 160
945 147
905 101
871 52
705 666
547 148
930 617
749 230
655 70
690 50
788 571
709 690
308 196
923 276
539 81
527 526
823 727
1008 148
484 292
994 537
935 865
778 401
672 214
985 501
67 36
750 384
186 26
1011 421
350 199
877 39
631 410
992 142
944 6
647 262
506 323
468 133
947 261
423 105
768 49
959 446
514 134
979 538
1048 842
368 1
725 580
895 29
249 169
551 504
699 116
273 191
210 98
1022 1018
757 749
621 554
767 98
540 12
678 474
469 267
824 223
848 497
467 25
363 242
285 2
875 237
1048 182
952 796
434 333
639 584
758 634
754 69
913 302
566 323
408 366
324 163
789 341
423 276
1010 301
917 14
673 524
716 56
918 402
1037 422
981 299
806 264
874 684
931 45
111 9
676 91
879 408
1039 729
721 1
675 79
188 170
883 351
705 439
681 609
327 262
951 947
762 214
981 47
853 494
462 295
996 510
708 81
1030 361
1008 463
722 551
534 289
865 746
915 377
808 329
850 659
1037 361
160 3
542 129
433 16
998 897
800 104
524 5
680 414
938 925
1033 108
815 612
451 226
953 270
977 834
397 232
337 176
151 98
1012 877
526 52
272 121
556 494
616 132
982 83
542 6
993 683
634 526
838 826
471 31
681 577
932 470
861 538
884 288
582 55
671 81
690 236
653 69
816 448
995 15
582 522
948 481
360 337
888 381
1035 323
353 238
934 793
1038 839
617 485
666 372
716 619
863 858
933 156
931 651
965 405
656 232
