1000 3000 1000 3000
988 770
227 68
855 568
795 658
544 25
951 282
693 7
934 364
799 33
589 231
313 273
708 277
724 548
558 129
447 413
882 369
777 742
805 608
464 351
535 266
981 856
827 206
218 42
522 482
834 188
738 50
747 416
572 90
311 41
742 699
487 2
961 81
906 143
67 44
391 369
846 671
693 431
729 450
934 126
904 465
279 96
821 341
585 409
983 572
810 687
429 288
210 83
485 145
747 579
792 435
974 0
51 36
876 218
526 161
961 159
854 57
847 28
443 323
944 496
493 77
973 7
899 630
769 80
508 496
982 310
906 602
601 120
760 729
938 639
965 385
858 725
267 183
893 284
988 774
900 665
683 54
281 27
562 131
763 337
671 24
752 205
933 109
994 845
758 604
661 504
933 632
447 94
932 607
929 282
902 754
880 84
756 246
608 246
972 401
728 542
610 424
918 525
908 719
848 267
181 156
244 34
966 110
812 796
347 272
457 310
703 626
869 22
700 192
317 219
856 697
349 168
854 709
951 482
759 676
919 843
408 20
859 670
978 233
757 200
983 830
786 169
819 612
890 188
511 399
786 329
859 350
446 38
927 643
681 499
144 108
660 151
774 309
833 275
841 224
645 317
164 82
781 509
881 180
963 298
493 110
447 271
954 19
587 549
745 132
177 112
532 516
998 931
860 588
673 494
483 208
908 434
922 724
387 135
762 116
401 21
784 486
908 644
240 120
879 174
647 123
528 475
961 402
873 576
772 315
377 179
803 99
788 417
800 376
784 753
999 687
907 165
992 137
989 823
557 505
482 263
185 35
855 642
286 283
703 120
663 592
673 586
299 137
723 703
759 101
844 301
924 127
175 123
563 128
626 236
819 294
497 108
624 489
850 494
682 377
182 106
437 243
476 237
701 279
208 96
729 579
873 204
948 237
692 366
868 369
416 7
400 78
944 347
849 742
688 447
924 814
868 107
715 429
598 225
459 153
273 109
444 405
706 633
867 808
628 610
559 425
913 272
384 336
376 4
655 115
388 116
156 139
645 505
956 107
869 563
757 490
469 342
832 381
914 86
418 396
849 79
922 683
145 120
906 639
940 453
972 310
966 636
819 321
317 232
530 372
660 235
951 605
977 292
597 335
668 197
869 225
434 26
779 147
625 33
357 351
378 132
610 578
897 626
853 78
896 551
870 569
864 418
654 342
357 147
215 123
813 176
696 257
927 766
951 561
634 274
817 579
749 334
680 133
656 544
809 570
789 728
965 949
783 402
651 399
635 525
912 750
750 309
655 133
596 506
619 573
765 247
828 445
940 174
862 839
966 638
144 64
158 14
466 210
505 386
923 670
842 539
799 436
874 521
930 914
731 428
533 188
812 727
851 362
692 307
941 793
622 100
238 131
600 120
999 205
907 824
797 106
854 294
870 731
817 190
818 295
833 755
488 267
853 45
526 405
340 233
350 4
462 349
753 240
901 401
309 261
872 353
791 584
985 619
495 199
754 377
333 261
863 53
22 17
972 629
672 378
793 605
624 55
613 178
393 290
474 149
612 407
948 144
972 792
856 825
857 414
854 468
372 237
803 87
912 541
746 251
760 220
642 513
909 374
710 509
509 391
630 477
811 628
420 246
963 227
374 295
474 119
965 473
950 686
879 646
494 259
955 491
740 118
568 319
818 115
693 193
817 611
365 323
858 625
745 39
981 528
179 157
639 504
932 416
195 179
442 96
504 236
366 8
466 424
916 289
700 540
262 28
583 419
783 157
500 66
569 242
887 130
775 304
714 418
878 196
558 86
851 121
565 51
643 417
928 24
959 557
999 151
552 230
513 117
766 344
679 431
443 276
744 334
725 196
720 501
997 252
805 222
975 635
695 636
839 789
293 32
633 181
805 427
908 88
457 316
542 142
735 465
777 116
858 247
769 212
757 467
391 341
940 119
621 312
987 51
441 301
543 468
573 140
851 311
767 521
424 307
875 286
866 281
943 555
995 786
881 809
779 39
931 548
468 44
862 194
848 101
988 875
658 52
928 771
958 388
908 509
894 419
704 621
516 424
609 272
939 282
542 309
976 131
859 614
677 208
839 542
478 383
667 105
919 546
759 129
427 270
751 639
432 23
756 747
953 91
883 703
406 16
703 441
741 677
860 633
974 575
712 366
426 210
817 638
649 325
303 200
589 325
231 174
525 84
947 70
641 388
659 231
934 829
600 486
787 130
893 334
555 132
964 666
572 266
321 97
909 772
593 183
718 13
233 20
949 189
729 239
234 127
884 291
949 318
970 493
701 689
720 593
692 164
409 245
887 10
858 839
514 141
863 498
289 166
792 594
885 677
327 98
604 151
303 4
503 76
786 184
965 213
772 562
864 465
909 661
540 113
923 42
720 12
999 826
637 331
705 634
914 748
567 397
717 259
417 395
670 201
766 583
937 144
895 295
368 85
932 825
940 478
674 141
423 299
862 161
847 735
488 48
680 235
819 126
720 190
236 11
661 476
756 628
422 339
429 418
661 524
707 467
84 6
808 140
871 724
785 270
585 521
922 753
944 357
561 503
591 241
675 660
928 632
869 423
675 635
912 215
970 734
244 131
867 606
854 593
580 101
688 176
959 54
476 426
979 934
391 169
858 242
224 138
81 22
910 7
586 510
728 585
928 243
645 478
928 855
890 704
986 357
696 191
895 43
969 951
905 708
174 170
502 78
119 95
968 511
649 49
563 231
761 356
966 901
409 96
829 314
765 638
947 122
686 269
967 350
445 28
913 106
911 93
998 71
818 43
435 267
229 200
716 706
995 468
230 224
802 640
903 680
986 484
952 839
798 590
529 156
517 215
967 594
549 55
301 206
517 279
858 537
517 367
734 336
754 508
726 325
685 559
398 117
580 497
985 293
239 100
755 17
842 46
990 595
931 364
497 355
588 140
894 197
677 15
842 770
364 54
861 38
403 337
986 323
131 118
833 480
362 84
191 166
434 20
728 116
537 386
626 440
148 76
247 151
886 219
539 183
688 352
276 135
984 619
769 245
854 363
267 26
694 531
962 909
916 599
630 550
349 278
651 380
700 472
830 125
893 774
665 526
893 856
788 117
911 644
883 14
948 83
959 505
692 195
451 59
190 137
563 184
756 734
878 783
505 59
661 209
519 118
617 208
453 308
558 525
822 69
170 5
371 134
216 193
872 410
154 122
820 706
358 335
602 189
879 76
576 472
784 209
670 668
637 289
727 356
498 303
935 555
778 588
812 90
844 674
686 343
456 380
319 37
751 158
962 502
645 165
899 893
537 298
982 72
936 414
931 614
752 376
883 162
514 102
804 395
578 560
812 667
41 0
661 92
962 853
735 153
777 517
213 138
281 61
467 75
896 384
744 547
789 656
843 575
594 221
679 596
599 7
792 741
951 258
877 615
742 241
593 66
513 365
766 453
250 90
227 217
909 281
927 850
566 296
455 118
914 56
939 337
423 135
668 557
870 19
513 492
554 390
658 512
760 731
364 296
975 887
439 424
897 737
691 214
901 839
991 636
846 779
841 25
321 3
457 343
470 223
573 77
754 540
499 290
553 74
966 598
68 19
521 99
860 818
748 159
943 593
927 842
389 72
691 680
920 799
595 580
343 156
761 503
745 46
925 894
771 295
925 896
926 283
599 81
669 604
502 82
703 369
315 103
846 473
493 259
999 2
984 723
559 198
814 799
950 461
409 395
702 506
854 768
912 732
597 140
881 805
363 203
847 635
986 2
955 741
577 42
227 182
710 471
959 566
741 26
786 777
838 180
916 531
823 480
728 626
459 70
256 43
415 372
907 872
835 797
674 231
323 76
821 724
859 386
802 699
884 195
550 488
813 383
753 368
326 182
948 528
798 14
927 676
363 242
225 71
489 98
758 355
718 469
891 744
583 257
250 228
928 80
330 136
950 717
523 263
805 625
543 521
505 1
804 571
993 283
892 662
669 468
884 111
837 236
876 395
933 740
827 2
564 478
285 111
430 21
882 715
381 293
363 334
521 240
838 172
711 443
841 179
738 17
524 301
645 504
910 432
734 629
837 51
368 10
897 104
659 202
289 44
615 251
891 738
436 125
335 44
253 243
917 257
547 434
303 128
210 134
933 665
974 579
602 15
565 509
584 107
774 756
975 464
647 630
995 731
930 500
907 856
845 384
867 2
976 188
140 7
387 9
731 584
853 343
915 66
771 17
690 461
770 472
795 180
740 517
635 626
625 80
788 45
845 295
736 55
921 304
326 155
204 169
984 327
559 0
534 71
842 437
611 586
992 118
883 222
698 121
747 699
968 427
682 201
909 435
254 75
769 326
405 332
534 347
818 674
397 12
554 361
529 331
418 279
214 178
791 1
757 575
958 774
975 616
841 238
244 231
457 421
905 100
714 143
926 175
553 199
574 413
717 286
926 171
968 735
537 211
404 92
763 563
999 523
648 380
716 703
762 615
761 207
414 302
368 290
849 221
899 655
600 397
817 337
765 399
592 99
929 280
404 316
186 177
349 228
989 302
558 282
779 617
940 864
234 221
912 304
512 208
848 520
802 436
772 188
958 517
508 425
288 99
514 103
830 715
570 56
819 53
968 494
729 489
837 372
900 456
361 93
892 617
571 434
861 557
742 70
581 503
928 128
598 566
774 482
548 94
214 3
611 574
958 266
836 677
736 693
622 383
128 39
93 45
429 355
942 448
406 176
994 484
364 45
573 381
923 542
988 982
925 77
386 174
436 346
467 67
847 463
951 95
894 4
796 778
866 256
940 267
294 91
961 108
839 129
759 371
393 30
187 30
408 138
908 180
553 368
634 592
860 741
861 266
525 357
768 264
919 163
739 318
875 130
638 92
706 579
913 684
645 630
501 148
769 45
777 395
572 104
609 310
905 623
856 656
960 610
537 31
916 543
280 167
574 153
970 400
276 263
483 78
698 345
996 814
888 732
730 124
833 809
523 395
346 20
904 69
355 325
759 229
668 570
224 133
163 53
670 406
109 45
725 291
678 340
951 299
956 251
718 441
559 372
246 101
665 615
424 401
649 283
983 290
540 270
714 166
482 131
498 186
695 329
835 620
737 143
612 180
513 200
258 105
650 153
259 52
684 616
531 129
977 595
403 142
934 760
580 336
886 768
475 82
765 400
851 473
75 70
472 375
938 713
793 135
419 59
998 70
742 341
962 306
384 280
955 148
777 701
104 27
637 568
960 752
371 242
669 338
561 63
780 417
904 677
612 249
385 107
522 466
732 160
986 884
828 329
877 472
326 300
764 599
464 233
529 508
901 395
608 249
450 339
812 431
952 924
910 5
515 422
778 175
839 19
760 298
392 130
990 296
903 344
912 441
646 304
617 173
264 224
989 438
973 636
769 545
710 317
965 438
622 305
495 253
236 80
984 888
600 548
869 598
901 65
703 375
747 661
972 534
991 618
830 121
866 254
754 419
695 377
378 240
658 75
846 103
720 467
710 315
826 414
721 464
611 242
710 403
459 281
859 636
985 486
867 649
590 163
718 85
707 295
851 505
367 282
692 417
976 496
699 570
667 292
812 195
933 213
191 40
422 132
200 14
959 701
901 528
912 158
814 69
285 3
871 479
619 297
656 318
477 101
724 208
800 59
361 202
969 924
681 248
987 124
518 152
229 102
508 59
660 478
893 582
170 10
990 355
498 6
818 735
701 7
402 275
960 837
820 320
687 489
647 28
933 173
789 394
882 819
711 423
985 533
613 500
586 507
446 16
983 787
699 237
951 712
552 125
650 465
461 190
416 229
464 403
757 40
967 653
927 169
954 132
172 148
476 345
640 475
508 95
930 335
549 181
393 134
873 91
851 392
872 84
908 385
711 92
690 5
996 776
877 88
374 77
598 27
205 89
871 154
576 10
572 40
907 892
398 92
714 262
679 347
787 685
848 163
708 629
277 235
829 172
373 229
644 482
758 163
925 13
700 645
885 374
880 608
617 378
941 77
804 78
762 734
930 706
576 41
765 690
949 359
843 650
871 450
704 98
492 105
511 237
44 1
876 656
852 55
345 294
777 453
289 102
526 77
870 56
598 584
472 93
915 453
842 817
75 53
758 316
615 548
943 642
461 347
883 610
669 281
803 251
877 591
871 501
771 119
904 580
752 333
794 0
726 405
988 941
753 578
692 533
364 277
524 445
856 842
671 144
129 78
792 506
748 555
562 100
670 655
629 513
959 589
937 244
667 304
672 507
479 114
859 98
967 529
420 60
243 14
623 304
997 677
620 257
920 413
712 370
365 199
637 166
695 319
589 82
714 13
753 225
915 519
671 307
577 0
851 291
889 334
673 408
317 286
450 282
952 352
981 416
580 358
764 556
503 454
542 433
886 322
931 375
969 451
690 386
258 241
899 611
905 497
942 198
500 424
831 253
844 422
439 34
138 59
743 249
535 189
785 225
374 35
275 259
113 52
651 48
798 65
360 116
720 455
226 207
852 502
594 498
866 846
854 55
650 616
565 183
421 338
185 30
993 442
945 766
487 139
736 537
930 104
478 84
868 129
379 145
438 270
99 68
455 156
850 658
924 765
673 300
913 222
979 201
753 519
560 293
972 688
815 755
973 249
655 87
887 544
490 100
653 168
548 222
677 479
301 278
752 267
663 384
636 254
678 207
201 83
677 93
777 662
492 89
328 37
493 277
732 9
408 47
328 162
839 330
960 195
786 614
692 306
967 890
254 76
957 799
392 312
675 588
547 154
935 74
320 2
390 11
282 44
828 483
403 18
444 42
991 951
642 91
925 549
779 291
40 27
167 71
938 249
698 278
696 526
721 610
705 313
548 527
359 171
729 429
535 447
238 67
625 336
992 157
477 133
818 307
384 213
515 382
485 164
930 691
620 144
913 813
976 89
90 74
333 293
730 527
664 407
731 361
960 895
440 55
344 63
901 79
528 485
202 152
311 129
737 103
813 777
879 778
920 205
770 90
587 468
763 488
495 251
663 662
657 273
892 2
837 575
476 456
623 52
825 780
459 419
863 460
729 305
697 655
398 213
900 727
945 298
991 763
411 45
500 80
627 70
956 643
425 7
458 291
787 529
774 363
784 571
696 650
768 722
920 283
130 2
929 368
748 379
806 431
698 293
887 371
821 594
494 212
597 437
320 312
544 111
868 688
259 212
810 675
983 703
928 298
781 159
999 765
821 385
800 732
964 42
436 50
71 63
188 29
441 135
798 451
442 39
646 126
306 269
399 385
427 83
632 150
648 424
303 123
840 118
981 63
579 64
238 151
449 44
544 380
688 147
245 222
612 268
990 566
615 440
730 89
355 248
985 465
668 610
962 276
510 477
908 632
718 92
553 497
978 663
623 151
355 223
356 349
544 314
467 174
966 34
764 580
834 605
959 714
933 726
267 37
744 710
958 549
613 170
770 435
668 255
679 239
600 128
615 563
893 440
575 258
726 377
899 421
741 420
927 155
333 301
698 531
524 257
357 165
720 327
614 236
655 392
846 744
607 494
778 629
544 150
917 812
551 315
355 213
753 595
610 554
779 454
466 449
779 245
373 343
982 867
383 53
888 220
967 573
949 634
506 473
302 168
453 76
418 82
808 736
669 299
723 576
891 345
920 360
889 10
884 459
737 417
453 402
779 736
331 203
772 544
846 755
536 227
982 227
296 268
488 41
820 76
801 260
269 227
750 258
276 73
535 388
754 28
945 438
534 206
294 116
872 464
952 323
529 456
654 407
739 562
205 110
468 326
969 232
954 296
930 357
807 274
809 398
700 552
629 437
245 156
289 242
876 483
706 578
219 43
803 196
737 387
612 312
719 675
545 272
379 229
476 33
740 466
908 379
771 743
883 533
934 836
790 418
844 103
950 745
790 741
553 53
943 1
549 282
684 578
112 23
840 387
884 160
800 141
680 198
820 799
510 371
681 236
519 389
292 26
900 420
869 765
935 577
590 132
932 775
923 343
938 322
931 791
597 307
273 249
897 473
280 251
521 64
497 191
217 122
343 305
741 237
307 58
950 175
587 375
182 165
499 393
562 402
805 490
794 260
200 100
753 605
577 328
922 152
813 419
542 45
941 383
465 97
908 618
515 155
754 57
819 543
265 148
545 460
556 131
618 313
997 746
704 252
426 271
846 627
984 861
875 400
965 558
718 253
881 373
720 500
748 266
932 239
840 398
236 13
983 774
968 797
833 831
793 446
840 259
647 259
564 218
962 341
993 29
530 523
553 60
820 588
817 127
958 627
924 796
486 203
481 173
722 635
888 52
912 615
641 114
674 200
725 320
336 144
299 196
192 54
461 93
872 498
576 34
494 332
441 37
885 796
197 4
851 180
891 824
966 574
608 93
510 249
899 64
104 87
863 577
405 294
403 247
790 96
753 528
683 357
439 379
745 365
959 334
932 919
679 173
430 27
992 300
261 99
893 476
799 446
933 460
233 30
884 472
901 41
711 449
884 5
964 120
391 302
872 152
856 230
494 159
794 777
631 515
939 34
878 268
393 32
460 250
125 78
690 588
826 682
554 204
420 74
872 246
854 413
111 73
927 110
391 22
163 121
382 235
323 220
912 171
419 108
58 6
305 60
787 525
920 375
864 781
500 90
543 217
415 216
750 24
437 247
668 324
428 366
566 226
671 101
540 89
841 502
526 132
806 241
951 628
421 21
874 869
845 273
997 824
890 792
787 175
838 752
830 120
574 11
693 500
103 76
905 141
758 725
173 95
480 163
440 203
424 233
964 220
933 199
733 118
83 36
771 348
521 209
566 152
802 647
582 3
466 284
759 734
936 724
566 169
801 431
945 659
712 195
712 503
494 4
283 44
914 489
922 120
752 144
738 411
472 428
266 220
972 212
977 211
701 176
953 412
774 557
554 337
946 241
967 459
334 52
950 33
743 44
780 708
563 437
822 99
745 679
557 349
782 291
874 619
677 328
536 180
968 89
504 116
381 272
771 757
905 311
589 406
989 482
408 242
895 883
724 30
326 60
393 142
900 529
173 17
862 781
945 504
446 418
927 485
661 400
982 635
951 426
406 259
996 225
769 370
941 339
950 52
606 54
669 294
553 513
814 92
750 204
958 254
694 149
404 88
741 532
707 378
878 71
740 614
749 123
463 386
837 114
584 388
692 621
537 25
984 463
173 25
745 441
833 133
775 305
987 292
877 654
526 525
185 96
887 33
974 134
872 679
723 396
438 257
374 332
673 495
572 70
623 62
890 860
600 249
102 38
114 61
867 156
855 87
780 174
892 885
353 144
914 569
525 375
750 131
144 122
581 171
137 18
37 33
883 302
537 158
990 312
530 81
398 381
905 492
256 222
954 793
807 156
835 821
314 25
611 599
981 630
450 228
278 200
728 349
878 639
646 388
998 482
672 169
187 67
658 601
867 241
175 67
649 571
119 32
907 810
779 41
981 273
550 281
712 68
954 601
657 320
908 647
521 519
655 496
969 188
883 63
768 728
278 237
32 23
504 291
413 377
632 356
985 418
885 140
487 177
375 88
841 617
571 291
847 798
900 855
694 502
492 20
741 411
685 188
516 456
251 160
845 571
763 486
549 510
518 505
369 273
903 900
934 771
953 631
224 151
974 885
301 188
983 527
744 299
591 103
976 205
971 740
396 209
865 685
686 497
578 352
343 228
567 276
758 23
779 16
610 448
937 535
797 637
387 49
776 648
645 140
822 637
828 580
568 534
554 376
736 106
941 580
197 146
324 261
426 276
877 364
590 463
497 70
684 19
792 416
527 312
847 235
442 89
467 221
575 529
847 628
323 169
893 45
728 352
170 149
468 406
636 83
398 254
724 451
414 100
931 216
402 285
812 458
685 621
774 148
892 318
485 242
438 126
472 266
454 451
948 774
832 423
545 156
572 282
966 221
894 509
855 189
591 118
792 207
642 288
877 179
825 323
840 240
908 165
907 221
562 488
882 767
904 694
985 884
724 668
842 265
374 327
878 344
519 278
592 490
546 513
798 98
302 81
328 251
560 48
260 118
768 624
971 952
767 25
579 46
700 245
850 751
499 296
590 513
943 493
971 684
893 886
530 405
677 304
986 103
974 132
467 10
453 105
181 46
727 403
946 379
804 83
537 139
662 206
930 843
950 405
942 180
712 341
861 277
949 852
975 831
675 593
752 531
782 87
774 629
844 203
573 537
476 293
526 395
836 710
726 111
973 739
389 362
754 605
677 198
276 33
916 305
869 561
561 327
962 938
872 49
423 108
313 133
977 256
859 155
568 400
834 386
604 357
961 924
576 175
454 10
954 441
258 181
984 675
631 17
558 447
790 666
552 61
185 140
110 51
584 240
902 247
889 88
332 210
739 518
941 12
510 369
807 147
767 146
740 135
984 568
636 89
386 32
946 193
537 5
927 726
71 24
446 317
875 421
403 380
881 27
391 27
840 287
748 690
737 294
746 228
334 210
493 352
919 131
646 400
535 33
986 231
628 42
887 739
588 384
570 32
827 641
239 133
403 229
260 224
382 125
216 43
776 226
850 526
869 200
777 131
844 788
678 347
990 501
656 313
386 282
849 633
791 260
186 76
709 76
845 227
400 30
383 353
483 113
817 771
727 645
641 125
876 338
896 511
980 705
446 264
637 416
814 364
890 404
800 582
970 899
871 555
872 857
593 316
982 298
986 601
647 432
789 706
702 531
882 873
434 35
847 547
881 819
718 22
938 419
942 151
953 809
705 567
903 77
337 174
941 850
685 286
402 131
974 969
454 179
843 345
453 422
595 551
734 498
210 167
989 724
577 475
888 548
560 102
289 85
681 531
749 724
838 651
793 44
342 108
973 922
612 518
440 344
397 95
893 346
546 162
357 123
469 90
818 683
675 516
651 0
795 176
473 202
731 588
289 48
541 509
905 181
487 204
743 542
811 559
697 696
636 22
554 270
316 285
409 143
879 625
844 344
984 356
743 86
364 143
803 644
539 245
502 438
669 306
596 482
681 60
461 196
612 486
954 300
390 173
652 326
156 62
553 545
741 384
515 347
985 402
266 255
333 242
489 356
761 188
835 381
622 277
887 412
356 78
943 936
329 200
878 350
470 263
303 3
766 305
291 162
869 387
717 491
253 120
246 178
751 404
123 17
579 59
814 577
545 281
514 45
699 547
862 76
863 103
450 105
797 131
948 540
795 543
530 480
86 77
857 739
426 135
873 410
686 353
582 76
987 755
945 427
266 120
814 218
903 265
829 337
331 216
864 642
668 464
208 150
487 348
784 724
524 255
838 426
721 715
719 316
449 286
235 39
989 536
958 662
847 40
920 463
229 226
276 172
424 30
950 187
239 46
88 41
871 15
759 102
845 745
590 1
738 215
693 234
884 222
602 531
640 16
810 211
995 394
442 417
97 12
821 7
408 277
572 269
433 318
692 180
340 101
133 29
508 437
726 321
400 395
593 279
665 147
135 6
971 955
768 34
252 84
727 159
126 34
655 284
471 177
789 542
826 417
596 556
185 50
845 534
995 792
875 568
802 165
787 478
585 179
335 26
700 237
450 311
968 786
922 288
584 50
903 385
523 34
365 157
652 351
901 596
741 612
282 97
904 468
997 621
989 575
383 271
769 569
609 437
781 367
995 906
235 48
251 223
957 841
898 286
265 45
841 73
666 417
322 6
887 280
744 406
964 391
847 494
959 684
392 259
635 75
883 154
983 826
861 437
766 457
589 233
869 393
581 360
994 471
847 510
421 137
811 742
756 168
414 296
390 366
574 286
539 288
809 126
227 10
949 691
440 302
305 92
225 66
697 512
865 101
999 664
408 183
325 233
642 143
853 447
897 816
937 401
155 13
834 403
980 574
587 194
795 623
268 109
310 15
652 482
275 6
853 131
601 465
790 601
774 523
838 61
935 187
839 15
489 209
754 224
865 732
843 726
964 95
485 425
705 308
792 25
871 167
660 657
575 524
686 585
589 341
809 541
289 224
420 345
721 260
462 319
641 10
831 390
414 162
927 802
260 195
990 472
423 28
210 91
733 560
915 160
891 447
799 154
809 684
492 57
868 124
786 681
611 523
949 888
863 57
981 278
930 799
882 539
847 769
573 287
349 93
678 539
613 493
984 205
748 640
34 22
466 96
802 717
825 311
492 448
383 289
284 122
747 18
942 704
871 319
848 526
249 77
751 217
828 528
927 921
740 285
738 723
717 168
856 82
895 372
844 322
124 63
779 193
514 30
416 159
704 109
804 760
535 272
918 386
783 634
558 537
575 58
998 940
942 801
721 351
669 474
965 934
601 442
902 129
572 259
636 608
828 504
845 433
867 310
739 665
924 261
449 363
336 240
923 121
430 183
281 147
851 323
797 210
856 794
857 68
970 391
597 381
311 235
975 46
789 583
733 281
706 155
419 321
944 552
962 371
356 122
727 285
895 813
624 81
677 355
669 276
516 36
332 67
810 204
931 223
575 363
599 387
532 179
492 472
953 349
932 145
406 151
720 658
808 678
985 453
784 610
775 363
706 231
984 439
887 62
583 10
835 505
324 47
993 850
146 8
404 215
647 16
488 248
340 68
658 507
730 344
911 473
220 164
522 336
991 881
640 273
347 160
591 341
956 445
417 283
977 960
990 852
998 580
971 741
683 609
772 579
472 180
447 301
385 305
298 160
558 507
437 177
733 720
449 277
541 229
295 241
686 619
820 565
766 47
596 13
694 251
904 144
996 324
962 751
657 91
942 4
653 40
679 498
567 361
712 263
968 271
964 479
872 601
203 197
929 258
677 147
693 348
456 173
963 906
870 90
753 700
434 2
689 73
988 359
477 391
811 119
82 48
492 420
764 346
713 524
682 672
981 712
977 258
811 698
648 223
816 485
777 18
433 382
637 550
272 166
988 279
322 261
424 35
602 413
593 42
758 647
877 220
926 6
833 613
351 103
247 164
801 382
560 325
909 553
344 259
891 127
944 521
309 245
993 78
598 471
427 22
568 286
302 121
793 196
868 473
458 1
620 123
264 127
414 92
911 788
335 192
319 97
660 485
501 254
630 113
724 651
586 405
830 322
970 442
149 47
760 399
434 422
947 58
567 214
666 353
525 344
460 29
543 243
292 275
241 237
885 327
492 99
508 312
525 307
208 42
734 730
127 39
308 91
105 27
560 428
425 187
665 121
360 89
866 88
697 659
715 227
687 157
989 939
860 215
632 549
305 102
566 166
991 416
840 228
790 525
815 196
611 476
787 715
144 113
614 544
889 92
473 415
835 230
397 311
677 391
896 482
105 79
679 472
929 154
889 150
918 177
911 339
516 432
370 184
894 843
996 391
618 294
438 368
536 190
68 26
988 229
479 399
291 146
772 745
429 102
761 440
487 51
682 198
397 135
584 166
764 240
921 406
545 157
914 770
716 586
554 437
968 652
936 501
879 447
658 477
961 164
397 35
531 216
277 176
815 668
427 345
948 866
997 235
791 255
805 203
422 294
971 166
806 161
422 255
342 261
896 463
666 547
700 55
946 554
368 306
945 651
709 473
677 434
566 184
936 633
251 162
826 404
504 66
766 701
186 55
762 217
831 224
743 283
748 366
911 716
253 205
612 85
385 4
961 903
880 63
859 32
789 428
778 465
355 32
700 35
667 500
708 326
671 580
842 45
712 521
220 153
689 115
802 801
797 745
641 580
765 172
870 410
971 463
655 413
993 457
886 617
496 205
654 270
587 359
513 190
783 372
967 351
522 127
947 204
850 518
61 58
481 382
375 33
898 218
705 305
703 624
445 167
973 4
138 121
969 757
745 78
979 462
962 347
341 165
758 378
988 553
999 536
924 742
981 875
937 436
497 247
633 344
727 694
898 420
498 334
432 201
555 94
780 739
930 823
996 100
389 42
591 235
657 642
597 349
580 296
902 301
276 66
819 675
734 234
738 59
772 646
525 137
910 791
733 689
792 778
645 18
267 208
659 587
762 269
887 233
593 566
496 235
662 330
949 238
975 444
483 60
988 343
731 584
554 328
926 154
978 172
991 528
760 201
858 126
602 199
799 745
327 140
524 4
804 156
911 214
225 94
793 243
579 398
938 833
706 141
938 567
811 196
973 17
333 308
873 524
240 110
806 694
963 631
769 691
425 66
775 565
575 238
589 15
890 364
538 154
936 471
785 378
838 284
760 562
647 88
776 535
853 424
969 138
377 23
901 769
809 380
366 76
858 97
719 216
788 213
282 144
463 445
761 232
660 48
903 7
423 359
671 371
618 168
735 328
475 98
262 161
516 211
875 717
818 289
958 291
996 133
691 640
669 472
158 123
702 324
201 58
383 212
228 118
944 55
702 18
656 287
687 83
57 31
606 97
109 3
299 7
711 384
881 366
171 13
885 199
602 137
560 155
487 293
384 345
391 274
543 256
555 37
932 491
902 241
273 237
422 48
168 134
862 753
503 360
867 689
774 244
59 29
664 311
829 237
294 81
657 190
799 121
814 125
928 287
900 570
834 151
697 368
425 218
426 226
670 540
509 132
872 836
916 306
585 401
886 349
907 24
959 331
244 111
134 10
982 32
185 182
892 806
221 79
661 532
592 251
813 439
890 428
878 560
721 645
977 331
710 644
363 177
655 127
118 89
353 280
622 481
979 158
250 165
258 10
781 695
720 275
545 455
934 930
570 520
890 734
986 24
868 579
617 247
735 238
969 633
374 269
298 60
816 20
925 917
570 551
522 448
996 28
830 466
936 201
274 207
721 345
523 374
523 277
600 287
375 19
454 42
570 328
547 533
391 173
93 84
282 69
965 484
659 463
592 126
902 280
932 803
954 674
212 109
727 235
970 231
959 506
152 57
463 416
542 384
600 563
925 295
221 10
960 801
214 72
561 532
981 879
474 170
987 797
950 456
852 124
817 27
695 133
283 264
979 705
637 328
889 869
612 28
682 169
785 298
427 172
879 266
942 493
315 194
848 354
599 442
776 473
76 22
365 87
772 689
748 562
608 232
882 557
770 104
324 33
69 48
118 41
806 78
984 816
876 319
580 286
90 56
338 212
663 294
746 629
961 544
495 459
548 536
908 599
936 535
947 511
836 826
915 854
370 250
643 419
357 272
787 262
378 191
816 648
701 699
892 344
565 328
376 74
825 291
492 490
727 606
647 46
349 105
907 689
992 501
769 120
922 385
932 109
421 28
855 675
560 289
670 29
700 88
415 199
929 664
930 907
530 195
735 235
833 763
909 544
997 324
928 320
23 6
740 320
930 80
933 396
881 847
845 683
493 160
708 430
796 229
989 114
139 40
846 570
903 540
569 113
700 357
967 742
962 153
689 307
519 109
738 621
677 639
715 301
393 288
948 88
731 139
973 580
509 145
202 101
533 294
302 277
746 305
969 326
995 921
805 338
947 106
622 331
920 397
744 158
916 755
539 247
698 106
858 623
897 550
917 101
497 253
421 309
512 99
882 31
567 368
734 499
490 141
408 317
861 282
572 323
910 418
543 257
939 600
883 730
702 624
539 60
440 209
846 199
274 53
597 242
780 47
240 87
415 181
563 181
362 168
402 166
775 448
849 134
778 139
531 115
958 609
922 373
196 115
834 299
960 231
785 683
979 308
783 105
866 487
328 246
909 867
478 256
976 862
859 692
615 29
643 625
693 324
363 92
602 36
875 726
451 194
560 433
946 484
850 184
810 537
576 271
545 358
797 315
885 254
320 127
282 174
817 109
890 841
824 558
859 577
521 180
949 239
902 680
904 505
545 212
597 29
940 797
892 27
893 669
906 76
770 176
641 527
309 223
258 248
344 51
596 547
881 521
482 165
695 290
273 150
540 459
549 349
735 440
792 429
567 521
873 578
754 76
738 176
700 661
971 587
454 364
770 591
761 304
824 106
966 527
612 108
803 1
639 525
725 322
975 926
63 53
298 188
852 130
939 700
666 629
583 204
633 397
276 200
499 369
648 90
480 365
892 67
670 642
543 521
906 686
498 491
297 215
508 294
503 170
555 329
997 309
549 242
925 695
830 604
237 60
732 24
960 497
957 37
296 138
758 699
592 5
133 49
766 179
914 404
924 660
843 48
309 213
875 472
844 272
918 20
547 199
832 383
752 433
718 409
277 141
370 366
795 381
822 22
688 676
916 363
822 71
949 696
801 341
474 391
378 180
682 506
793 660
963 956
301 141
241 6
339 225
707 390
849 72
797 42
927 722
860 732
457 249
145 75
344 198
741 259
363 149
886 348
538 151
792 543
870 581
291 117
362 305
632 5
376 230
723 284
244 137
827 31
886 667
948 805
639 530
969 103
954 75
977 39
971 231
710 432
707 351
657 2
964 861
711 107
848 666
998 444
913 288
297 53
884 788
970 215
410 151
561 142
806 118
830 423
849 445
824 746
798 530
279 51
463 102
912 336
445 307
467 76
993 137
821 290
489 97
830 741
247 234
683 389
679 70
870 40
996 860
523 205
871 760
476 163
682 128
76 66
905 10
858 281
666 129
575 440
837 285
390 87
540 239
712 682
619 215
363 265
562 320
327 199
972 126
845 504
809 794
815 219
334 117
608 114
839 357
426 358
828 588
901 704
630 161
960 957
548 121
816 524
821 782
448 418
371 330
683 294
721 486
643 238
655 447
798 202
704 622
630 139
701 443
410 87
471 147
477 475
940 328
930 352
430 75
934 381
988 701
952 460
327 315
642 99
666 403
598 370
891 565
810 156
524 29
245 132
959 913
360 283
940 936
218 127
846 507
597 390
648 214
759 584
462 132
934 774
831 732
648 290
611 384
736 114
741 640
229 169
775 181
863 835
891 412
866 213
725 227
876 163
990 181
839 786
951 865
533 197
909 432
797 379
366 18
697 147
542 113
347 90
605 172
687 201
256 195
955 349
903 884
696 465
991 225
250 185
941 699
737 69
525 448
663 532
710 629
736 283
636 165
973 456
391 187
570 543
752 223
914 118
590 513
783 746
833 18
329 245
956 704
842 158
572 556
902 88
904 324
225 141
830 436
383 37
964 32
885 840
935 571
520 79
828 713
723 225
766 595
398 297
509 343
325 286
177 38
490 227
453 66
943 829
891 443
765 145
982 672
719 355
493 121
730 56
961 17
782 683
841 355
618 314
867 681
175 148
554 377
692 147
926 763
263 217
844 564
319 1
703 216
925 428
959 134
913 281
854 174
834 64
886 326
931 453
778 46
957 426
733 434
265 248
726 465
286 92
889 856
417 359
989 779
312 30
992 813
862 401
756 650
895 5
354 228
838 534
867 501
752 733
716 209
697 59
418 221
476 371
717 149
564 11
671 168
923 420
671 307
875 733
896 13
712 111
883 662
115 61
398 369
465 238
918 674
886 165
509 372
549 12
998 81
967 642
789 730
746 119
567 412
326 282
277 189
814 64
298 124
917 70
669 385
897 218
591 549
306 38
709 53
527 214
928 826
928 572
747 351
560 177
506 146
988 344
658 578
404 266
981 764
677 416
995 891
416 396
713 710
494 55
880 57
932 336
629 547
449 159
782 284
577 184
535 458
532 28
354 189
855 709
703 98
741 461
957 787
952 404
798 309
855 47
325 206
620 281
833 16
924 863
904 667
478 219
677 190
761 23
740 486
997 115
488 433
984 402
845 631
212 0
316 177
233 200
854 24
590 537
718 552
815 197
82 0
411 277
549 144
982 644
504 124
620 582
691 181
834 410
729 320
419 67
463 48
777 529
658 19
772 139
982 535
475 390
903 734
502 305
829 300
551 371
393 311
233 57
744 524
869 656
936 663
899 744
900 614
869 68
685 212
921 223
923 408
624 146
837 495
549 312
867 260
647 277
905 81
544 38
621 142
934 325
858 818
352 203
867 696
691 100
875 579
727 353
717 457
314 235
769 227
337 233
755 218
792 342
588 324
402 171
187 16
852 754
525 236
737 34
502 240
670 605
923 639
487 258
976 116
566 353
658 588
952 709
974 719
999 630
636 400
526 342
831 436
671 138
292 77
798 585
763 114
618 303
945 432
570 154
21 1
981 49
219 56
983 684
712 270
607 134
788 120
799 189
406 296
845 557
658 280
433 59
692 463
652 258
847 703
854 244
395 376
841 727
516 7
564 465
567 419
515 138
836 501
223 83
940 250
197 110
995 828
786 610
816 340
848 439
948 285
591 214
709 105
592 154
671 337
518 356
331 120
903 348
594 547
524 252
990 944
968 127
491 139
742 633
492 61
685 358
490 52
372 86
445 437
971 468
509 200
787 7
807 286
435 134
555 265
923 124
835 3
231 34
578 263
392 371
930 893
248 19
625 590
555 544
481 244
470 66
374 255
877 419
537 5
502 18
609 28
840 353
967 401
733 365
776 576
927 901
622 416
485 234
599 332
406 258
758 86
901 724
803 141
144 79
687 476
830 58
972 926
388 181
841 536
174 9
863 432
438 138
623 331
311 176
981 266
942 44
925 541
430 375
732 248
783 747
945 131
714 534
45 31
608 500
646 362
602 509
800 13
855 720
611 199
847 434
658 111
762 718
854 609
699 417
341 190
965 530
667 599
633 47
790 241
369 296
928 308
888 50
425 304
700 526
715 706
484 69
853 418
871 506
400 361
754 707
849 219
361 175
310 270
763 654
685 13
208 109
666 488
921 533
706 202
385 49
995 679
765 546
827 532
586 89
354 241
874 573
892 787
210 58
651 109
210 30
514 369
337 270
680 377
633 205
943 702
561 147
787 556
349 245
869 506
929 21
604 178
542 13
800 254
507 265
897 866
802 703
601 67
758 506
799 390
770 180
773 140
988 914
203 173
584 299
879 30
826 447
830 579
565 297
623 307
981 368
949 621
695 443
270 103
75 7
945 869
366 144
327 165
276 22
434 124
791 187
565 486
601 162
977 14
707 419
790 203
985 664
394 334
636 595
961 523
854 318
579 540
189 117
734 306
709 222
130 60
571 125
449 203
435 330
438 214
679 604
521 322
127 41
546 248
501 204
724 367
400 21
791 314
482 2
790 707
814 285
109 72
915 180
821 416
630 558
545 401
404 251
372 222
156 25
351 172
714 467
774 4
443 4
668 621
569 345
614 195
491 300
553 191
708 468
565 15
478 402
457 176
395 368
730 67
674 645
886 877
667 208
336 51
87 65
903 482
118 28
879 484
991 482
625 70
613 16
470 20
931 118
514 288
433 283
970 655
489 214
227 52
976 582
997 143
990 457
883 847
847 192
703 443
607 265
529 114
754 750
909 275
916 179
703 85
589 125
998 477
432 265
849 87
837 813
270 66
199 157
915 720
423 201
615 190
654 20
821 367
674 217
739 86
655 499
248 200
665 281
863 509
864 142
190 23
855 302
175 74
951 695
521 79
921 813
692 502
922 535
332 313
554 115
475 77
659 333
484 211
265 146
926 770
195 180
540 8
737 90
825 365
810 634
942 747
121 33
858 686
485 380
524 284
395 201
706 539
582 573
807 247
646 180
759 580
904 848
710 35
529 275
679 422
223 114
673 214
838 768
438 128
994 516
454 217
325 55
961 612
187 186
576 235
771 267
346 294
678 189
60 3
649 537
384 122
258 250
743 413
716 540
985 115
859 733
776 681
201 131
792 14
563 306
558 556
29 2
646 175
795 522
751 193
475 67
501 113
550 38
873 731
457 7
968 465
880 205
967 516
648 329
732 16
376 262
696 130
550 0
169 24
283 282
523 239
834 330
637 128
954 610
860 424
169 42
697 351
745 334
446 259
985 418
830 207
505 40
733 637
164 50
935 201
312 25
855 23
278 259
174 32
971 136
900 656
504 410
999 633
396 35
528 83
502 198
911 243
120 104
826 611
798 271
288 202
668 341
570 267
691 398
567 382
825 283
129 61
412 274
909 164
661 25
457 139
922 479
479 259
638 528
627 565
423 396
990 257
899 376
960 728
732 278
923 750
394 240
981 846
225 12
450 238
684 101
942 275
746 353
759 259
728 710
421 349
848 118
625 459
614 54
351 94
953 105
976 163
650 489
797 267
825 187
852 111
917 403
529 210
928 458
362 85
483 214
802 550
202 143
825 129
743 533
492 278
853 206
750 691
526 263
640 124
676 489
431 167
815 611
895 243
881 255
720 308
487 14
904 511
728 448
631 34
613 493
548 216
886 483
828 218
480 116
890 285
894 339
356 285
826 657
711 260
459 165
459 417
713 285
999 786
744 94
508 492
941 274
907 707
747 83
990 464
830 103
934 673
310 12
657 628
555 81
814 33
964 953
616 344
735 448
50 2
840 618
887 471
712 709
393 303
806 758
628 579
901 526
470 31
796 172
906 282
715 372
868 586
637 590
692 581
630 91
944 896
597 98
298 99
884 459
937 815
595 236
682 433
558 328
443 21
992 801
840 757
899 291
350 19
619 535
815 589
130 41
802 794
942 508
337 4
992 40
936 816
671 486
835 622
273 215
458 52
289 238
917 531
119 1
871 738
763 452
571 98
926 197
595 201
992 634
683 139
677 264
903 349
735 14
419 324
989 660
925 874
711 47
98 1
593 591
924 862
820 12
888 94
257 168
767 345
676 189
644 613
593 444
468 126
808 689
737 452
842 758
735 264
587 178
564 316
544 388
381 221
417 252
866 860
226 6
951 862
862 772
853 228
539 320
849 773
876 157
900 612
908 202
632 225
810 86
962 773
264 133
789 519
974 382
862 67
221 57
361 54
787 475
591 100
685 78
224 193
724 344
763 513
479 39
543 138
608 255
250 75
752 741
655 370
997 609
865 649
846 427
884 727
818 489
604 602
843 370
807 56
796 486
734 6
836 835
411 305
872 397
923 413
782 577
981 869
262 126
849 570
790 255
464 216
688 206
527 471
970 589
920 18
699 216
655 353
910 67
334 293
370 292
673 529
906 648
528 360
736 718
769 49
865 615
864 657
719 157
988 303
739 265
802 694
322 144
596 255
753 586
647 317
340 315
533 454
856 396
874 355
593 174
791 588
432 309
831 537
880 761
790 35
506 424
379 326
815 553
505 38
371 324
654 170
918 288
865 404
322 185
410 118
991 259
532 69
914 685
629 484
659 364
894 503
252 239
512 110
548 203
738 373
450 249
979 389
406 29
784 702
942 847
499 386
903 897
622 201
705 563
458 371
291 95
777 274
901 96
690 276
604 26
910 5
735 158
906 777
204 11
296 237
757 224
982 40
603 589
716 640
933 659
910 773
468 21
459 426
145 1
973 379
806 708
857 51
678 596
666 79
915 726
875 795
681 514
808 764
981 850
596 377
474 300
919 140
649 461
854 796
423 294
798 745
620 127
53 41
431 419
864 669
713 510
905 209
405 258
481 175
268 193
560 113
660 529
434 428
597 434
483 1
551 223
363 67
772 138
967 191
593 47
417 171
895 582
418 283
668 261
944 191
766 311
944 264
745 550
710 26
677 16
438 357
818 430
835 445
637 242
582 331
708 85
477 420
956 547
670 218
384 183
530 31
549 506
899 718
618 322
490 358
250 124
938 26
950 128
956 651
748 12
763 247
924 487
938 438
815 616
978 244
459 261
618 284
998 662
260 160
700 671
347 84
879 140
517 199
368 162
940 144
564 559
772 73
955 431
566 309
387 35
938 441
568 409
226 3
753 702
504 354
514 257
903 579
627 191
792 553
365 121
980 210
794 431
856 551
767 196
726 289
188 109
578 122
905 317
997 58
965 686
648 431
856 252
765 645
719 680
446 136
315 161
172 70
912 18
527 465
811 178
909 727
208 77
875 214
492 53
875 871
866 661
701 213
430 395
426 178
622 531
755 32
822 795
583 200
718 397
520 163
595 558
845 606
749 452
609 519
331 198
596 108
616 143
924 388
825 375
227 87
458 59
828 592
730 135
893 170
985 182
930 419
459 151
799 536
999 64
541 125
689 176
497 439
891 506
776 706
787 237
292 103
353 274
455 281
673 200
895 492
915 77
920 365
804 345
893 0
955 617
696 283
413 148
468 144
412 210
447 224
265 94
721 625
260 259
845 549
721 637
498 349
821 622
415 78
796 621
625 163
515 394
820 695
504 36
988 154
848 351
897 520
854 460
854 50
647 328
315 145
764 604
915 759
451 5
934 647
793 516
959 429
990 343
138 106
627 59
325 193
813 730
593 418
378 95
617 64
990 952
952 576
428 85
995 960
630 274
880 273
553 139
873 64
433 297
628 362
487 370
268 36
53 15
906 673
110 15
876 16
790 202
927 297
686 425
977 176
802 626
894 811
813 451
599 387
22 3
340 123
998 890
621 573
747 193
808 729
716 544
846 126
459 458
645 633
803 771
208 58
955 242
593 205
551 384
760 286
833 383
733 185
604 109
863 402
673 370
710 434
142 15
652 108
578 207
503 434
940 726
375 299
794 177
272 180
746 84
972 122
990 604
471 225
775 26
680 98
386 264
727 667
521 165
815 539
798 761
805 298
631 58
982 228
351 34
725 134
787 532
670 119
816 631
436 152
692 575
570 532
993 984
894 871
602 591
600 39
897 197
654 231
69 4
769 103
168 152
375 281
613 71
694 555
710 135
374 21
978 626
475 40
913 321
911 664
709 310
500 477
609 354
692 464
166 97
886 825
931 705
566 370
895 726
890 120
278 212
276 57
554 91
675 401
845 320
590 143
963 390
905 651
870 444
775 357
939 276
993 75
266 115
919 219
960 696
523 68
852 188
979 912
525 223
827 735
557 468
961 611
395 367
533 83
966 898
996 776
645 336
785 284
390 166
759 46
965 291
794 55
799 367
693 501
640 240
442 344
876 573
821 628
577 166
545 435
615 550
824 179
963 601
300 2
444 433
969 769
878 768
671 191
945 219
747 331
627 53
905 296
613 125
839 505
508 436
944 93
762 619
464 362
834 445
882 675
300 151
477 46
111 61
637 161
980 164
959 869
961 36
504 38
949 490
793 513
297 55
826 214
974 225
747 742
958 833
179 79
477 342
952 98
654 572
702 434
666 169
883 242
977 632
674 373
516 141
612 436
997 606
743 51
636 546
759 205
804 85
359 100
119 76
463 299
958 177
515 453
602 553
536 444
537 459
679 72
517 128
653 161
436 207
957 467
393 216
987 776
873 474
699 478
819 278
595 209
664 93
319 163
825 356
608 12
794 160
926 248
999 482
807 670
428 243
745 170
258 60
490 443
555 185
392 383
901 711
686 278
388 329
304 75
877 260
884 495
739 337
80 21
210 109
491 250
612 504
856 582
577 183
613 103
726 493
970 568
558 430
299 40
874 321
927 635
656 627
890 412
631 328
564 232
513 211
967 167
677 214
460 181
706 128
994 386
969 803
743 226
770 268
634 377
441 26
982 317
837 18
795 546
500 363
907 731
882 225
920 64
972 352
872 396
765 547
370 140
697 239
766 363
442 182
997 268
110 23
798 521
771 159
401 309
587 234
315 81
520 478
690 632
403 41
895 248
780 717
262 256
677 147
484 180
567 335
874 524
459 113
617 483
890 283
996 850
910 871
848 506
767 99
835 576
866 453
328 285
834 279
344 41
812 423
980 408
597 512
935 692
925 750
581 487
849 599
886 412
871 835
242 229
551 339
931 900
933 318
936 140
280 36
361 185
850 238
504 386
983 120
618 458
619 107
431 100
376 15
584 569
978 488
968 500
961 470
134 78
779 48
431 316
818 60
500 273
286 144
308 241
934 303
531 209
537 386
795 250
595 101
709 692
795 28
608 518
821 83
242 110
318 71
619 571
975 370
236 24
225 63
682 56
463 455
779 540
797 277
909 653
897 59
929 338
145 85
411 50
577 23
299 14
686 340
922 868
568 289
778 443
964 23
733 605
951 932
597 122
738 457
480 12
891 137
876 83
434 58
175 85
802 488
998 442
951 132
823 204
822 278
193 176
654 16
359 145
483 43
365 131
953 381
99 3
429 397
564 329
937 599
683 567
422 76
356 140
853 433
941 871
621 224
419 221
365 150
866 285
468 175
595 190
985 683
835 412
458 263
978 692
490 197
500 221
742 44
275 35
606 336
979 978
637 289
515 272
998 202
469 41
738 96
878 532
827 11
519 22
585 177
617 80
724 643
787 82
789 81
41 31
754 16
810 644
217 186
624 396
630 127
960 540
258 41
878 85
982 556
729 311
869 272
965 762
792 631
592 516
609 98
859 467
636 377
928 106
989 492
681 570
885 859
542 494
636 334
790 506
655 429
827 177
512 371
639 8
922 178
997 126
748 601
960 122
884 867
377 294
438 152
624 140
719 112
438 72
877 309
729 228
575 566
916 409
667 219
274 117
831 421
799 337
282 27
472 154
776 743
96 38
141 124
934 501
573 262
780 674
435 211
588 43
281 188
842 812
410 75
363 246
270 108
874 720
813 209
669 273
470 431
286 87
697 19
848 297
478 297
505 239
622 358
577 353
424 110
831 542
160 145
704 374
787 298
400 198
752 40
701 6
871 235
983 51
870 12
723 21
553 80
958 445
667 85
541 145
762 710
781 255
753 249
622 421
937 277
923 461
977 587
273 144
824 651
873 805
585 475
853 593
825 753
131 72
743 84
785 313
324 147
886 831
932 401
904 834
737 141
955 270
268 255
590 15
761 333
926 164
563 516
347 104
172 14
368 282
215 25
889 490
933 11
654 418
582 466
9 0
739 547
923 419
579 252
609 538
494 455
843 576
827 148
873 430
907 418
838 415
832 26
657 446
365 19
800 83
440 190
774 109
431 106
764 460
728 398
645 27
519 193
909 314
437 173
850 88
578 498
957 366
215 113
928 757
991 365
845 2
162 131
694 642
364 280
432 266
874 125
412 219
514 326
750 225
156 113
829 512
901 466
605 473
772 177
897 636
486 15
849 347
949 370
735 82
716 120
450 63
983 376
898 140
880 863
709 656
991 577
643 199
717 649
667 530
999 697
426 260
383 247
511 58
311 166
881 470
326 171
909 201
501 345
886 82
625 569
915 478
59 54
608 176
691 430
617 50
841 738
466 252
522 442
941 202
264 161
418 173
503 28
799 167
562 17
726 265
853 572
411 377
932 201
432 206
505 388
830 689
819 711
644 40
328 90
554 538
716 622
765 211
986 185
702 27
818 610
485 292
639 468
988 898
915 738
414 244
784 386
831 179
289 153
747 494
605 326
248 122
475 195
557 254
620 605
74 51
554 225
754 127
372 182
105 55
560 511
535 489
837 529
576 383
492 334
228 104
166 104
547 34
783 354
731 709
374 126
303 96
179 148
798 17
997 124
468 356
734 88
808 745
886 403
965 545
852 99
163 78
897 746
63 14
594 127
838 496
445 67
988 452
302 50
924 543
856 641
633 623
859 695
857 616
632 408
921 762
341 174
489 373
598 359
927 358
834 313
652 274
219 173
618 391
209 202
842 410
849 634
587 112
930 175
628 149
353 48
552 439
794 546
970 381
946 77
569 400
962 870
964 633
582 213
668 305
205 37
600 269
540 196
786 497
529 251
796 325
499 461
681 4
398 185
344 17
65 19
375 330
662 222
886 466
545 526
937 851
636 260
954 920
719 251
115 47
509 498
491 235
818 659
271 89
792 77
331 270
929 408
827 246
758 634
797 583
922 770
376 27
609 158
902 82
760 453
517 288
906 322
598 352
875 550
618 271
356 197
887 754
320 28
667 287
727 720
262 117
847 162
940 268
199 107
912 202
570 268
820 298
888 648
958 461
722 307
158 1
875 822
663 302
741 607
850 336
986 985
773 334
917 313
920 79
875 799
643 548
798 513
939 465
885 172
955 845
551 273
775 729
539 517
497 10
961 304
445 170
760 25
573 42
407 248
73 8
887 720
419 213
777 662
769 364
764 210
597 396
973 966
285 92
834 67
563 8
735 317
879 24
617 28
695 372
492 10
946 841
905 166
486 251
780 467
793 671
842 723
309 52
861 103
854 556
824 141
172 97
196 26
974 255
777 28
758 721
564 493
972 278
480 424
798 199
618 365
335 320
696 291
980 533
482 423
896 846
172 75
398 222
736 110
192 180
452 394
445 245
934 562
999 265
622 551
648 492
745 451
785 468
906 544
787 131
920 512
930 708
517 331
749 526
761 189
894 839
611 302
963 261
771 346
630 121
813 601
705 591
754 237
581 203
739 557
594 80
951 410
414 344
807 743
329 175
786 591
154 145
900 833
655 210
524 374
830 647
948 130
242 214
445 273
740 668
293 131
871 237
454 97
928 858
829 791
985 131
391 136
794 29
330 209
230 212
976 465
858 238
960 839
855 516
77 59
452 143
711 510
931 274
968 210
420 270
667 47
972 514
860 745
511 154
905 460
615 484
455 139
751 27
908 440
804 546
881 247
861 467
662 529
726 70
554 541
113 46
505 200
891 709
668 332
838 449
866 21
592 89
802 579
896 111
819 397
317 198
816 228
867 580
408 292
649 430
589 412
956 821
580 550
853 823
958 956
576 213
594 144
923 674
357 32
427 359
290 269
859 690
244 214
623 421
404 161
659 580
190 77
429 251
396 170
792 762
811 284
344 10
991 515
855 459
779 678
202 148
511 250
785 355
756 545
707 621
966 387
257 46
339 324
374 113
910 513
985 372
860 401
675 69
504 85
818 4
553 169
877 446
872 604
889 86
950 78
711 138
238 138
529 280
883 667
869 96
811 306
694 277
544 211
382 281
463 457
408 288
812 113
905 378
578 311
943 617
576 187
448 48
995 726
768 211
967 644
674 481
983 233
303 267
735 582
822 416
319 307
593 2
648 241
83 47
877 7
489 138
950 678
753 203
649 196
770 513
850 180
978 147
914 275
921 14
975 54
601 214
839 318
806 756
24 9
656 603
919 372
968 93
644 400
745 223
901 776
117 68
888 530
963 277
851 844
963 470
501 153
261 41
686 395
236 153
689 213
960 389
560 271
775 185
484 335
890 571
584 114
528 121
916 54
823 80
179 140
306 240
325 296
653 486
777 545
595 289
352 123
721 451
620 125
967 192
804 597
505 467
812 0
393 120
542 537
715 620
751 254
761 97
786 508
799 165
577 347
18 8
727 242
592 151
741 374
807 683
947 130
907 765
431 282
847 733
647 423
791 496
572 142
761 231
960 447
922 651
267 15
889 690
640 559
422 225
