1100 3300 1100 3300
988 770
227 68
855 568
795 658
1043 659
951 282
693 7
1053 756
799 33
589 231
313 273
708 277
724 548
558 129
447 413
882 369
777 742
805 608
464 351
535 266
981 856
827 206
218 42
522 482
834 188
738 50
747 416
572 90
1006 305
742 699
487 2
961 81
906 143
67 44
391 369
846 671
693 431
729 450
934 126
1040 854
279 96
821 341
585 409
983 572
810 687
429 288
210 83
485 145
747 579
792 435
974 0
51 36
876 218
526 161
961 159
854 57
847 28
443 323
944 496
493 77
973 7
899 630
1033 481
1043 831
982 310
906 602
1041 714
760 729
938 639
965 385
858 725
267 183
893 284
988 774
900 665
683 54
281 27
562 131
763 337
671 24
752 205
933 109
994 845
758 604
661 504
933 632
447 94
932 607
929 282
1067 616
1018 787
756 246
608 246
972 401
728 542
610 424
918 525
908 719
848 267
181 156
244 34
966 110
812 796
347 272
1083 793
703 626
869 22
700 192
317 219
1041 900
349 168
854 709
951 482
759 676
919 843
408 20
859 670
978 233
757 200
983 830
1069 658
819 612
890 188
511 399
786 329
859 350
446 38
927 643
681 499
144 108
660 151
1089 267
833 275
1069 337
1017 676
164 82
781 509
881 180
963 298
493 110
447 271
1003 624
587 549
1062 272
177 112
532 516
1095 4
860 588
673 494
1013 140
1024 915
922 724
1054 743
762 116
401 21
784 486
908 644
240 120
879 174
647 123
528 475
961 402
873 576
1098 866
377 179
803 99
788 417
800 376
784 753
999 687
907 165
992 137
1019 193
557 505
482 263
185 35
855 642
286 283
703 120
663 592
673 586
299 137
723 703
759 101
844 301
924 127
175 123
563 128
626 236
819 294
497 108
624 489
850 494
682 377
182 106
437 243
1015 445
701 279
208 96
729 579
873 204
948 237
1015 722
868 369
1008 49
400 78
944 347
849 742
688 447
924 814
1068 569
715 429
598 225
459 153
1094 803
444 405
706 633
867 808
628 610
559 425
913 272
384 336
376 4
655 115
388 116
156 139
645 505
956 107
869 563
757 490
1020 1019
1090 15
1096 772
418 396
849 79
922 683
1057 932
906 639
1051 277
972 310
966 636
1018 603
317 232
1068 147
660 235
951 605
977 292
597 335
668 197
1095 544
434 26
779 147
1057 767
357 351
378 132
610 578
897 626
853 78
896 551
870 569
864 418
654 342
357 147
215 123
813 176
696 257
1037 277
951 561
634 274
817 579
749 334
680 133
656 544
809 570
789 728
965 949
1064 264
651 399
635 525
1088 241
750 309
655 133
596 506
619 573
1074 905
828 445
940 174
862 839
966 638
144 64
158 14
1083 742
505 386
923 670
842 539
1073 1047
874 521
1092 509
731 428
533 188
812 727
851 362
692 307
941 793
622 100
238 131
600 120
999 205
907 824
797 106
854 294
1005 76
1055 113
818 295
833 755
488 267
1012 778
526 405
340 233
350 4
462 349
753 240
901 401
309 261
872 353
1023 327
985 619
1039 631
754 377
333 261
863 53
22 17
972 629
672 378
793 605
624 55
613 178
1041 957
474 149
612 407
948 144
972 792
856 825
857 414
854 468
372 237
803 87
912 541
746 251
1075 763
642 513
909 374
710 509
509 391
630 477
1028 513
420 246
963 227
374 295
1024 709
965 473
950 686
1059 449
494 259
955 491
740 118
568 319
818 115
693 193
1075 650
1032 267
858 625
745 39
981 528
179 157
1005 372
932 416
1094 663
442 96
504 236
366 8
1034 494
916 289
1099 862
262 28
583 419
783 157
500 66
1019 1004
887 130
775 304
1023 891
878 196
558 86
851 121
565 51
643 417
928 24
959 557
999 151
552 230
513 117
766 344
1099 952
443 276
744 334
1009 724
720 501
997 252
1097 992
975 635
695 636
1003 119
293 32
1063 541
805 427
908 88
457 316
542 142
735 465
777 116
858 247
769 212
757 467
391 341
940 119
1060 750
1015 788
441 301
543 468
573 140
851 311
1025 821
1049 278
1069 736
866 281
943 555
995 786
881 809
779 39
931 548
468 44
862 194
848 101
988 875
658 52
928 771
958 388
908 509
894 419
704 621
516 424
1055 718
939 282
542 309
976 131
859 614
677 208
1066 1008
1048 595
667 105
1069 809
1039 369
427 270
751 639
432 23
756 747
953 91
883 703
406 16
703 441
741 677
860 633
1011 237
712 366
426 210
817 638
1037 961
303 200
589 325
231 174
525 84
947 70
641 388
659 231
934 829
600 486
787 130
893 334
555 132
1038 149
1003 7
1036 422
909 772
1092 578
1032 800
233 20
949 189
729 239
234 127
884 291
949 318
970 493
701 689
720 593
692 164
409 245
887 10
1072 670
514 141
1090 1021
289 166
1038 832
885 677
327 98
1033 916
303 4
503 76
786 184
965 213
772 562
864 465
909 661
540 113
1033 229
720 12
999 826
637 331
705 634
914 748
1017 280
717 259
417 395
670 201
766 583
937 144
1044 813
1058 120
932 825
940 478
674 141
423 299
862 161
847 735
488 48
680 235
819 126
720 190
236 11
661 476
756 628
422 339
429 418
1052 896
1068 108
84 6
1010 664
871 724
785 270
585 521
922 753
944 357
561 503
591 241
1089 1003
1021 162
869 423
675 635
912 215
970 734
244 131
1057 715
854 593
580 101
688 176
1038 795
476 426
979 934
391 169
858 242
224 138
81 22
1006 44
586 510
728 585
928 243
645 478
1071 827
890 704
986 357
1046 868
895 43
969 951
1061 976
174 170
502 78
119 95
968 511
649 49
563 231
761 356
966 901
409 96
829 314
765 638
947 122
686 269
967 350
445 28
913 106
911 93
998 71
1042 1003
1003 18
229 200
1080 962
995 468
230 224
802 640
1089 616
1081 4
952 839
798 590
529 156
1076 492
1068 581
549 55
1076 967
517 279
858 537
517 367
734 336
754 508
726 325
1069 491
398 117
1095 890
985 293
239 100
755 17
842 46
990 595
931 364
497 355
588 140
894 197
1087 372
1008 847
364 54
861 38
403 337
986 323
131 118
833 480
362 84
191 166
434 20
728 116
537 386
626 440
1051 293
247 151
886 219
539 183
688 352
276 135
984 619
769 245
854 363
267 26
694 531
962 909
916 599
630 550
349 278
651 380
700 472
830 125
893 774
1099 262
893 856
788 117
911 644
883 14
948 83
959 505
692 195
451 59
190 137
1059 298
756 734
878 783
505 59
661 209
519 118
617 208
453 308
558 525
822 69
170 5
371 134
216 193
1037 1013
154 122
820 706
358 335
1027 967
879 76
576 472
784 209
670 668
637 289
727 356
498 303
1078 455
778 588
812 90
844 674
686 343
456 380
1013 554
751 158
962 502
645 165
1007 568
537 298
1048 1022
936 414
1039 977
752 376
1088 247
514 102
1061 239
578 560
812 667
41 0
1012 262
962 853
735 153
777 517
213 138
1048 1012
467 75
896 384
744 547
789 656
843 575
594 221
679 596
599 7
792 741
1051 825
877 615
1021 312
593 66
513 365
766 453
250 90
227 217
909 281
927 850
566 296
455 118
914 56
939 337
423 135
668 557
870 19
513 492
554 390
658 512
1011 932
1038 15
975 887
439 424
897 737
691 214
1042 304
991 636
846 779
1096 77
321 3
457 343
470 223
573 77
1054 388
499 290
553 74
966 598
68 19
521 99
860 818
1035 788
1075 654
927 842
389 72
691 680
1087 880
1064 485
343 156
761 503
745 46
1097 706
771 295
925 896
926 283
599 81
669 604
502 82
703 369
315 103
846 473
1097 240
999 2
984 723
559 198
814 799
950 461
1046 50
702 506
854 768
912 732
1081 859
881 805
363 203
1061 313
986 2
955 741
577 42
227 182
710 471
959 566
1009 620
786 777
838 180
916 531
1002 519
728 626
459 70
256 43
415 372
907 872
835 797
674 231
323 76
1055 273
859 386
1044 917
1040 250
550 488
1034 335
1050 56
326 182
948 528
1006 710
927 676
363 242
225 71
489 98
1048 279
718 469
891 744
583 257
250 228
928 80
330 136
950 717
1054 174
805 625
543 521
505 1
804 571
1062 653
892 662
669 468
1065 177
1016 884
876 395
933 740
827 2
564 478
285 111
430 21
882 715
381 293
363 334
521 240
838 172
711 443
841 179
738 17
524 301
645 504
910 432
734 629
837 51
368 10
897 104
659 202
289 44
615 251
891 738
436 125
335 44
253 243
917 257
547 434
303 128
210 134
933 665
974 579
602 15
565 509
584 107
1073 939
975 464
647 630
995 731
1004 108
907 856
1070 870
867 2
1035 102
140 7
387 9
731 584
853 343
915 66
771 17
690 461
770 472
795 180
740 517
635 626
625 80
788 45
1078 410
736 55
921 304
326 155
204 169
984 327
559 0
534 71
842 437
611 586
992 118
883 222
698 121
747 699
968 427
682 201
909 435
254 75
1009 11
405 332
534 347
818 674
1050 1026
554 361
529 331
418 279
1051 673
791 1
757 575
958 774
975 616
841 238
244 231
457 421
905 100
1049 383
926 175
553 199
574 413
717 286
926 171
968 735
537 211
404 92
763 563
999 523
648 380
1046 613
762 615
761 207
414 302
1061 279
849 221
899 655
600 397
817 337
765 399
592 99
929 280
404 316
1091 632
349 228
989 302
1097 66
779 617
1079 723
234 221
912 304
512 208
848 520
1027 949
772 188
958 517
508 425
288 99
514 103
1075 443
570 56
819 53
968 494
1075 876
837 372
900 456
361 93
892 617
571 434
861 557
742 70
1074 765
928 128
598 566
774 482
548 94
214 3
611 574
958 266
836 677
1034 604
1087 389
1047 151
93 45
429 355
942 448
406 176
994 484
1007 997
573 381
923 542
988 982
925 77
386 174
436 346
467 67
1038 996
951 95
894 4
796 778
1010 932
940 267
294 91
961 108
1064 698
759 371
1068 27
1009 490
408 138
908 180
553 368
1070 1032
860 741
1077 589
525 357
768 264
1097 799
739 318
875 130
638 92
706 579
1063 4
645 630
501 148
769 45
1043 450
572 104
609 310
905 623
856 656
960 610
537 31
916 543
280 167
574 153
970 400
1019 376
483 78
698 345
996 814
1066 186
1010 619
833 809
523 395
346 20
904 69
355 325
759 229
668 570
224 133
163 53
670 406
109 45
1007 381
678 340
951 299
956 251
718 441
559 372
246 101
1043 373
1016 700
649 283
983 290
540 270
1037 521
482 131
498 186
1019 5
1013 265
737 143
1064 311
513 200
258 105
650 153
259 52
684 616
531 129
977 595
403 142
934 760
580 336
1017 183
475 82
765 400
851 473
75 70
472 375
1014 565
793 135
419 59
998 70
742 341
962 306
384 280
955 148
777 701
104 27
1016 913
960 752
371 242
1063 623
561 63
1028 937
1031 887
612 249
385 107
522 466
732 160
1002 615
828 329
1067 584
326 300
764 599
464 233
529 508
901 395
608 249
1096 328
812 431
1068 72
910 5
515 422
778 175
839 19
760 298
1083 215
990 296
903 344
1018 891
646 304
617 173
264 224
989 438
1091 381
769 545
710 317
965 438
1087 256
495 253
236 80
984 888
1081 754
869 598
901 65
703 375
747 661
972 534
991 618
830 121
866 254
1053 751
695 377
378 240
658 75
846 103
720 467
1079 331
826 414
1025 832
1058 69
710 403
459 281
1044 210
985 486
867 649
590 163
718 85
707 295
1019 297
1022 52
692 417
976 496
699 570
1051 1012
812 195
933 213
191 40
422 132
200 14
959 701
1093 959
912 158
1099 912
285 3
871 479
619 297
656 318
477 101
1072 496
800 59
1088 888
969 924
681 248
987 124
518 152
229 102
508 59
660 478
893 582
170 10
1008 914
498 6
1038 154
1044 932
402 275
960 837
820 320
687 489
647 28
933 173
1098 1050
882 819
711 423
985 533
1000 289
586 507
446 16
983 787
699 237
951 712
552 125
650 465
1048 820
416 229
464 403
757 40
967 653
927 169
954 132
172 148
1071 301
640 475
508 95
930 335
549 181
1050 78
873 91
851 392
872 84
908 385
711 92
690 5
996 776
877 88
1091 7
598 27
205 89
871 154
576 10
572 40
907 892
398 92
714 262
679 347
787 685
848 163
708 629
277 235
829 172
373 229
644 482
758 163
925 13
700 645
1014 124
880 608
1092 576
941 77
804 78
762 734
1019 666
576 41
765 690
949 359
843 650
871 450
704 98
492 105
511 237
44 1
876 656
852 55
1052 24
1008 761
289 102
526 77
870 56
598 584
472 93
1069 950
842 817
75 53
758 316
615 548
943 642
461 347
883 610
669 281
803 251
877 591
871 501
771 119
904 580
752 333
794 0
1093 58
988 941
753 578
692 533
1056 1038
524 445
856 842
671 144
129 78
1025 500
748 555
562 100
670 655
629 513
1029 105
937 244
667 304
672 507
479 114
859 98
1015 814
1097 504
243 14
623 304
997 677
620 257
920 413
712 370
365 199
1002 425
1063 461
589 82
1011 979
753 225
915 519
671 307
577 0
1037 15
889 334
673 408
317 286
450 282
952 352
981 416
580 358
764 556
503 454
1053 385
886 322
931 375
969 451
690 386
258 241
899 611
905 497
942 198
500 424
831 253
1060 965
439 34
138 59
743 249
535 189
1017 841
374 35
1069 483
1067 249
651 48
798 65
360 116
720 455
226 207
852 502
1014 901
866 846
854 55
650 616
565 183
421 338
1095 129
1003 61
1045 1
487 139
736 537
930 104
478 84
1088 364
379 145
438 270
99 68
455 156
850 658
924 765
673 300
1059 604
1001 108
753 519
560 293
1019 406
815 755
1029 785
655 87
887 544
490 100
653 168
548 222
1043 838
301 278
752 267
663 384
636 254
678 207
201 83
677 93
777 662
492 89
328 37
493 277
732 9
1004 251
328 162
839 330
960 195
786 614
692 306
967 890
254 76
957 799
392 312
675 588
547 154
935 74
320 2
1077 844
282 44
828 483
403 18
444 42
1014 484
642 91
925 549
779 291
1015 645
167 71
938 249
698 278
696 526
721 610
1064 36
548 527
359 171
729 429
535 447
1021 698
1038 907
992 157
477 133
818 307
1025 870
1072 406
485 164
1067 261
620 144
1082 478
976 89
90 74
1026 467
1079 417
664 407
731 361
960 895
440 55
344 63
901 79
528 485
202 152
311 129
1005 421
813 777
879 778
920 205
770 90
587 468
1029 215
495 251
1013 624
1057 153
892 2
1020 796
476 456
1056 594
825 780
459 419
863 460
729 305
697 655
398 213
1016 117
945 298
991 763
411 45
1031 112
627 70
956 643
425 7
458 291
1064 106
774 363
784 571
696 650
768 722
920 283
1086 38
929 368
748 379
1056 28
1002 105
887 371
821 594
494 212
597 437
320 312
544 111
868 688
259 212
810 675
983 703
928 298
781 159
999 765
821 385
800 732
964 42
1064 249
71 63
188 29
441 135
1021 783
442 39
646 126
306 269
1011 212
427 83
632 150
1007 95
303 123
840 118
981 63
579 64
238 151
449 44
544 380
688 147
1025 457
612 268
990 566
615 440
730 89
355 248
985 465
668 610
962 276
510 477
908 632
1095 42
553 497
978 663
623 151
355 223
356 349
544 314
467 174
966 34
1013 824
834 605
959 714
933 726
267 37
744 710
958 549
613 170
770 435
668 255
679 239
600 128
1009 300
893 440
1041 903
726 377
899 421
741 420
927 155
1071 210
698 531
524 257
1013 418
720 327
1049 858
655 392
846 744
607 494
778 629
544 150
917 812
551 315
355 213
1000 358
610 554
1095 985
466 449
779 245
373 343
982 867
1077 467
888 220
967 573
1017 18
506 473
302 168
453 76
418 82
808 736
669 299
723 576
1072 682
920 360
889 10
884 459
737 417
453 402
779 736
331 203
772 544
846 755
536 227
982 227
296 268
488 41
1092 616
801 260
269 227
750 258
276 73
535 388
754 28
945 438
534 206
294 116
872 464
952 323
1035 173
654 407
1002 426
1045 460
468 326
969 232
954 296
930 357
1058 284
809 398
700 552
629 437
245 156
1077 690
1048 800
1005 948
1079 954
803 196
737 387
612 312
719 675
545 272
379 229
1093 197
740 466
908 379
771 743
883 533
934 836
790 418
844 103
950 745
1083 511
553 53
1085 326
1062 1058
1061 231
112 23
1097 914
1065 710
800 141
680 198
820 799
510 371
681 236
519 389
292 26
1025 1018
1095 817
935 577
590 132
932 775
923 343
938 322
931 791
597 307
273 249
897 473
1030 966
521 64
1054 356
1095 550
343 305
741 237
307 58
950 175
587 375
182 165
499 393
562 402
1038 429
794 260
200 100
753 605
577 328
922 152
813 419
1043 314
941 383
465 97
908 618
1060 440
1075 704
819 543
265 148
545 460
556 131
618 313
997 746
704 252
426 271
846 627
984 861
875 400
965 558
718 253
881 373
720 500
748 266
932 239
840 398
236 13
983 774
968 797
833 831
793 446
840 259
1011 987
564 218
962 341
993 29
530 523
553 60
820 588
817 127
958 627
924 796
1016 935
1045 927
722 635
1096 588
912 615
641 114
674 200
725 320
336 144
299 196
192 54
461 93
872 498
576 34
1018 120
441 37
885 796
197 4
1098 765
1099 672
966 574
608 93
510 249
899 64
1003 826
1047 138
405 294
403 247
790 96
753 528
1064 773
439 379
745 365
1059 727
932 919
679 173
430 27
992 300
261 99
893 476
799 446
933 460
233 30
1056 723
901 41
711 449
884 5
1022 225
391 302
1030 727
856 230
494 159
794 777
631 515
939 34
878 268
1092 474
460 250
125 78
690 588
826 682
554 204
420 74
872 246
854 413
111 73
927 110
391 22
163 121
382 235
1099 746
1022 770
419 108
58 6
305 60
787 525
920 375
864 781
500 90
1065 478
415 216
750 24
437 247
1001 994
428 366
566 226
671 101
540 89
841 502
526 132
806 241
951 628
421 21
874 869
845 273
1026 38
890 792
1087 174
838 752
830 120
1002 345
693 500
103 76
905 141
758 725
173 95
480 163
440 203
424 233
964 220
933 199
733 118
83 36
771 348
521 209
566 152
802 647
1016 750
466 284
759 734
936 724
566 169
801 431
945 659
712 195
712 503
494 4
283 44
1078 808
922 120
752 144
738 411
472 428
1010 58
972 212
977 211
701 176
953 412
774 557
554 337
1039 358
967 459
334 52
1043 712
743 44
780 708
563 437
1038 378
745 679
557 349
782 291
874 619
677 328
536 180
968 89
504 116
381 272
771 757
905 311
1010 183
989 482
408 242
1010 908
724 30
326 60
393 142
900 529
173 17
1004 738
945 504
1012 167
1060 1007
661 400
982 635
1022 612
406 259
996 225
769 370
941 339
950 52
606 54
669 294
553 513
814 92
750 204
958 254
694 149
404 88
741 532
707 378
878 71
740 614
749 123
463 386
837 114
1098 271
692 621
537 25
1027 716
1038 324
745 441
833 133
775 305
987 292
877 654
526 525
185 96
887 33
974 134
872 679
723 396
438 257
1097 816
673 495
572 70
623 62
890 860
1043 411
102 38
114 61
1082 97
855 87
780 174
892 885
353 144
914 569
525 375
750 131
144 122
581 171
137 18
37 33
883 302
537 158
990 312
530 81
1006 46
1052 955
256 222
1001 205
1028 142
835 821
314 25
1004 644
981 630
450 228
278 200
1004 126
878 639
646 388
998 482
672 169
1015 444
658 601
867 241
175 67
649 571
1029 403
1006 854
779 41
981 273
550 281
712 68
1096 939
657 320
908 647
1039 450
1087 776
969 188
883 63
768 728
1088 1081
32 23
504 291
1082 16
1034 541
985 418
1033 71
487 177
375 88
841 617
571 291
847 798
900 855
694 502
492 20
741 411
1042 933
516 456
251 160
845 571
1064 216
549 510
518 505
369 273
903 900
934 771
953 631
224 151
974 885
301 188
983 527
744 299
591 103
976 205
971 740
396 209
865 685
686 497
578 352
1070 117
567 276
758 23
779 16
610 448
1013 165
797 637
387 49
1093 744
645 140
822 637
1047 943
568 534
554 376
1017 326
941 580
197 146
324 261
1075 455
877 364
590 463
497 70
684 19
792 416
527 312
1061 6
442 89
467 221
1079 32
847 628
323 169
893 45
728 352
170 149
468 406
636 83
398 254
724 451
414 100
931 216
402 285
812 458
685 621
774 148
892 318
485 242
438 126
472 266
454 451
948 774
832 423
545 156
572 282
966 221
894 509
855 189
591 118
1076 625
642 288
1045 813
825 323
840 240
1062 532
907 221
562 488
882 767
1079 325
985 884
724 668
842 265
1007 738
878 344
519 278
592 490
1070 211
798 98
302 81
328 251
560 48
260 118
768 624
971 952
767 25
579 46
700 245
850 751
499 296
590 513
943 493
971 684
1053 850
530 405
677 304
986 103
974 132
467 10
453 105
181 46
727 403
1048 743
804 83
1068 43
1097 545
930 843
950 405
942 180
1020 141
1067 529
949 852
975 831
675 593
752 531
1003 989
774 629
844 203
1079 899
1099 175
526 395
836 710
726 111
973 739
389 362
754 605
677 198
276 33
916 305
1076 251
561 327
962 938
872 49
423 108
1025 339
977 256
859 155
568 400
834 386
604 357
961 924
576 175
454 10
954 441
1061 900
984 675
631 17
558 447
790 666
552 61
185 140
110 51
584 240
1056 266
889 88
332 210
739 518
941 12
510 369
807 147
767 146
1098 734
984 568
1093 498
386 32
1003 934
537 5
1001 157
71 24
446 317
875 421
403 380
881 27
391 27
840 287
748 690
737 294
746 228
334 210
493 352
919 131
646 400
535 33
986 231
628 42
887 739
588 384
570 32
827 641
239 133
1006 108
260 224
1047 66
216 43
776 226
1010 299
869 200
777 131
844 788
678 347
990 501
656 313
386 282
849 633
1033 745
186 76
709 76
845 227
400 30
383 353
483 113
1047 208
1096 164
1030 45
876 338
896 511
980 705
1031 860
1095 380
814 364
890 404
800 582
970 899
871 555
1017 13
593 316
982 298
986 601
647 432
1064 1059
702 531
882 873
434 35
847 547
881 819
1069 260
938 419
942 151
953 809
705 567
903 77
337 174
941 850
685 286
402 131
974 969
454 179
1010 271
453 422
1003 113
1093 670
210 167
989 724
577 475
888 548
560 102
289 85
681 531
749 724
1092 1090
793 44
342 108
973 922
612 518
440 344
397 95
1075 351
546 162
357 123
469 90
818 683
675 516
651 0
795 176
473 202
1027 169
1045 575
541 509
905 181
487 204
743 542
811 559
697 696
1034 668
554 270
316 285
409 143
879 625
844 344
1006 457
743 86
364 143
803 644
1087 346
502 438
669 306
596 482
681 60
1026 65
612 486
954 300
1053 253
652 326
156 62
553 545
741 384
515 347
985 402
266 255
333 242
489 356
761 188
1088 708
622 277
887 412
356 78
943 936
1022 696
878 350
1002 422
303 3
766 305
291 162
1041 474
1099 717
253 120
246 178
1088 939
123 17
1083 73
814 577
545 281
1070 917
699 547
862 76
1057 184
450 105
797 131
948 540
795 543
1048 212
86 77
857 739
426 135
873 410
686 353
582 76
1075 482
945 427
266 120
814 218
903 265
829 337
331 216
864 642
668 464
208 150
1060 160
784 724
524 255
838 426
721 715
719 316
449 286
235 39
989 536
958 662
847 40
920 463
229 226
276 172
1073 237
950 187
1088 294
88 41
871 15
759 102
845 745
590 1
738 215
693 234
884 222
602 531
640 16
810 211
995 394
442 417
97 12
821 7
1062 415
1037 1012
433 318
692 180
340 101
1003 550
508 437
726 321
400 395
593 279
665 147
1065 586
971 955
768 34
252 84
727 159
126 34
655 284
471 177
789 542
1095 802
596 556
1095 538
845 534
1002 544
1004 55
802 165
787 478
585 179
335 26
700 237
450 311
968 786
922 288
584 50
903 385
523 34
1044 744
652 351
901 596
741 612
282 97
904 468
997 621
989 575
383 271
769 569
609 437
781 367
995 906
235 48
251 223
957 841
898 286
265 45
841 73
666 417
1073 552
887 280
744 406
1060 86
1067 450
1067 279
392 259
635 75
883 154
983 826
861 437
766 457
589 233
869 393
581 360
1026 861
847 510
1071 166
811 742
756 168
1065 212
390 366
574 286
1085 486
809 126
227 10
949 691
440 302
305 92
225 66
697 512
1079 674
999 664
408 183
325 233
1023 830
853 447
897 816
1079 77
1023 126
1057 729
980 574
587 194
795 623
1004 931
310 15
652 482
275 6
853 131
1060 670
790 601
774 523
1028 799
1051 394
839 15
489 209
754 224
865 732
843 726
964 95
485 425
705 308
792 25
871 167
660 657
575 524
1082 652
589 341
809 541
289 224
420 345
721 260
462 319
641 10
831 390
414 162
927 802
260 195
990 472
423 28
1013 393
733 560
915 160
1027 209
1016 977
809 684
492 57
1012 26
786 681
611 523
949 888
863 57
981 278
930 799
882 539
847 769
573 287
349 93
678 539
613 493
984 205
748 640
34 22
466 96
802 717
825 311
1083 1032
383 289
284 122
747 18
942 704
871 319
1070 24
249 77
751 217
828 528
1076 562
740 285
1031 403
717 168
856 82
895 372
1013 640
124 63
779 193
514 30
416 159
704 109
804 760
535 272
918 386
783 634
558 537
575 58
1086 763
942 801
721 351
669 474
965 934
601 442
902 129
572 259
636 608
1072 803
845 433
867 310
739 665
924 261
449 363
336 240
923 121
430 183
281 147
851 323
797 210
1095 645
857 68
970 391
597 381
311 235
975 46
789 583
733 281
706 155
419 321
944 552
962 371
356 122
727 285
895 813
624 81
677 355
669 276
1036 973
332 67
1001 940
1085 620
575 363
1006 47
532 179
492 472
953 349
932 145
406 151
720 658
1009 17
985 453
1003 603
775 363
706 231
984 439
887 62
583 10
835 505
324 47
993 850
146 8
404 215
647 16
488 248
1014 868
1035 955
730 344
911 473
220 164
1013 589
991 881
640 273
347 160
591 341
956 445
417 283
977 960
990 852
998 580
971 741
1005 578
772 579
472 180
447 301
385 305
298 160
558 507
1040 446
733 720
449 277
1066 502
295 241
686 619
820 565
766 47
596 13
694 251
1057 260
996 324
962 751
1005 944
942 4
653 40
679 498
567 361
712 263
1064 889
964 479
872 601
203 197
929 258
1037 749
693 348
456 173
963 906
870 90
753 700
434 2
689 73
1099 130
477 391
811 119
82 48
492 420
764 346
1019 777
682 672
981 712
977 258
811 698
1052 788
816 485
1083 878
433 382
637 550
272 166
1065 105
1009 270
424 35
602 413
593 42
758 647
877 220
926 6
833 613
1094 975
247 164
801 382
560 325
909 553
344 259
891 127
1090 500
1052 526
1063 773
598 471
427 22
568 286
302 121
793 196
1069 889
458 1
620 123
264 127
1031 293
911 788
335 192
319 97
660 485
501 254
630 113
724 651
586 405
830 322
970 442
149 47
760 399
1031 681
947 58
1082 476
666 353
1095 567
460 29
543 243
292 275
241 237
1019 889
1088 102
508 312
525 307
208 42
734 730
127 39
308 91
105 27
560 428
425 187
665 121
360 89
866 88
1083 200
715 227
687 157
989 939
1086 330
632 549
305 102
566 166
991 416
1063 410
790 525
815 196
611 476
1017 337
144 113
614 544
889 92
1059 808
1086 124
397 311
677 391
1015 908
105 79
679 472
929 154
889 150
918 177
1064 696
1098 623
1013 762
894 843
1093 201
618 294
438 368
536 190
68 26
988 229
479 399
291 146
772 745
429 102
761 440
487 51
682 198
397 135
584 166
764 240
921 406
545 157
914 770
716 586
1038 269
968 652
936 501
879 447
658 477
961 164
397 35
531 216
277 176
815 668
427 345
948 866
997 235
791 255
805 203
1025 373
1087 509
806 161
422 255
342 261
896 463
666 547
700 55
946 554
368 306
945 651
709 473
677 434
566 184
936 633
251 162
826 404
504 66
766 701
700 608
566 210
647 562
584 538
926 485
458 413
690 261
577 403
511 103
811 644
717 672
1052 791
731 40
218 50
1043 731
805 349
215 52
890 605
859 66
621 365
779 706
960 844
926 405
654 161
923 347
95 52
794 207
789 499
928 282
889 716
954 150
1072 702
976 112
772 688
268 94
917 116
999 366
785 537
1039 798
1043 859
749 97
830 167
37 8
742 179
1077 230
700 660
936 796
222 187
320 185
342 125
993 65
992 978
1072 893
317 257
864 477
776 658
1058 557
1001 574
390 177
985 578
1075 883
377 233
97 46
338 63
463 179
917 653
784 316
687 501
928 211
1022 79
844 175
1007 214
657 443
924 137
392 330
917 355
466 401
636 424
786 58
594 401
840 561
721 341
853 208
527 15
798 758
1011 690
1069 488
973 486
957 240
726 592
545 222
468 452
453 357
242 147
862 801
490 417
869 749
695 344
120 85
983 573
773 554
839 318
963 364
1083 890
955 66
1078 292
323 310
344 146
663 550
1089 796
712 269
308 30
589 564
870 191
502 107
1059 948
527 14
696 571
1011 390
352 45
598 420
945 510
742 156
696 629
853 537
654 287
641 135
307 253
919 488
612 19
684 231
857 369
592 18
1064 75
775 72
385 203
622 18
730 409
636 402
583 118
1028 878
853 828
438 397
800 700
411 72
474 25
1077 545
318 183
344 217
782 551
228 172
589 424
953 744
858 551
737 62
1040 981
974 845
182 113
930 927
1098 681
607 41
51 13
469 216
860 743
640 164
1088 213
194 170
1085 373
1093 627
1033 294
296 103
347 56
929 57
1004 47
727 457
721 548
1014 665
989 499
1046 546
386 244
992 372
1035 969
681 540
203 64
756 104
988 773
474 170
707 116
1068 450
571 552
580 294
517 229
824 274
777 303
764 498
789 299
222 130
963 377
264 260
595 311
860 239
1092 409
676 412
557 392
1053 325
1075 536
969 371
755 314
677 25
1098 646
839 75
950 856
943 590
726 427
918 616
709 303
967 579
780 483
915 459
649 159
631 587
851 6
907 557
970 485
900 508
608 398
562 253
983 168
904 524
1078 815
445 130
713 461
307 181
1034 922
232 148
586 463
830 397
584 258
823 641
954 556
973 325
739 41
602 564
675 559
954 213
452 164
856 189
777 546
915 264
570 22
643 164
727 149
853 552
1049 755
610 148
956 694
363 4
864 130
803 668
1025 629
881 226
796 346
278 186
941 449
1039 61
1076 1018
253 33
1005 580
1011 857
939 500
579 302
1039 204
588 105
877 388
962 309
693 359
638 419
972 919
152 76
939 383
668 435
773 630
642 544
458 283
556 460
1062 717
998 520
491 289
1014 483
451 32
915 6
745 528
581 4
885 286
648 249
1046 967
778 507
852 724
728 155
682 630
515 352
941 805
797 520
597 23
1001 646
831 36
188 183
1025 704
475 378
702 597
943 845
662 65
540 373
843 422
317 21
940 647
440 285
897 221
1099 803
725 568
250 93
926 777
710 406
525 104
676 81
741 375
796 313
552 144
588 16
655 640
331 282
867 434
816 459
995 600
773 668
651 145
595 208
275 218
1031 332
357 70
195 183
813 523
750 56
913 637
784 45
986 256
89 88
974 51
569 305
880 1
262 212
875 53
751 217
622 51
923 587
521 68
925 72
982 18
814 443
403 128
1030 837
872 514
565 165
441 75
680 169
257 216
850 136
558 116
447 221
970 566
860 233
962 907
678 476
452 46
922 428
921 220
598 269
276 139
944 414
1075 995
317 200
967 392
728 561
1001 801
989 79
747 32
1064 707
828 468
832 428
938 668
750 16
734 21
709 656
1039 864
507 328
912 746
681 657
977 58
932 366
580 58
609 577
174 136
1074 754
749 474
854 254
806 221
1041 537
950 280
574 131
1096 602
1010 117
722 12
928 724
960 493
604 312
858 108
1016 104
654 71
190 125
389 359
438 168
858 209
722 273
723 403
940 337
427 208
173 45
225 116
481 111
1050 595
1070 428
974 0
1059 483
689 69
325 166
751 636
938 727
531 333
837 751
1089 181
728 254
474 30
751 168
993 988
1090 539
464 67
998 898
428 241
942 428
972 268
509 302
677 352
880 435
805 187
1053 586
1063 878
445 184
680 431
623 417
861 436
500 434
1091 1013
729 630
551 494
921 373
345 177
654 601
1006 858
467 230
698 291
632 130
811 241
981 948
694 260
632 465
843 648
689 474
992 501
442 59
666 2
962 817
878 812
323 44
947 310
1058 644
226 116
805 313
416 109
460 325
841 831
1034 935
629 479
366 21
1078 469
915 660
393 14
1096 669
544 292
710 50
426 167
200 149
569 21
79 4
767 500
664 622
1063 404
717 386
253 80
728 690
413 56
1094 539
790 207
492 212
948 589
530 11
554 139
864 509
914 373
811 438
862 75
554 246
807 130
773 597
881 812
652 647
779 660
1007 645
698 42
919 116
537 320
1092 344
840 71
1096 202
937 142
781 657
497 36
279 222
1014 583
496 23
610 510
1066 963
727 527
1062 194
896 317
941 665
433 47
848 63
737 470
473 327
1026 630
819 225
670 4
929 379
469 389
350 180
436 352
690 479
826 447
201 72
944 132
1041 933
843 375
459 326
953 286
931 686
216 154
1063 83
625 28
864 209
670 378
655 373
728 116
787 69
791 777
462 322
722 371
299 213
720 251
1061 951
249 238
1000 561
953 288
294 96
412 327
746 121
475 140
561 286
488 332
585 86
371 299
1014 106
526 109
966 914
701 282
183 152
639 151
706 584
990 103
969 909
1028 308
977 721
552 334
544 509
938 710
663 537
841 257
507 86
888 471
252 99
784 101
470 113
639 351
819 673
80 46
416 272
412 181
789 320
722 347
1069 39
896 467
921 627
929 675
739 2
809 80
717 109
560 264
725 649
1070 599
735 44
749 654
306 259
367 266
809 479
944 663
783 621
1099 428
873 153
835 144
450 299
735 706
1068 390
487 466
705 123
793 311
1087 534
859 416
565 526
1048 999
1084 81
635 591
853 831
253 18
643 368
959 239
861 315
36 33
962 631
111 91
326 307
655 126
233 66
628 613
883 54
1018 589
779 379
994 8
908 242
735 357
916 522
345 71
1027 1023
731 482
600 552
916 148
1080 511
988 431
653 630
964 12
788 180
994 668
340 194
913 116
520 17
832 200
793 397
678 525
376 340
916 76
453 348
596 427
1076 695
1036 521
950 855
172 67
894 330
764 554
841 464
498 432
1052 488
766 230
257 255
510 357
961 858
449 233
726 587
993 713
1021 734
692 527
1022 632
647 195
298 210
392 246
762 358
932 294
271 49
1062 893
813 138
480 464
1099 776
792 241
779 214
890 594
654 141
996 667
464 50
607 260
901 587
693 78
1094 713
473 241
1079 104
785 503
801 607
963 323
1002 431
1078 219
998 855
976 906
857 273
510 62
806 192
1052 993
492 91
841 485
802 528
313 233
639 62
1079 112
804 402
641 578
1067 634
813 90
1084 890
965 458
1065 810
79 14
754 287
155 10
503 63
167 148
728 165
918 501
155 7
728 141
863 282
1066 320
869 272
51 42
430 53
951 500
971 645
607 310
800 784
559 429
638 594
785 521
701 44
1004 828
1095 873
623 112
704 701
667 276
1032 62
302 299
564 409
304 70
165 131
847 406
1087 20
360 243
912 74
249 38
812 771
187 146
971 34
679 431
951 818
942 430
362 262
623 92
1085 439
526 503
795 567
934 621
598 101
483 120
963 156
764 143
925 15
731 252
612 96
624 329
417 370
747 29
1008 693
416 91
496 126
901 547
962 182
713 83
1084 844
622 95
735 151
1074 995
518 227
928 755
935 916
848 486
589 497
573 472
686 155
1015 244
1033 541
959 244
738 377
643 576
962 142
936 86
966 525
769 84
533 43
921 820
304 199
865 426
1084 539
916 403
613 532
429 302
721 3
512 93
986 843
1062 992
769 719
807 49
879 23
958 585
1040 273
774 175
507 300
470 50
97 69
827 478
565 13
792 189
487 194
541 383
393 298
784 166
1005 658
590 350
589 147
571 140
959 928
867 398
133 132
988 783
965 494
706 671
915 24
226 51
979 463
350 133
1075 912
796 345
482 98
164 127
690 619
859 565
851 808
876 276
942 784
784 744
453 88
645 515
595 242
991 137
150 129
627 382
904 210
588 320
649 401
831 707
968 36
322 49
1019 55
951 679
1076 2
627 558
1024 883
304 179
1086 376
891 639
905 540
867 142
665 346
998 347
756 500
788 307
833 219
397 37
310 110
490 156
713 521
864 495
219 32
389 259
493 318
365 83
1060 17
1022 743
345 69
435 25
972 696
244 54
697 196
364 176
781 319
724 712
313 136
903 186
326 238
1038 963
980 694
958 51
859 441
867 783
354 146
920 331
1009 623
903 742
516 249
705 36
680 444
550 254
845 385
550 410
971 368
242 102
766 397
704 41
758 62
487 373
1026 852
1027 815
978 85
1080 123
1038 943
851 639
609 542
246 204
752 117
196 15
486 63
589 154
750 75
1080 332
928 828
636 575
794 683
722 694
629 452
1009 201
1091 1073
496 137
798 556
466 220
960 390
788 428
899 620
255 150
973 49
704 588
324 254
718 624
955 327
384 139
632 606
841 453
495 432
629 121
916 861
941 456
927 792
631 189
966 695
653 75
707 598
1055 580
941 248
796 122
1073 952
850 723
1056 18
1005 782
407 31
743 36
628 582
137 48
1094 218
815 81
501 11
841 161
860 287
626 245
911 184
894 351
1038 341
1062 632
1072 885
844 335
1017 423
793 507
715 416
822 510
1055 359
975 198
620 182
1055 502
995 341
787 12
208 52
1098 365
1062 815
661 111
847 218
852 111
557 474
354 122
938 718
503 341
855 335
1093 27
962 346
653 508
277 96
791 710
569 332
965 775
512 468
312 44
65 39
866 147
1004 174
1069 594
1091 304
1048 590
450 88
345 55
1094 384
791 39
383 44
186 93
967 612
302 205
675 46
1013 815
517 102
682 455
455 94
834 419
751 599
1051 260
899 72
579 385
874 736
957 402
922 804
944 667
1055 688
942 223
839 357
1042 87
631 238
1085 406
788 581
1030 322
1057 968
731 531
905 708
1052 1010
521 355
729 696
684 27
1078 614
956 694
571 210
1039 976
833 196
994 629
982 654
801 20
104 31
422 275
394 376
752 99
697 88
1040 228
777 658
680 195
1027 9
912 334
492 138
901 676
481 391
616 515
112 42
975 950
636 522
939 628
369 10
818 44
535 16
763 455
398 162
999 932
582 171
816 315
871 29
981 14
624 307
647 181
698 395
719 452
1045 956
1044 13
482 101
554 501
878 432
383 162
824 145
1084 510
915 733
1017 90
667 349
1088 1016
1098 596
60 55
773 471
1037 527
932 906
953 748
644 213
194 126
247 133
779 394
135 117
1088 525
814 281
634 248
708 341
769 14
986 397
916 859
681 122
921 149
561 92
572 341
338 151
573 551
887 598
883 630
335 146
834 251
405 364
647 271
662 98
990 643
423 7
401 334
95 25
199 41
372 100
759 303
564 481
437 9
993 447
766 529
1089 424
1014 683
550 72
937 856
914 563
863 768
876 158
766 263
527 161
790 632
623 46
1069 363
1009 16
903 158
432 298
315 297
660 209
597 489
665 210
177 146
716 600
548 283
1020 8
1093 193
839 443
1051 534
880 65
801 745
582 172
1049 15
856 842
442 194
955 536
952 770
806 640
833 705
1015 634
648 428
613 265
430 57
87 53
798 99
431 99
881 341
601 476
519 65
980 200
904 85
840 770
387 148
1007 563
959 110
1036 670
849 397
698 499
992 307
755 228
658 297
976 207
503 299
1056 329
514 186
892 425
597 423
764 221
939 486
782 330
540 371
387 135
1083 828
1052 74
687 141
600 304
746 280
1072 304
564 435
1024 514
762 582
659 320
1036 824
918 841
456 347
555 456
287 206
771 38
786 439
757 524
757 17
1028 788
685 172
252 94
1030 937
899 132
778 70
772 359
971 881
426 127
650 277
291 68
892 28
1076 868
929 64
1085 1020
752 115
492 162
904 839
855 421
919 617
434 403
992 569
998 990
917 281
539 235
530 51
469 319
465 163
596 180
728 621
848 465
1063 859
533 20
602 595
322 167
242 209
997 326
982 720
1097 801
513 248
870 711
729 583
738 388
1020 180
1073 910
622 553
401 151
1078 621
586 364
844 314
1074 487
1073 277
958 143
1013 264
1071 579
1030 960
996 569
1014 708
993 260
1067 537
388 235
195 158
840 591
964 619
645 110
699 315
764 510
576 131
650 21
627 482
727 166
800 505
675 139
1099 575
991 560
1044 12
713 39
895 322
837 132
1091 741
860 5
492 87
567 357
1088 763
508 380
665 627
737 392
733 242
247 6
626 39
840 640
155 84
1069 672
332 111
1075 379
839 660
976 53
613 165
184 98
876 644
162 38
703 105
1013 535
1061 291
672 500
783 209
812 458
1059 1024
477 444
249 178
518 118
707 441
546 10
521 306
862 798
526 36
792 303
265 249
576 458
268 172
939 169
774 245
765 496
949 149
715 111
670 248
1092 241
226 191
1039 946
767 188
813 506
1022 954
1077 272
690 440
1054 280
1094 166
709 166
84 40
1099 619
192 4
131 73
967 51
954 7
453 218
745 156
1036 812
935 294
896 609
710 283
996 982
686 128
827 257
268 67
428 22
465 26
782 527
665 382
1021 267
324 61
283 119
466 245
723 293
476 76
97 96
1044 215
573 46
916 64
1017 319
1030 836
1099 309
707 673
696 454
910 529
198 153
771 614
631 605
486 109
724 555
954 530
406 233
537 471
801 648
525 37
324 90
776 748
706 135
714 205
1027 410
912 179
609 73
474 134
900 839
989 587
927 6
651 441
544 359
499 466
804 482
631 36
101 32
389 56
751 284
269 95
1014 837
1024 842
120 100
894 892
839 768
766 502
897 725
624 416
1014 268
539 505
768 709
1013 913
818 113
1094 995
612 564
855 342
1002 300
1008 12
597 79
911 205
695 66
925 34
738 8
976 595
988 186
1092 754
845 647
791 720
947 901
364 310
1082 230
605 516
553 302
835 340
170 131
912 177
569 483
86 68
929 441
882 598
992 62
825 445
709 312
754 133
796 378
282 247
658 477
234 138
794 414
168 139
901 50
594 295
1050 500
947 789
900 802
484 163
996 880
718 81
802 182
307 50
594 235
623 218
1003 126
1066 90
432 311
663 510
603 49
1044 737
632 201
373 52
302 105
807 372
781 721
743 603
294 78
949 712
995 762
820 782
373 298
910 281
730 75
1004 877
230 53
409 333
405 387
719 601
479 396
1021 352
911 156
948 334
550 392
1030 512
193 164
1048 899
463 326
344 326
993 704
288 230
286 95
448 239
872 90
913 886
649 265
559 456
551 450
348 38
1071 127
267 61
531 75
985 577
931 745
132 64
347 57
905 229
1077 218
1063 56
467 62
424 339
1082 636
775 590
980 849
274 110
731 99
395 276
922 352
595 287
878 427
925 156
433 406
924 715
829 646
246 244
594 377
646 563
1016 215
269 92
456 136
595 432
1087 842
710 536
628 201
781 442
966 414
884 734
698 105
745 200
1041 103
396 395
756 352
257 229
248 68
958 592
545 362
1048 235
647 510
1069 25
469 305
994 536
1063 481
775 118
988 730
743 740
929 544
797 650
1023 540
686 115
1071 992
884 541
529 406
686 70
572 302
1026 971
367 206
914 86
247 104
549 170
1091 5
249 240
673 208
844 752
885 800
743 192
297 193
832 348
631 539
319 161
1067 503
977 671
133 96
813 119
589 285
1010 476
444 259
656 457
916 629
1084 227
881 574
862 199
1005 90
766 200
592 14
1011 583
165 129
634 586
1035 624
525 360
737 513
643 429
1014 948
801 512
956 529
246 126
511 217
1076 971
1080 644
892 823
527 99
477 476
1060 177
646 133
119 112
617 231
423 38
544 524
1086 1044
693 571
861 157
595 221
661 475
964 548
360 106
1086 139
982 719
937 518
617 435
435 317
182 68
74 43
840 715
1023 661
457 208
115 32
615 105
219 195
935 733
1042 33
833 564
328 320
937 565
825 525
989 278
680 575
844 664
625 218
184 133
854 109
722 134
1022 75
658 491
562 324
693 40
889 355
651 506
775 379
692 564
416 199
280 227
541 63
419 7
1046 38
759 557
611 95
989 724
999 96
713 71
998 783
568 237
390 116
822 690
834 309
679 656
1025 811
483 5
889 610
724 305
1014 601
821 55
496 295
323 320
1029 651
506 413
1019 672
68 45
648 323
1088 113
1065 834
986 765
982 233
1097 50
440 394
741 578
1075 853
1010 396
652 438
738 522
970 872
493 86
1072 608
700 108
211 110
578 15
986 419
423 230
554 174
773 640
483 235
329 301
852 485
508 67
692 306
697 564
1021 47
917 552
235 34
423 73
887 400
580 270
526 188
237 143
695 31
1080 731
1039 202
481 38
583 400
1017 198
663 84
1097 771
738 35
763 281
304 84
1034 116
1085 516
372 220
894 480
1068 268
907 583
351 280
631 133
265 134
821 779
709 201
973 137
1090 65
1008 220
697 692
421 339
475 284
565 115
39 20
771 611
1007 759
498 436
625 213
1074 855
740 51
647 280
401 7
599 430
748 100
874 687
965 894
661 489
1023 70
692 110
447 195
547 516
400 375
861 616
1073 240
699 510
1000 13
388 122
219 104
443 311
830 80
543 107
817 164
830 31
738 129
867 861
831 715
430 163
909 366
225 31
784 289
723 722
811 461
567 410
959 646
673 88
965 180
418 333
1032 5
1038 395
792 438
717 168
443 272
460 300
334 281
960 563
690 293
1087 194
576 438
756 285
705 472
728 658
687 324
335 28
886 885
420 405
909 853
850 741
802 553
978 615
1009 36
407 17
1023 18
315 39
623 71
998 802
770 402
505 213
841 196
597 384
470 414
724 577
581 180
851 118
451 110
1023 728
298 241
1046 736
815 718
600 41
325 212
512 428
826 646
583 281
713 386
1091 175
940 289
811 171
663 483
727 59
542 478
544 268
215 110
520 7
589 566
661 238
592 10
930 206
1063 495
563 543
991 671
1043 1017
888 237
610 561
428 97
695 374
718 247
760 732
706 102
772 412
850 231
880 184
990 383
416 219
532 34
415 18
739 626
453 234
1051 561
800 201
1066 564
416 396
756 510
478 333
1060 255
903 355
592 506
929 511
820 228
869 533
874 729
1007 993
582 170
1087 273
889 744
735 246
358 283
288 145
890 694
859 718
477 69
517 445
839 56
745 185
862 829
276 119
476 294
518 409
665 35
1061 184
1047 226
739 0
536 78
489 132
979 290
974 837
470 381
958 841
539 124
1013 1009
848 141
1085 556
333 300
623 554
1042 792
1031 936
506 149
974 878
670 18
476 464
1011 47
672 284
950 784
613 292
943 903
699 7
941 857
1068 981
755 255
694 393
968 629
864 210
972 416
312 129
775 719
400 313
775 333
439 12
907 554
1029 177
295 144
407 122
1055 409
758 203
741 652
163 100
773 615
138 87
1078 1054
284 88
494 18
787 104
278 18
901 465
390 96
708 399
850 253
276 233
268 89
1003 815
457 64
738 49
734 377
1038 646
515 280
1095 22
841 109
809 599
378 82
817 392
740 545
589 70
1072 178
965 639
258 76
179 111
1081 360
1005 179
575 90
863 319
872 549
976 79
1074 812
1082 862
556 304
878 802
757 249
829 443
645 486
908 753
541 104
1014 458
795 50
614 14
633 487
495 313
840 375
595 356
202 37
1040 497
518 42
1082 494
938 441
364 272
1011 212
734 62
622 181
877 486
759 678
231 56
1092 684
687 420
1015 868
580 18
957 513
941 126
1059 91
1043 367
196 165
1057 537
978 865
510 420
1000 522
582 323
377 97
1037 360
1077 784
138 52
873 356
648 73
745 716
634 309
529 138
546 166
784 616
169 14
1008 874
998 511
712 338
636 306
915 737
930 382
744 403
1046 424
260 79
669 477
991 745
1040 260
975 704
422 360
1029 481
556 301
429 148
572 3
1047 362
927 627
1057 465
854 659
960 520
555 25
699 310
989 341
916 39
1067 900
811 252
924 762
415 178
579 76
815 470
223 99
1023 126
624 317
715 201
1026 218
1028 562
240 136
619 83
912 705
829 224
906 231
1049 782
836 165
509 282
1099 975
949 454
742 158
796 64
1053 234
998 957
449 340
454 82
479 402
563 143
727 30
782 775
360 145
622 169
532 287
1012 852
695 157
482 444
777 49
636 90
735 135
476 103
733 586
810 561
999 605
977 511
1058 451
678 108
991 297
236 122
755 108
131 8
964 334
184 102
443 314
598 54
1034 9
789 406
987 556
969 393
674 69
95 58
379 307
903 198
1079 16
516 66
866 300
590 204
918 89
614 146
445 85
883 736
919 554
837 171
900 603
503 153
986 163
864 449
1057 326
728 92
406 62
676 406
773 158
1075 169
582 527
137 46
240 173
485 281
952 458
1051 551
699 410
459 208
941 54
857 108
456 172
546 514
1046 124
1019 31
1028 818
972 93
938 444
1010 723
181 35
974 684
888 476
487 321
591 118
875 791
1053 297
481 107
777 23
623 483
1080 321
960 744
539 427
1006 653
1079 664
267 84
243 197
600 225
1060 841
555 533
385 143
386 33
624 550
502 497
1078 872
787 508
966 517
321 214
812 229
535 349
1005 527
288 183
889 714
856 789
826 208
1075 554
499 332
449 349
1012 995
774 481
613 41
471 242
1082 771
713 140
578 459
816 737
871 756
318 68
832 665
1063 838
683 63
875 469
222 94
908 102
449 130
1023 779
1087 817
855 764
277 251
1027 679
544 525
794 774
629 457
931 388
657 215
446 193
782 436
290 245
1036 479
249 28
904 632
445 222
1025 594
671 430
701 100
409 381
798 742
983 236
639 133
577 433
354 17
600 373
674 474
712 315
515 489
873 398
819 742
1047 243
762 272
1039 3
766 714
411 112
683 169
534 343
347 83
694 108
927 408
984 394
361 327
609 591
469 167
793 678
615 267
484 228
857 332
989 473
740 649
1079 805
455 251
909 151
656 377
946 300
470 177
934 439
315 161
1011 821
581 150
1039 173
1040 519
633 205
753 160
915 596
1022 795
390 377
747 556
514 466
466 210
58 45
518 101
491 441
965 688
597 514
1086 499
725 128
1053 681
370 314
931 362
1080 425
762 221
984 598
732 382
1089 226
251 0
790 518
851 733
686 313
390 176
1035 585
1083 363
697 574
935 570
836 330
678 296
957 352
733 628
427 357
531 190
337 119
652 592
861 145
959 258
1035 442
752 748
572 482
643 323
692 379
780 534
537 503
271 56
774 188
433 192
864 573
617 96
1000 197
547 118
778 179
857 160
815 82
813 561
558 315
684 451
530 329
257 243
921 470
274 246
879 470
538 452
906 289
931 853
735 62
855 336
950 434
545 267
1068 537
1057 720
767 453
581 352
796 682
1046 41
1004 209
924 408
492 220
705 412
361 312
910 456
217 1
1046 781
525 47
582 541
425 275
40 6
1007 541
973 882
633 514
944 613
722 45
319 304
840 85
868 181
366 156
1081 51
613 236
372 323
162 18
201 137
690 634
584 353
827 348
793 331
572 127
846 78
1078 363
584 391
874 585
860 356
901 193
772 367
1042 528
966 812
1063 712
324 306
184 58
441 360
900 708
447 44
464 250
818 625
261 95
74 30
830 541
442 440
688 591
963 356
605 527
807 12
662 4
860 536
1087 311
312 268
452 258
843 215
1039 92
437 299
276 183
945 291
134 110
274 241
493 274
591 221
225 190
899 281
1025 638
926 196
769 267
1062 633
948 809
635 170
1024 550
623 225
597 54
952 293
237 132
780 137
1081 938
231 147
583 188
378 273
1085 40
654 578
604 243
907 518
688 98
1091 1009
622 435
858 516
791 109
616 309
318 219
585 206
989 247
891 197
820 253
643 399
904 684
612 352
465 229
1037 748
410 306
772 760
608 602
881 817
865 654
983 499
773 407
738 454
874 810
968 716
955 55
866 623
746 523
1009 142
755 77
995 589
1022 360
680 0
688 635
505 503
497 131
763 573
482 70
435 66
773 733
946 903
942 447
610 366
558 306
529 436
565 532
711 624
591 0
311 110
936 267
567 171
1075 381
619 322
1023 948
531 446
765 475
106 39
591 138
951 600
761 649
324 29
567 91
505 103
881 369
877 356
151 104
280 43
537 418
328 125
746 63
430 368
592 382
953 265
781 76
914 819
985 618
982 162
73 64
975 331
670 280
1043 65
992 334
928 867
739 76
1063 820
951 846
1044 686
494 46
721 348
770 6
710 444
1056 66
1062 847
1023 355
981 390
729 4
525 429
502 208
823 511
921 740
521 450
808 233
967 797
1011 787
391 333
498 41
249 92
1046 1002
464 329
564 254
788 341
655 185
784 699
1042 1022
701 168
742 431
748 8
814 73
972 874
1054 597
270 262
625 428
983 547
856 836
944 600
897 572
353 210
194 151
878 84
957 505
431 363
376 320
781 176
370 70
758 384
785 603
588 188
616 65
888 387
921 372
503 315
888 512
141 47
538 180
689 224
651 255
1085 310
988 878
633 319
349 139
868 532
1025 897
996 466
681 328
1064 364
817 231
1073 449
402 298
842 115
835 484
554 208
721 387
718 298
966 882
920 725
924 562
993 226
206 23
943 770
504 190
358 130
884 19
1099 707
260 110
982 527
553 539
213 6
904 364
848 406
993 694
986 573
985 205
589 118
457 155
789 101
993 78
994 470
926 307
256 214
1054 203
998 462
746 539
1044 661
407 41
1016 374
719 611
278 13
846 664
1032 353
1010 407
860 254
954 813
518 508
1019 210
570 431
1024 676
48 16
412 148
559 292
552 447
759 465
1027 62
1000 319
861 341
780 233
513 347
891 801
862 1
671 145
898 303
468 392
1076 45
999 744
847 503
987 277
570 330
476 174
644 522
902 669
946 778
1013 194
928 372
999 393
768 549
941 861
833 75
831 178
870 52
841 85
685 439
601 202
1031 334
851 166
977 435
765 346
739 177
860 192
681 301
406 290
943 19
1016 885
699 582
456 243
893 820
683 480
1018 711
898 682
1053 881
1005 245
958 828
964 763
804 768
848 24
335 294
633 447
707 449
529 487
791 240
106 38
465 115
861 287
991 753
783 677
367 284
854 147
673 454
767 305
799 324
509 137
703 348
631 619
502 177
1049 239
1014 367
780 558
598 595
577 108
819 64
1047 319
1075 909
506 0
919 902
654 506
349 206
328 171
788 379
747 230
1056 852
838 680
1046 22
920 37
887 704
1052 872
601 505
983 442
724 115
200 3
1093 591
803 767
570 248
220 31
867 763
1066 594
213 111
278 41
933 747
613 373
723 465
1004 1002
343 201
881 222
771 699
435 16
1065 209
741 608
597 547
437 96
774 315
425 40
1070 676
984 692
1093 609
369 351
643 320
1026 69
715 676
704 642
746 690
818 740
607 283
836 199
815 448
942 204
1018 884
213 18
997 859
1045 245
138 2
648 124
438 171
655 551
949 897
1081 274
649 14
643 482
1033 621
536 117
495 222
779 694
381 253
827 466
998 488
693 350
138 29
1063 97
497 248
295 54
834 209
1039 423
563 491
533 361
817 350
688 580
670 318
563 104
896 251
970 966
718 474
293 140
1051 743
720 690
776 443
737 534
794 636
982 599
548 161
887 680
960 683
901 414
710 692
531 447
969 925
1007 232
618 84
838 411
987 662
576 553
959 223
931 837
963 192
923 67
696 78
743 728
1014 345
418 396
497 451
567 548
693 639
873 680
557 448
348 101
381 45
456 284
573 144
796 246
987 372
712 364
617 530
667 659
794 283
867 208
961 898
1066 394
610 311
1094 917
780 774
932 257
729 318
784 40
954 949
930 688
637 6
332 310
1099 587
1047 874
978 156
1020 129
440 109
807 217
991 101
1081 400
999 663
1053 534
1055 52
878 109
141 66
868 555
424 418
575 305
1046 371
485 134
1013 793
498 481
857 286
391 45
519 265
378 171
872 210
745 575
523 288
321 312
718 497
522 520
1018 966
98 84
800 552
805 557
20 18
782 617
748 369
703 558
564 498
561 450
909 577
560 242
580 485
273 118
949 684
400 130
592 498
1051 503
1051 984
873 300
392 13
831 750
883 857
1049 810
932 364
838 621
1040 506
978 631
662 203
519 170
780 326
544 61
345 289
323 285
1065 472
754 221
119 72
605 591
773 533
1086 646
808 249
186 170
543 458
917 522
316 282
979 766
736 646
783 476
1010 79
825 146
1000 252
1046 183
723 150
892 854
850 693
654 309
499 215
800 114
701 568
366 283
529 288
625 64
985 188
409 187
709 466
867 301
787 771
502 344
542 525
675 574
202 136
719 30
248 129
273 64
703 394
919 313
1063 564
348 24
651 157
997 205
1069 861
544 475
989 954
512 453
824 77
33 14
630 328
495 220
971 25
1089 222
847 840
596 358
753 696
611 453
584 393
994 645
528 151
526 131
1065 1032
704 32
998 938
869 768
731 707
891 664
318 104
375 190
477 181
892 17
975 168
905 30
305 111
1069 865
1070 249
1044 1009
1088 865
423 352
881 326
883 329
553 237
1054 521
1062 958
588 163
745 11
644 474
958 770
791 337
1025 456
1066 51
800 25
813 800
999 144
1028 530
373 100
918 875
431 129
275 233
872 57
1041 321
491 29
475 186
518 106
760 420
59 37
891 251
753 113
575 543
708 523
1042 247
1045 70
69 1
949 501
1062 140
635 570
917 803
702 502
991 380
942 20
463 349
811 429
565 220
964 483
1040 310
330 223
1051 397
967 330
999 508
611 306
963 514
1076 110
779 458
1090 878
885 787
531 318
680 599
635 140
693 549
947 37
107 74
998 863
568 278
579 243
920 385
1048 554
678 590
1079 647
993 617
634 215
757 575
838 347
941 318
777 765
308 185
857 9
879 517
930 428
965 326
767 505
551 12
898 744
112 30
976 249
655 328
970 50
1054 604
551 77
688 642
796 251
768 654
562 546
1029 434
912 145
980 917
965 261
317 244
661 476
930 138
985 388
937 415
820 474
981 705
982 206
909 118
888 838
400 281
874 597
771 16
422 253
789 81
669 188
411 359
564 381
1020 546
1091 80
1035 193
771 310
853 575
354 335
939 728
185 149
762 470
1049 965
961 532
257 114
147 70
824 687
794 6
1034 567
548 235
346 163
846 77
645 67
965 860
1019 768
778 181
459 201
667 306
191 163
708 301
784 241
1065 602
751 593
819 129
524 200
1041 736
900 756
721 655
439 106
981 599
1025 623
1062 752
870 627
629 615
839 522
891 667
925 397
998 902
924 781
427 3
656 346
999 277
237 35
228 171
384 214
875 83
844 176
992 748
1002 616
229 23
885 767
764 544
465 139
1047 835
303 171
507 97
301 283
818 598
879 614
996 776
512 3
968 497
541 149
404 133
890 57
336 134
336 11
702 215
315 139
949 788
718 520
790 777
1077 293
614 315
903 525
725 135
1080 600
1036 919
739 13
766 88
854 339
1049 780
440 437
143 51
837 768
860 418
965 336
989 914
776 397
1062 511
1045 822
1044 751
423 262
233 67
649 569
879 83
269 79
898 604
474 207
911 789
677 575
359 305
778 269
874 554
1002 902
979 5
1037 637
812 86
879 318
535 140
1094 572
341 91
991 557
836 675
1049 489
294 118
425 161
990 853
747 430
918 468
516 513
1049 401
1065 777
815 195
662 454
945 89
1081 714
525 30
630 272
196 4
1037 167
958 831
662 610
488 107
728 123
1094 411
884 104
695 631
932 386
1089 403
1013 528
1070 897
656 503
615 329
780 648
730 51
1094 1050
821 162
991 748
1058 113
514 438
376 353
867 773
909 255
339 323
645 462
1062 326
558 205
730 30
926 621
951 871
988 107
1031 14
882 457
477 279
1068 441
680 667
250 237
1074 718
1089 195
881 533
710 38
537 437
1066 723
576 292
1081 679
315 231
941 785
688 28
740 664
844 691
510 468
485 89
744 211
677 298
389 25
571 450
969 603
282 51
1036 581
789 306
656 9
314 40
653 367
633 106
1081 510
402 73
954 820
1075 503
256 187
1036 116
136 96
128 22
472 42
680 26
1024 176
521 271
972 547
924 67
1073 545
430 123
1017 238
718 345
206 65
783 425
991 768
748 139
748 450
387 210
501 160
590 484
745 284
876 438
997 182
1070 117
882 144
891 364
266 29
847 593
794 129
827 529
232 147
1080 114
817 520
788 594
885 695
505 150
890 525
739 449
1020 713
1006 698
880 282
575 382
247 208
832 367
536 146
247 99
1006 972
924 206
639 312
622 276
752 595
649 576
983 371
391 367
643 203
570 266
959 370
370 47
442 288
225 215
637 328
434 411
847 589
861 58
670 271
1080 113
1038 649
1062 27
975 794
764 424
1061 897
582 424
484 462
553 287
898 302
1049 64
132 17
942 242
997 503
911 672
254 182
664 586
1086 58
599 47
403 209
323 104
511 361
1087 903
790 547
947 613
930 527
911 109
868 115
846 85
1058 1008
136 108
638 54
462 444
707 497
285 253
301 291
551 391
683 499
400 360
763 519
961 370
396 356
297 189
566 239
1038 386
470 455
665 424
381 336
959 90
659 455
754 370
667 330
995 562
951 731
223 197
651 81
1053 576
901 264
549 79
957 785
345 315
753 328
467 319
853 774
642 498
940 220
980 12
799 780
244 31
815 198
1087 262
779 137
588 384
967 300
