900 2700 900 2700
297 201
227 68
855 568
795 658
544 25
317 115
693 7
496 363
799 33
589 231
313 273
708 277
724 548
558 129
447 413
882 369
777 742
805 608
464 351
535 266
384 63
827 206
218 42
522 482
834 188
738 50
747 416
572 90
311 41
742 699
487 2
803 157
835 11
67 44
391 369
846 671
693 431
729 450
594 547
861 241
279 96
821 341
585 409
539 116
810 687
429 288
210 83
485 145
747 579
792 435
743 476
51 36
876 218
526 161
340 216
854 57
847 28
443 323
868 421
493 77
393 113
899 630
769 80
508 496
258 50
867 795
601 120
760 729
175 116
706 330
858 725
267 183
893 284
703 340
484 352
683 54
281 27
562 131
763 337
671 24
752 205
50 47
540 66
758 604
661 504
629 136
447 94
591 298
429 251
560 539
880 84
756 246
608 246
855 688
728 542
610 424
653 315
722 442
848 267
181 156
244 34
816 761
812 796
347 272
457 310
703 626
869 22
700 192
317 219
856 697
349 168
854 709
402 77
759 676
538 51
408 20
859 670
667 579
757 200
270 189
786 169
819 612
890 188
511 399
786 329
859 350
446 38
618 209
681 499
144 108
660 151
774 309
833 275
841 224
645 317
164 82
781 509
881 180
761 265
493 110
447 271
887 290
587 549
745 132
177 112
532 516
515 391
860 588
673 494
483 208
702 346
743 361
387 135
762 116
401 21
784 486
90 73
240 120
879 174
647 123
528 475
747 145
873 576
772 315
377 179
803 99
788 417
800 376
784 753
749 708
551 300
344 269
658 487
557 505
482 263
185 35
855 642
286 283
703 120
663 592
673 586
299 137
723 703
759 101
844 301
592 481
175 123
563 128
626 236
819 294
497 108
624 489
850 494
682 377
182 106
437 243
476 237
701 279
208 96
729 579
873 204
585 330
692 366
868 369
416 7
400 78
872 508
849 742
688 447
432 76
868 107
715 429
598 225
459 153
273 109
444 405
706 633
867 808
628 610
559 425
513 485
384 336
376 4
655 115
388 116
156 139
645 505
458 118
869 563
757 490
469 342
832 381
671 664
418 396
849 79
845 331
145 120
815 800
476 352
460 17
578 31
819 321
317 232
530 372
660 235
285 223
696 74
597 335
668 197
869 225
434 26
779 147
625 33
357 351
378 132
610 578
897 626
853 78
896 551
870 569
864 418
654 342
357 147
215 123
813 176
696 257
706 461
57 19
634 274
817 579
749 334
680 133
656 544
809 570
789 728
646 14
783 402
651 399
635 525
280 61
750 309
655 133
596 506
619 573
765 247
828 445
730 90
862 839
737 640
144 64
158 14
466 210
505 386
472 429
842 539
799 436
874 521
879 227
731 428
533 188
812 727
851 362
692 307
801 370
622 100
238 131
600 120
739 33
750 640
797 106
854 294
870 731
817 190
818 295
833 755
488 267
853 45
526 405
340 233
350 4
462 349
753 240
690 41
309 261
872 353
791 584
546 9
495 199
754 377
333 261
863 53
22 17
615 81
672 378
793 605
624 55
613 178
393 290
474 149
612 407
560 306
868 83
856 825
857 414
854 468
372 237
803 87
335 238
746 251
760 220
642 513
878 453
710 509
509 391
630 477
811 628
420 246
812 448
374 295
474 119
778 288
424 383
879 646
494 259
733 691
740 118
568 319
818 115
693 193
817 611
365 323
858 625
745 39
444 88
179 157
639 504
818 25
195 179
442 96
504 236
366 8
466 424
740 231
700 540
262 28
583 419
783 157
500 66
569 242
887 130
775 304
714 418
878 196
558 86
851 121
565 51
643 417
187 89
412 172
551 347
552 230
513 117
766 344
679 431
443 276
744 334
725 196
720 501
369 346
805 222
889 454
695 636
839 789
293 32
633 181
805 427
699 583
457 316
542 142
735 465
777 116
858 247
769 212
757 467
391 341
578 152
621 312
125 12
441 301
543 468
573 140
851 311
767 521
424 307
875 286
866 281
296 166
702 478
881 809
779 39
738 658
468 44
862 194
848 101
800 558
658 52
466 298
218 11
571 164
894 419
704 621
516 424
609 272
554 312
542 309
841 662
859 614
677 208
839 542
478 383
667 105
486 459
759 129
427 270
751 639
432 23
756 747
69 23
883 703
406 16
703 441
741 677
860 633
629 576
712 366
426 210
817 638
649 325
303 200
589 325
231 174
525 84
618 364
641 388
659 231
454 439
600 486
787 130
893 334
555 132
822 754
572 266
321 97
712 499
593 183
718 13
233 20
753 379
729 239
234 127
884 291
586 92
879 822
701 689
720 593
692 164
409 245
887 10
858 839
514 141
863 498
289 166
792 594
885 677
327 98
604 151
303 4
503 76
786 184
881 308
772 562
864 465
186 71
540 113
668 169
720 12
232 90
637 331
705 634
138 79
567 397
717 259
417 395
670 201
766 583
698 457
895 295
368 85
815 590
758 307
674 141
423 299
862 161
847 735
488 48
680 235
819 126
720 190
236 11
661 476
756 628
422 339
429 418
661 524
707 467
84 6
808 140
871 724
785 270
585 521
695 397
891 848
561 503
591 241
675 660
41 1
869 423
675 635
127 120
785 530
244 131
867 606
854 593
580 101
688 176
361 95
476 426
80 74
391 169
858 242
224 138
81 22
840 272
586 510
728 585
695 472
645 478
889 7
890 704
309 147
696 191
895 43
772 401
251 77
174 170
502 78
119 95
264 39
649 49
563 231
761 356
897 609
409 96
829 314
765 638
328 5
686 269
590 247
445 28
763 504
624 255
880 842
818 43
435 267
229 200
716 706
274 123
230 224
802 640
843 80
624 434
393 81
798 590
529 156
517 215
468 313
549 55
301 206
517 279
858 537
517 367
734 336
754 508
726 325
685 559
398 117
580 497
516 235
239 100
755 17
842 46
889 466
892 846
497 355
588 140
894 197
677 15
842 770
364 54
861 38
403 337
333 155
131 118
833 480
362 84
191 166
434 20
728 116
537 386
626 440
148 76
247 151
886 219
539 183
688 352
276 135
868 703
769 245
854 363
267 26
694 531
578 92
793 287
630 550
349 278
651 380
700 472
830 125
893 774
665 526
893 856
788 117
867 25
883 14
679 105
653 144
692 195
451 59
190 137
563 184
756 734
878 783
505 59
661 209
519 118
617 208
453 308
558 525
822 69
170 5
371 134
216 193
872 410
154 122
820 706
358 335
602 189
879 76
576 472
784 209
670 668
637 289
727 356
498 303
325 78
778 588
812 90
844 674
686 343
456 380
319 37
751 158
205 51
645 165
899 893
537 298
714 658
731 493
640 366
752 376
883 162
514 102
804 395
578 560
812 667
41 0
661 92
540 47
735 153
777 517
213 138
281 61
467 75
896 384
744 547
789 656
843 575
594 221
679 596
599 7
792 741
866 318
877 615
742 241
593 66
513 365
766 453
250 90
227 217
674 122
849 822
566 296
455 118
552 13
645 135
423 135
668 557
870 19
513 492
554 390
658 512
760 731
364 296
568 379
439 424
897 737
691 214
648 191
667 33
846 779
841 25
321 3
457 343
470 223
573 77
754 540
499 290
553 74
833 183
68 19
521 99
860 818
748 159
285 39
881 383
389 72
691 680
824 309
595 580
343 156
761 503
745 46
766 389
771 295
887 45
808 596
599 81
669 604
502 82
703 369
315 103
846 473
493 259
309 275
369 33
559 198
814 799
683 196
409 395
702 506
854 768
736 719
597 140
881 805
363 203
847 635
480 203
581 259
577 42
227 182
710 471
248 208
741 26
786 777
838 180
171 95
823 480
728 626
459 70
256 43
415 372
556 336
835 797
674 231
323 76
821 724
859 386
802 699
884 195
550 488
813 383
753 368
326 182
531 125
798 14
550 26
363 242
225 71
489 98
758 355
718 469
891 744
583 257
250 228
884 82
330 136
441 8
523 263
805 625
543 521
505 1
804 571
448 298
892 662
669 468
884 111
837 236
876 395
226 170
827 2
564 478
285 111
430 21
882 715
381 293
363 334
521 240
838 172
711 443
841 179
738 17
524 301
645 504
625 147
734 629
837 51
368 10
897 104
659 202
289 44
615 251
891 738
436 125
335 44
253 243
659 156
547 434
303 128
210 134
644 143
541 478
602 15
565 509
584 107
774 756
470 172
647 630
721 327
719 243
832 783
845 384
867 2
515 21
140 7
387 9
731 584
853 343
622 545
771 17
690 461
770 472
795 180
740 517
635 626
625 80
788 45
845 295
736 55
886 666
326 155
204 169
112 61
559 0
534 71
842 437
611 586
799 418
883 222
698 121
747 699
755 666
682 201
653 258
254 75
769 326
405 332
534 347
818 674
397 12
554 361
529 331
418 279
214 178
791 1
757 575
258 216
758 123
841 238
244 231
457 421
641 132
714 143
668 663
553 199
574 413
717 286
857 389
791 410
537 211
404 92
763 563
516 148
648 380
716 703
762 615
761 207
414 302
368 290
849 221
899 655
600 397
817 337
765 399
592 99
697 487
404 316
186 177
349 228
786 360
558 282
779 617
650 402
234 221
795 718
512 208
848 520
802 436
772 188
812 790
508 425
288 99
514 103
830 715
570 56
819 53
889 112
729 489
837 372
429 26
361 93
892 617
571 434
861 557
742 70
581 503
637 302
598 566
774 482
548 94
214 3
611 574
528 107
836 677
736 693
622 383
128 39
93 45
429 355
756 0
406 176
250 230
364 45
573 381
417 351
754 189
308 60
386 174
436 346
467 67
847 463
511 496
894 4
796 778
866 256
568 252
294 91
743 305
839 129
759 371
393 30
187 30
408 138
810 661
553 368
634 592
860 741
861 266
525 357
768 264
864 151
739 318
875 130
638 92
706 579
859 546
645 630
501 148
769 45
777 395
572 104
609 310
559 21
856 656
596 534
537 31
822 686
280 167
574 153
492 329
276 263
483 78
698 345
463 419
888 732
730 124
833 809
523 395
346 20
128 26
355 325
759 229
668 570
224 133
163 53
670 406
109 45
725 291
678 340
580 396
391 48
718 441
559 372
246 101
665 615
424 401
649 283
764 22
540 270
714 166
482 131
498 186
695 329
835 620
737 143
612 180
513 200
258 105
650 153
259 52
684 616
531 129
399 240
403 142
215 196
580 336
886 768
475 82
765 400
851 473
75 70
472 375
633 329
793 135
419 59
833 633
742 341
304 277
384 280
609 542
777 701
104 27
637 568
365 27
371 242
669 338
561 63
780 417
644 325
612 249
385 107
522 466
732 160
543 239
828 329
877 472
326 300
764 599
464 233
529 508
676 444
608 249
450 339
812 431
576 474
798 59
515 422
778 175
839 19
760 298
392 130
190 46
271 219
421 146
646 304
617 173
264 224
580 335
163 148
769 545
710 317
784 418
622 305
495 253
236 80
565 496
600 548
869 598
620 322
703 375
747 661
296 252
748 438
830 121
866 254
754 419
695 377
378 240
658 75
846 103
720 467
710 315
826 414
721 464
611 242
710 403
459 281
859 636
621 242
867 649
590 163
718 85
707 295
851 505
367 282
692 417
889 789
699 570
667 292
812 195
637 77
191 40
422 132
200 14
601 298
610 219
693 592
814 69
285 3
871 479
619 297
656 318
477 101
724 208
800 59
361 202
863 123
681 248
786 448
518 152
229 102
508 59
660 478
893 582
170 10
648 188
498 6
818 735
701 7
402 275
806 399
820 320
687 489
647 28
454 393
789 394
882 819
711 423
845 219
613 500
586 507
446 16
736 722
699 237
629 82
552 125
650 465
461 190
416 229
464 403
757 40
664 290
448 308
265 6
172 148
476 345
640 475
508 95
876 801
549 181
393 134
873 91
851 392
872 84
415 99
711 92
690 5
325 181
877 88
374 77
598 27
205 89
871 154
576 10
572 40
800 264
398 92
714 262
679 347
787 685
848 163
708 629
277 235
829 172
373 229
644 482
758 163
829 439
700 645
885 374
880 608
617 378
587 259
804 78
762 734
727 238
576 41
765 690
855 343
843 650
871 450
704 98
492 105
511 237
44 1
876 656
852 55
345 294
777 453
289 102
526 77
870 56
598 584
472 93
581 82
842 817
75 53
758 316
615 548
745 146
461 347
883 610
669 281
803 251
877 591
871 501
771 119
689 434
752 333
794 0
726 405
357 168
753 578
692 533
364 277
524 445
856 842
671 144
129 78
792 506
748 555
562 100
670 655
629 513
666 418
381 235
667 304
672 507
479 114
859 98
277 209
420 60
243 14
623 304
543 316
620 257
708 597
712 370
365 199
637 166
695 319
589 82
714 13
753 225
623 536
671 307
577 0
851 291
889 334
673 408
317 286
450 282
800 691
749 636
580 358
764 556
503 454
542 433
886 322
879 290
698 262
690 386
258 241
899 611
767 81
554 200
500 424
831 253
844 422
439 34
138 59
743 249
535 189
785 225
374 35
275 259
113 52
651 48
798 65
360 116
720 455
226 207
852 502
594 498
866 846
854 55
650 616
565 183
421 338
185 30
886 817
706 458
487 139
736 537
447 317
478 84
868 129
379 145
438 270
99 68
455 156
850 658
845 709
673 300
701 100
655 71
753 519
560 293
609 585
815 755
745 584
655 87
887 544
490 100
653 168
548 222
677 479
301 278
752 267
663 384
636 254
678 207
201 83
677 93
777 662
492 89
328 37
493 277
732 9
408 47
328 162
839 330
424 204
786 614
692 306
161 129
254 76
295 15
392 312
675 588
547 154
733 160
320 2
390 11
282 44
828 483
403 18
444 42
353 95
642 91
446 387
779 291
40 27
167 71
749 677
698 278
696 526
721 610
705 313
548 527
359 171
729 429
535 447
238 67
625 336
716 394
477 133
818 307
384 213
515 382
485 164
199 12
620 144
512 252
427 332
90 74
333 293
730 527
664 407
731 361
810 67
440 55
344 63
845 128
528 485
202 152
311 129
737 103
813 777
879 778
718 247
770 90
587 468
763 488
495 251
663 662
657 273
892 2
837 575
476 456
623 52
825 780
459 419
863 460
729 305
697 655
398 213
808 314
108 35
193 13
411 45
500 80
627 70
499 17
425 7
458 291
787 529
774 363
784 571
696 650
768 722
745 453
130 2
614 251
748 379
806 431
698 293
887 371
821 594
494 212
597 437
320 312
544 111
868 688
259 212
810 675
607 175
730 220
781 159
523 468
821 385
800 732
561 341
436 50
71 63
188 29
441 135
798 451
442 39
646 126
306 269
399 385
427 83
632 150
648 424
303 123
840 118
484 455
579 64
238 151
449 44
544 380
688 147
245 222
612 268
759 21
615 440
730 89
355 248
665 322
668 610
645 363
510 477
880 584
718 92
553 497
799 531
623 151
355 223
356 349
544 314
467 174
877 710
764 580
834 605
117 86
868 34
267 37
744 710
279 104
613 170
770 435
668 255
679 239
600 128
615 563
893 440
575 258
726 377
899 421
741 420
195 5
333 301
698 531
524 257
357 165
720 327
614 236
655 392
846 744
607 494
778 629
544 150
484 457
551 315
355 213
753 595
610 554
779 454
466 449
779 245
373 343
240 26
383 53
888 220
647 373
465 91
506 473
302 168
453 76
418 82
808 736
669 299
723 576
891 345
777 268
889 10
884 459
737 417
453 402
779 736
331 203
772 544
846 755
536 227
453 97
296 268
488 41
820 76
801 260
269 227
750 258
276 73
535 388
754 28
514 260
534 206
294 116
872 464
293 207
529 456
654 407
739 562
205 110
468 326
669 625
583 457
527 24
807 274
809 398
700 552
629 437
245 156
289 242
876 483
706 578
219 43
803 196
737 387
612 312
719 675
545 272
379 229
476 33
740 466
178 8
771 743
883 533
246 200
790 418
844 103
491 149
790 741
553 53
563 547
549 282
684 578
112 23
840 387
884 160
800 141
680 198
820 799
510 371
681 236
519 389
292 26
551 19
869 765
337 170
590 132
625 84
745 50
484 230
801 9
597 307
273 249
897 473
280 251
521 64
497 191
217 122
343 305
741 237
307 58
475 161
587 375
182 165
499 393
562 402
805 490
794 260
200 100
753 605
577 328
639 445
813 419
542 45
313 213
465 97
771 232
515 155
754 57
819 543
265 148
545 460
556 131
618 313
875 287
704 252
426 271
846 627
616 42
875 400
284 10
718 253
881 373
720 500
748 266
686 600
840 398
236 13
631 552
297 261
833 831
793 446
840 259
647 259
564 218
753 223
111 50
530 523
553 60
820 588
817 127
793 156
662 213
486 203
481 173
722 635
888 52
853 202
641 114
674 200
725 320
336 144
299 196
192 54
461 93
872 498
576 34
494 332
441 37
885 796
197 4
851 180
891 824
842 484
608 93
510 249
899 64
104 87
863 577
405 294
403 247
790 96
753 528
683 357
439 379
745 365
336 52
213 190
679 173
430 27
773 700
261 99
893 476
799 446
754 719
233 30
884 472
869 346
711 449
884 5
759 343
391 302
872 152
856 230
494 159
794 777
631 515
851 633
878 268
393 32
460 250
125 78
690 588
826 682
554 204
420 74
872 246
854 413
111 73
682 305
391 22
163 121
382 235
323 220
263 21
419 108
58 6
305 60
787 525
605 156
864 781
500 90
543 217
415 216
750 24
437 247
668 324
428 366
566 226
671 101
540 89
841 502
526 132
806 241
433 248
421 21
874 869
845 273
412 74
890 792
787 175
838 752
830 120
574 11
693 500
103 76
192 98
758 725
173 95
480 163
440 203
424 233
762 144
261 24
733 118
83 36
771 348
521 209
566 152
802 647
582 3
466 284
759 734
875 631
566 169
801 431
671 266
712 195
712 503
494 4
283 44
294 169
678 677
752 144
738 411
472 428
266 220
289 200
821 471
701 176
827 410
774 557
554 337
780 578
840 129
334 52
875 762
743 44
780 708
563 437
822 99
745 679
557 349
782 291
874 619
677 328
536 180
657 98
504 116
381 272
771 757
536 267
589 406
190 180
408 242
895 883
724 30
326 60
393 142
824 33
173 17
862 781
382 39
446 418
744 74
661 400
343 276
321 196
406 259
890 421
769 370
786 529
774 307
606 54
669 294
553 513
814 92
750 204
207 15
694 149
404 88
741 532
707 378
878 71
740 614
749 123
463 386
837 114
584 388
692 621
537 25
894 676
173 25
745 441
833 133
775 305
871 267
877 654
526 525
185 96
887 33
795 533
872 679
723 396
438 257
374 332
673 495
572 70
623 62
890 860
600 249
102 38
114 61
867 156
855 87
780 174
892 885
353 144
776 719
525 375
750 131
144 122
581 171
137 18
37 33
883 302
537 158
339 139
530 81
398 381
464 460
256 222
859 220
807 156
835 821
314 25
611 599
748 431
450 228
278 200
728 349
878 639
646 388
824 363
672 169
187 67
658 601
867 241
175 67
649 571
119 32
527 191
779 41
505 380
550 281
712 68
561 560
657 320
841 90
521 519
655 496
357 71
883 63
768 728
278 237
32 23
504 291
413 377
632 356
262 116
885 140
487 177
375 88
841 617
571 291
847 798
450 316
694 502
492 20
741 411
685 188
516 456
251 160
845 571
763 486
549 510
518 505
369 273
893 592
484 432
659 113
224 151
716 405
301 188
811 14
744 299
591 103
464 92
854 177
396 209
865 685
686 497
578 352
343 228
567 276
758 23
779 16
610 448
547 289
797 637
387 49
776 648
645 140
822 637
828 580
568 534
554 376
736 106
649 186
197 146
324 261
426 276
877 364
590 463
497 70
684 19
792 416
527 312
847 235
442 89
467 221
575 529
847 628
323 169
893 45
728 352
170 149
468 406
636 83
398 254
724 451
414 100
825 460
402 285
812 458
685 621
774 148
892 318
485 242
438 126
472 266
454 451
869 464
832 423
545 156
572 282
551 424
894 509
855 189
591 118
792 207
642 288
877 179
825 323
840 240
778 601
123 83
562 488
882 767
503 322
155 42
724 668
842 265
374 327
878 344
519 278
592 490
546 513
798 98
302 81
328 251
560 48
260 118
768 624
467 222
767 25
579 46
700 245
850 751
499 296
590 513
389 66
382 214
893 886
530 405
677 304
665 268
535 304
467 10
453 105
181 46
727 403
643 117
804 83
537 139
662 206
691 66
863 530
796 401
712 341
861 277
813 182
665 170
675 593
752 531
782 87
774 629
844 203
573 537
476 293
526 395
836 710
726 111
886 620
389 362
754 605
677 198
276 33
870 593
869 561
561 327
666 258
872 49
423 108
313 133
387 348
859 155
568 400
834 386
604 357
542 418
576 175
454 10
624 561
258 181
860 242
631 17
558 447
790 666
552 61
185 140
110 51
584 240
332 194
889 88
332 210
739 518
871 850
510 369
807 147
767 146
740 135
481 463
636 89
386 32
766 422
537 5
459 161
71 24
446 317
875 421
403 380
881 27
391 27
840 287
748 690
737 294
746 228
334 210
493 352
702 190
646 400
535 33
895 315
628 42
887 739
588 384
570 32
827 641
239 133
403 229
260 224
382 125
216 43
776 226
850 526
869 200
777 131
844 788
678 347
736 259
656 313
386 282
849 633
791 260
186 76
709 76
845 227
400 30
383 353
483 113
817 771
727 645
641 125
876 338
896 511
793 105
446 264
637 416
814 364
890 404
800 582
642 220
871 555
872 857
593 316
291 165
480 183
647 432
789 706
702 531
882 873
434 35
847 547
881 819
718 22
763 510
296 169
721 642
705 567
673 105
337 174
296 170
685 286
402 131
276 15
454 179
843 345
453 422
595 551
734 498
210 167
208 166
577 475
888 548
560 102
289 85
681 531
749 724
838 651
793 44
342 108
421 418
612 518
440 344
397 95
893 346
546 162
357 123
469 90
818 683
675 516
651 0
795 176
473 202
731 588
289 48
541 509
572 49
487 204
743 542
811 559
697 696
636 22
554 270
316 285
409 143
879 625
844 344
790 61
743 86
364 143
803 644
539 245
502 438
669 306
596 482
681 60
461 196
612 486
623 396
390 173
652 326
156 62
553 545
741 384
515 347
256 75
266 255
333 242
489 356
761 188
835 381
622 277
887 412
356 78
668 651
329 200
878 350
470 263
303 3
766 305
291 162
869 387
717 491
253 120
246 178
751 404
123 17
579 59
814 577
545 281
514 45
699 547
862 76
863 103
450 105
797 131
615 414
795 543
530 480
86 77
857 739
426 135
873 410
686 353
582 76
630 7
861 317
266 120
814 218
213 14
829 337
331 216
864 642
668 464
208 150
487 348
784 724
524 255
838 426
721 715
719 316
449 286
235 39
218 107
821 291
847 40
807 70
229 226
276 172
424 30
311 33
239 46
88 41
871 15
759 102
845 745
590 1
738 215
693 234
884 222
602 531
640 16
810 211
841 795
442 417
97 12
821 7
408 277
572 269
433 318
692 180
340 101
133 29
508 437
726 321
400 395
593 279
665 147
135 6
819 28
768 34
252 84
727 159
126 34
655 284
471 177
789 542
826 417
596 556
185 50
845 534
739 603
875 568
802 165
787 478
585 179
335 26
700 237
450 311
647 266
630 501
584 50
791 518
523 34
365 157
652 351
627 325
741 612
282 97
725 96
396 249
578 263
383 271
769 569
609 437
781 367
665 60
235 48
251 223
877 224
898 286
265 45
841 73
666 417
322 6
887 280
744 406
224 159
847 494
710 99
392 259
635 75
883 154
489 329
861 437
766 457
589 233
869 393
581 360
588 194
847 510
421 137
811 742
756 168
414 296
390 366
574 286
539 288
809 126
227 10
525 389
440 302
305 92
225 66
697 512
865 101
248 17
408 183
325 233
642 143
853 447
897 816
220 132
155 13
834 403
631 549
587 194
795 623
268 109
310 15
652 482
275 6
853 131
601 465
790 601
774 523
838 61
753 39
839 15
489 209
754 224
865 732
843 726
546 81
485 425
705 308
792 25
871 167
660 657
575 524
686 585
589 341
809 541
289 224
420 345
721 260
462 319
641 10
831 390
414 162
500 15
260 195
375 228
423 28
210 91
733 560
278 66
891 447
799 154
809 684
492 57
868 124
786 681
611 523
716 681
863 57
372 322
505 391
882 539
847 769
573 287
349 93
678 539
613 493
790 500
748 640
34 22
466 96
802 717
825 311
492 448
383 289
284 122
747 18
758 444
871 319
848 526
249 77
751 217
828 528
761 461
740 285
738 723
717 168
856 82
251 35
865 121
643 93
898 134
237 3
762 251
867 386
899 872
459 162
713 518
825 386
530 78
423 120
527 416
750 246
700 579
511 12
165 150
868 649
486 334
586 407
754 637
701 42
441 4
315 33
454 262
877 715
292 224
454 189
547 228
664 418
231 11
884 697
812 627
232 205
855 681
564 15
879 480
447 274
871 729
863 370
483 323
482 163
769 480
722 668
754 590
400 185
431 356
380 299
698 321
804 691
537 384
784 708
439 373
663 69
839 392
449 113
853 651
757 630
723 675
325 167
316 241
175 106
858 755
665 147
169 12
846 460
850 790
811 341
381 56
797 796
775 261
623 9
389 229
535 291
386 66
578 142
699 307
878 226
828 793
880 236
441 249
797 702
378 277
328 207
207 115
302 192
340 190
569 504
532 81
321 133
771 444
762 346
883 859
305 259
850 150
708 336
382 235
874 398
762 421
774 487
532 136
649 272
815 295
708 415
860 726
596 15
689 553
267 194
498 189
435 415
846 37
519 244
746 415
702 489
884 118
670 226
863 302
304 178
801 173
880 66
194 157
413 383
797 512
351 149
748 520
694 14
785 767
493 477
789 439
475 453
849 138
735 94
698 99
218 56
712 246
745 405
157 61
648 388
800 437
141 7
314 96
714 133
492 69
465 187
455 118
535 219
612 232
892 71
770 509
524 12
707 157
509 15
833 343
638 164
276 184
845 752
707 380
706 237
733 379
267 201
890 82
676 364
443 52
809 256
803 404
442 26
705 488
712 529
567 464
636 200
694 665
476 394
833 106
504 228
273 64
106 35
420 36
645 404
546 473
889 160
386 30
620 200
871 673
263 14
422 19
564 403
474 154
291 40
538 488
644 170
778 359
839 223
293 206
822 594
694 664
740 1
788 230
550 515
319 176
415 164
222 4
792 665
400 345
849 763
725 286
768 258
159 151
407 306
652 139
791 297
746 5
815 470
644 559
732 697
387 101
441 262
651 231
133 130
826 454
500 264
631 559
562 501
416 76
824 487
854 371
200 53
761 134
566 480
704 31
639 478
752 588
649 284
609 193
322 225
826 263
786 337
490 452
528 32
24 5
899 302
271 82
854 214
690 446
233 135
545 343
676 551
614 557
177 102
276 185
750 46
326 159
222 84
699 187
424 200
842 663
601 594
652 248
803 286
579 415
393 218
713 617
790 522
665 571
582 133
557 265
201 106
489 244
705 318
812 81
684 446
725 666
787 420
555 115
507 22
754 146
612 84
825 525
602 354
490 296
526 402
886 126
780 317
881 127
617 139
526 519
476 460
420 384
756 652
714 664
812 283
885 450
210 195
274 130
798 415
398 190
390 32
757 133
643 258
414 82
634 209
855 753
848 564
375 114
419 270
455 3
766 12
777 119
218 70
729 631
271 160
868 629
300 234
591 187
588 338
592 152
533 276
705 366
319 45
562 534
873 691
580 217
499 121
838 639
660 135
710 53
853 363
735 632
817 410
212 199
388 49
386 303
320 156
821 166
842 544
669 66
658 51
757 484
879 73
776 371
332 236
567 281
837 597
873 857
617 338
772 537
376 63
295 173
687 15
803 462
187 173
578 510
893 709
461 221
373 133
307 181
188 174
616 28
662 147
877 183
442 397
631 143
619 17
528 233
639 250
864 416
381 249
516 62
744 40
309 247
891 266
696 506
744 47
887 518
735 57
400 333
748 642
728 54
799 471
394 197
533 386
683 514
750 66
584 467
448 167
877 50
865 610
800 168
649 491
883 202
597 449
515 325
533 281
632 446
840 278
487 208
611 392
544 183
874 129
613 353
568 501
486 136
785 279
755 125
560 31
664 188
804 740
742 386
300 27
658 269
256 205
730 689
818 337
864 414
815 606
681 591
856 310
483 368
305 261
696 123
880 515
238 121
693 419
656 652
537 145
237 52
570 183
869 853
842 488
302 25
400 314
364 363
454 28
853 742
658 131
640 398
835 718
218 32
417 137
371 60
797 205
731 26
389 363
590 70
770 15
759 341
876 804
340 110
647 474
297 203
851 460
618 69
826 481
213 141
784 471
727 174
880 228
249 232
829 587
678 360
597 216
828 172
653 330
604 577
443 132
882 168
228 227
685 494
699 416
141 93
512 74
43 17
125 110
118 50
631 608
861 562
414 3
819 536
831 170
730 586
782 551
158 157
108 97
803 356
878 610
790 91
875 840
651 356
784 667
753 113
156 109
843 470
856 683
642 368
270 74
844 738
499 336
616 449
149 144
606 104
361 9
872 412
899 722
323 195
618 400
635 546
789 722
690 619
701 572
617 367
175 38
496 145
881 704
191 143
840 477
898 194
629 49
843 448
651 262
566 414
247 218
665 547
731 36
832 147
736 176
821 228
888 449
186 83
134 2
782 395
892 220
683 404
431 279
612 26
546 420
889 217
546 231
861 86
887 335
831 780
875 628
723 282
697 395
631 366
554 548
700 55
83 2
781 650
705 226
647 14
529 412
759 230
692 230
574 249
896 744
556 547
188 44
770 309
832 611
294 61
832 715
582 566
699 544
328 50
707 14
556 441
853 223
812 653
484 280
827 225
782 507
173 112
816 355
887 423
618 50
714 73
860 93
433 104
609 488
875 867
359 129
715 647
371 151
472 370
639 257
895 186
456 302
732 371
504 99
506 146
883 295
588 574
737 626
225 34
544 309
692 428
454 207
521 496
783 346
876 746
691 628
294 128
429 67
894 667
735 2
340 225
373 369
806 763
757 195
720 97
580 363
737 115
491 228
620 129
870 489
404 213
480 432
864 183
815 79
234 171
525 158
577 391
337 209
783 121
601 327
782 204
567 382
343 91
860 197
631 14
525 408
526 78
728 607
594 163
318 32
401 212
561 340
630 527
139 58
552 354
350 293
436 27
532 388
656 410
489 15
542 216
704 220
726 66
219 183
132 110
707 467
691 124
733 137
502 192
565 291
885 337
132 0
784 584
696 358
695 352
195 167
529 18
712 536
142 81
265 139
179 141
717 466
889 734
631 304
803 589
131 26
680 672
363 115
717 673
604 565
226 111
252 109
393 313
745 416
887 636
727 209
819 157
428 379
637 605
714 281
472 33
879 9
781 620
889 84
673 309
831 17
730 338
529 454
460 17
531 302
473 464
443 315
741 33
523 12
692 64
856 334
890 603
631 346
441 256
827 477
838 597
441 6
882 278
883 869
231 179
567 25
886 618
753 80
244 188
645 252
726 157
421 63
858 626
283 169
810 177
216 129
789 75
250 232
844 557
295 259
671 233
564 348
720 183
252 30
578 312
780 517
777 522
859 297
536 272
752 163
845 318
716 69
122 49
455 416
578 85
805 775
815 745
273 8
550 409
751 718
669 300
850 806
698 170
688 527
651 519
597 104
851 50
716 120
643 7
402 86
601 419
725 84
326 175
534 240
493 174
758 725
284 152
296 282
713 403
785 304
430 158
378 179
768 555
650 640
589 401
867 53
227 3
224 135
718 694
772 456
703 696
493 392
674 663
886 762
808 270
589 396
246 157
336 164
864 465
445 239
216 214
692 530
346 262
854 305
335 80
870 89
785 717
560 463
247 1
878 476
521 244
618 536
615 128
158 113
817 453
60 44
870 181
462 223
830 159
363 48
157 122
874 13
642 151
843 255
254 174
445 184
713 295
661 489
593 503
548 499
817 651
822 23
517 141
883 791
106 64
676 381
840 826
426 281
804 653
282 20
782 495
731 85
779 84
750 268
414 27
878 318
487 391
633 16
890 454
551 396
747 244
753 233
248 21
813 203
701 252
460 398
848 161
112 13
893 783
417 293
748 655
159 50
767 241
287 11
508 43
537 452
748 476
819 256
880 719
219 215
758 285
452 80
308 31
465 75
301 84
456 64
243 218
250 175
770 720
319 295
126 115
176 3
869 662
357 291
618 19
754 149
723 136
571 338
523 361
723 68
606 302
418 405
143 101
715 465
856 561
113 2
498 312
487 161
589 187
646 618
615 168
878 10
760 584
401 367
740 345
724 546
440 235
343 257
672 385
614 38
179 159
773 504
231 69
849 561
739 181
474 264
389 259
863 187
78 42
614 248
313 196
599 20
521 485
477 159
616 606
594 58
838 138
774 182
180 60
394 279
429 356
450 48
771 667
682 197
648 175
699 278
811 183
195 20
539 421
751 270
729 466
526 279
870 412
431 149
547 367
423 370
772 539
855 260
410 281
586 173
768 194
217 213
745 295
624 5
765 722
310 36
596 147
558 516
774 30
133 90
574 262
884 70
843 547
291 14
156 151
774 373
839 685
101 95
222 12
729 329
828 579
702 632
859 227
899 732
800 244
791 178
886 583
893 418
615 50
441 190
534 470
883 84
657 294
628 443
892 185
754 557
251 58
826 57
524 328
785 743
787 478
589 288
441 413
171 90
693 73
622 455
860 844
767 165
219 35
502 264
462 272
668 447
602 233
715 40
771 648
825 252
379 301
475 462
873 610
849 12
748 11
603 55
601 184
67 65
891 871
135 70
754 351
563 111
722 250
224 157
448 15
662 57
871 572
852 78
767 482
688 104
181 107
683 18
258 195
579 433
386 49
563 549
411 5
899 653
767 257
265 171
123 79
264 247
622 555
391 300
884 511
729 197
272 220
662 235
308 41
731 270
730 258
663 554
804 405
688 450
860 397
315 224
706 27
890 365
832 197
589 438
297 144
543 495
755 339
326 41
823 781
494 338
601 177
631 28
169 11
535 445
533 484
270 263
56 11
509 254
742 0
700 402
416 242
605 122
758 389
425 59
858 857
221 168
392 271
541 186
426 110
657 334
673 634
625 177
434 25
364 231
802 499
646 458
346 0
555 410
569 364
715 382
763 310
733 359
583 289
575 14
774 102
720 708
654 300
665 530
424 104
442 324
719 146
386 111
384 287
446 380
797 329
740 461
365 356
496 200
634 263
889 512
482 9
467 54
707 197
679 287
853 585
706 295
851 360
414 340
363 133
754 280
335 16
776 177
518 316
872 349
350 206
313 187
267 14
421 270
686 454
616 451
740 243
605 426
621 54
829 644
788 24
759 635
510 55
729 112
844 7
577 131
372 90
102 27
203 121
642 170
521 228
682 247
757 217
238 218
437 308
190 9
187 12
619 213
539 370
623 2
110 26
824 407
306 203
331 277
423 409
745 299
830 69
798 259
825 802
338 275
252 154
190 160
881 814
827 423
338 29
534 341
245 89
417 130
582 100
107 2
864 473
683 311
363 314
536 495
692 313
581 440
535 69
606 384
306 136
796 765
671 452
681 417
585 79
803 96
879 651
765 93
355 280
469 304
769 88
247 15
720 172
179 20
334 203
358 251
524 358
801 519
663 579
825 167
738 519
897 807
664 113
693 249
283 265
613 171
638 1
860 90
451 66
741 177
392 225
706 699
678 335
706 156
691 458
297 57
119 23
849 322
830 77
794 372
518 97
447 415
800 692
443 267
833 384
656 184
496 357
243 93
450 273
810 354
597 27
570 159
390 308
720 350
884 8
885 36
184 8
468 360
269 156
540 429
503 437
330 311
741 492
485 102
597 539
432 294
743 130
885 178
571 276
754 444
423 250
839 642
331 32
433 116
255 148
665 150
762 273
772 414
638 341
736 16
841 124
408 49
654 458
653 393
767 384
734 713
811 516
599 15
313 106
711 78
136 10
898 182
891 732
286 113
394 155
437 188
506 261
555 126
813 327
865 243
408 56
315 0
765 216
798 606
515 224
720 61
882 591
349 259
600 216
720 521
386 157
246 25
778 485
824 258
695 264
787 718
139 83
668 295
753 527
711 280
116 57
407 213
798 522
261 48
640 394
360 354
534 437
481 383
680 17
528 484
299 176
274 106
820 470
838 248
703 66
681 595
452 311
250 174
660 659
785 254
490 14
855 82
493 75
690 516
863 371
277 122
675 170
582 48
866 363
799 628
513 318
744 55
662 229
587 326
851 449
371 134
342 215
583 295
244 43
821 762
572 450
858 246
493 397
697 451
593 49
652 642
818 244
683 682
646 530
324 2
660 568
867 518
879 5
786 304
810 138
753 325
598 213
505 458
497 411
284 150
210 1
440 308
785 518
631 91
593 300
644 58
306 161
597 431
487 465
745 502
126 16
648 334
602 156
456 278
566 43
596 60
811 472
724 156
647 406
837 808
704 473
408 155
412 132
449 22
518 200
886 800
628 222
514 111
589 160
499 141
277 124
513 77
831 598
669 567
699 179
351 336
791 790
727 263
726 287
687 208
414 159
820 730
552 137
407 166
640 357
560 382
829 166
55 42
872 817
345 65
582 221
399 155
464 359
89 73
738 53
621 312
703 471
216 82
675 398
125 13
858 503
604 481
894 498
267 143
501 339
736 230
331 262
881 516
267 7
728 701
427 329
453 261
244 234
779 276
727 24
524 175
354 250
373 143
304 290
863 403
704 553
442 293
749 362
487 268
771 536
776 241
829 219
605 530
599 438
784 665
885 649
790 318
630 422
846 180
465 10
634 573
486 446
332 30
583 156
192 70
836 76
568 19
874 712
850 254
127 91
107 34
600 206
254 150
656 292
677 133
381 273
748 701
418 28
820 13
767 595
436 354
430 198
697 106
519 274
530 332
650 455
694 206
574 188
722 649
97 30
651 293
324 0
687 185
631 529
721 102
887 722
743 595
747 106
585 168
297 190
846 94
632 441
807 66
809 510
214 99
762 28
831 607
265 239
886 30
718 503
824 60
630 215
846 55
513 444
808 606
865 242
809 761
676 450
741 391
428 178
814 657
534 525
855 90
561 121
694 632
822 64
419 60
154 68
531 53
119 9
816 536
894 95
61 32
573 396
403 119
516 464
766 84
625 467
766 42
499 95
622 291
317 315
852 221
712 47
888 455
555 418
332 31
884 174
142 113
715 127
370 50
840 437
180 108
772 130
458 222
656 515
874 726
853 319
855 255
470 249
276 57
676 540
440 395
609 341
471 333
536 384
252 199
250 226
409 148
829 592
568 208
399 67
700 32
272 130
874 477
768 503
322 259
481 135
586 396
753 642
433 359
847 137
874 752
319 102
446 410
685 628
352 15
255 139
564 518
196 152
807 643
429 99
626 590
316 86
536 102
418 237
753 598
142 83
715 408
238 123
807 56
486 82
697 589
741 64
743 383
363 2
668 654
496 260
643 211
671 149
336 244
734 296
883 50
396 285
463 408
557 446
640 67
385 120
887 788
830 334
690 596
578 537
897 197
339 250
772 657
574 243
872 648
658 520
775 362
765 256
400 112
793 149
736 537
733 329
468 290
815 414
673 178
228 76
344 319
576 63
889 403
748 165
890 252
458 106
388 104
512 238
699 241
444 301
327 55
812 540
795 112
639 185
601 536
646 201
819 481
482 126
827 0
830 790
733 181
399 141
692 172
635 106
551 211
544 236
881 214
757 362
268 156
717 215
539 154
497 115
250 236
832 242
252 237
645 561
246 30
670 640
652 293
496 39
535 483
337 303
556 501
474 75
395 105
717 692
786 151
330 296
886 599
504 361
764 580
334 225
722 622
564 36
777 507
861 521
853 58
649 598
417 250
149 146
162 99
870 732
274 107
801 706
708 283
849 187
774 657
372 55
516 4
190 92
362 96
230 72
733 616
546 404
873 427
635 418
621 284
261 247
236 30
881 773
586 367
758 489
379 322
810 221
585 481
662 366
704 466
394 49
876 196
578 61
769 81
707 313
652 18
378 213
785 73
742 621
884 818
486 69
528 150
542 391
792 366
553 527
629 72
493 322
608 355
352 5
354 335
727 205
817 776
775 492
251 82
109 72
889 170
635 81
749 455
443 408
858 698
825 603
826 476
709 207
683 659
377 87
394 308
528 408
551 72
325 224
453 318
576 28
734 349
764 753
746 441
748 541
719 362
387 27
771 30
859 531
550 489
474 59
684 588
826 506
300 144
874 576
539 345
746 581
689 612
644 616
698 134
886 779
481 405
745 44
513 238
816 134
475 284
168 16
684 537
769 543
862 579
670 525
96 29
522 123
746 664
772 519
518 437
371 249
657 263
845 426
662 390
435 174
882 530
673 462
889 297
824 177
824 579
700 184
547 536
644 209
801 758
302 50
878 727
721 506
694 328
792 680
363 260
565 560
773 314
597 85
538 49
621 359
676 107
251 249
367 301
711 526
862 621
531 296
597 451
637 438
761 47
542 106
39 27
684 25
744 51
760 742
740 456
617 2
820 91
646 547
497 143
675 162
479 253
867 803
772 108
840 669
849 640
691 467
398 330
612 486
890 323
171 12
755 617
869 732
709 157
740 564
752 320
704 15
319 109
542 242
842 677
844 168
580 349
515 38
611 144
869 193
470 305
554 402
595 381
785 714
702 45
655 382
773 94
751 162
661 279
799 789
702 216
684 95
767 25
789 474
715 486
455 181
349 195
817 712
602 501
818 614
673 432
597 59
890 409
640 461
740 441
869 627
50 37
596 328
507 61
800 203
465 409
881 198
557 90
737 402
413 411
251 44
516 355
275 52
886 743
886 64
472 117
562 27
471 276
450 122
610 335
234 93
830 451
206 59
468 466
640 174
643 477
135 93
581 94
866 429
531 247
499 118
501 308
131 129
745 107
634 13
806 75
531 433
591 527
552 512
365 354
576 146
817 310
851 100
894 206
442 228
346 177
733 88
130 56
896 47
455 243
432 61
692 411
465 229
653 542
727 114
806 599
743 318
757 60
708 446
876 635
815 695
379 260
810 754
837 782
849 758
410 228
777 460
833 759
694 312
374 65
864 275
557 208
801 470
456 167
390 353
775 680
142 24
428 108
728 265
770 516
570 161
716 196
187 2
526 44
391 363
627 222
799 734
786 427
406 216
277 209
586 304
674 509
744 358
671 622
614 367
269 129
748 503
590 135
280 93
896 567
794 719
572 122
731 593
554 312
864 687
669 116
381 331
689 551
611 52
625 23
804 660
723 152
764 71
735 167
655 216
309 278
871 21
770 69
652 530
828 484
608 553
693 106
774 550
557 205
652 600
403 62
416 88
616 466
671 449
554 492
210 143
713 674
686 330
786 652
890 793
602 284
606 351
821 243
537 414
810 149
816 595
495 329
508 427
601 157
518 333
198 175
415 61
565 376
752 646
690 44
684 101
568 47
63 52
246 130
467 432
899 607
175 2
269 167
432 239
88 27
174 8
411 142
631 360
468 277
584 194
688 653
797 546
175 90
544 417
498 493
591 134
660 144
707 502
133 79
102 7
499 123
763 16
627 9
546 323
480 450
235 179
621 300
169 6
802 521
788 479
353 213
569 2
620 429
554 542
302 138
418 198
782 210
61 17
187 116
626 239
873 80
276 170
557 79
689 97
425 83
755 662
858 422
843 701
715 11
647 511
665 115
645 200
449 79
825 11
780 49
478 209
719 69
787 153
839 485
444 334
664 201
636 421
570 114
672 28
705 106
458 1
661 422
117 3
822 72
248 60
858 191
641 465
714 593
321 83
468 335
471 117
631 252
399 360
812 13
176 134
772 6
419 261
842 568
820 305
338 174
715 402
501 66
852 612
516 8
387 133
777 550
772 403
751 308
548 528
520 422
812 457
625 603
845 383
874 232
783 413
771 330
583 5
785 535
596 590
841 412
798 463
575 467
262 175
622 516
734 47
875 311
845 771
689 436
855 365
74 43
350 227
623 603
761 21
679 471
631 251
773 395
824 514
625 610
111 59
643 35
635 76
760 5
670 507
890 739
156 52
830 18
594 80
462 178
686 469
854 346
674 526
702 286
404 222
536 138
778 659
658 36
823 726
377 310
310 114
872 546
667 152
296 128
694 646
557 49
867 225
819 546
644 11
781 603
556 461
429 41
860 456
411 138
573 111
394 276
661 618
537 148
678 490
514 445
370 152
829 217
811 561
873 258
858 855
883 330
849 602
417 180
700 35
258 210
732 279
864 554
833 75
638 244
717 67
594 272
812 440
391 192
817 288
695 308
640 204
468 415
788 193
781 498
738 88
565 372
753 658
594 458
480 173
478 8
716 611
645 511
640 281
660 334
870 227
500 56
444 320
556 29
702 374
768 314
538 13
844 658
377 184
494 283
811 57
287 24
826 500
827 109
767 440
818 142
545 450
646 111
450 194
687 370
713 692
889 672
727 597
689 117
683 235
521 140
352 316
379 175
257 87
739 380
785 690
753 414
759 395
157 10
681 339
439 203
869 60
475 317
126 41
609 577
346 292
573 273
416 195
277 254
858 786
841 37
842 833
149 68
626 52
609 484
760 531
532 190
632 56
330 302
305 114
706 534
595 331
490 35
717 198
558 424
644 215
189 113
805 579
720 62
496 446
768 758
413 276
614 275
386 115
582 307
686 117
461 142
404 21
877 607
306 249
164 44
726 573
225 187
675 463
459 45
383 147
890 235
241 196
850 756
813 296
830 5
663 344
531 313
525 68
532 347
863 88
689 675
883 815
833 667
893 450
846 186
522 2
75 8
591 546
557 283
477 192
838 542
593 287
568 527
268 44
461 340
793 23
615 614
892 171
855 683
649 148
189 94
837 14
91 0
830 251
456 256
469 427
845 355
898 195
646 276
892 327
143 136
681 99
238 57
836 775
877 71
247 157
685 143
411 50
868 164
602 51
849 262
884 510
189 181
620 7
720 531
775 631
340 246
835 88
346 28
766 570
42 37
763 154
688 684
314 194
510 187
680 77
836 740
399 384
610 248
559 48
694 513
829 182
359 273
669 418
819 594
897 250
258 65
748 234
698 593
448 50
199 137
415 209
709 554
696 496
855 429
378 376
675 516
871 124
890 192
491 423
853 197
772 636
569 534
636 10
155 134
899 648
800 58
672 118
767 494
768 569
765 700
596 537
874 763
641 76
588 108
795 725
730 448
769 82
742 118
487 247
705 633
693 153
462 206
576 218
605 277
837 424
374 194
790 665
679 364
572 528
856 746
454 231
740 417
763 537
764 381
234 102
511 168
819 728
737 611
529 520
566 456
260 18
757 410
846 335
873 688
872 800
811 484
773 214
806 506
462 332
519 122
600 179
681 246
792 586
876 307
873 101
522 158
570 486
773 493
349 269
552 289
718 117
733 460
524 194
468 467
477 29
674 266
760 120
725 241
838 389
286 159
541 268
782 193
886 656
663 270
890 287
503 421
652 117
707 480
795 232
747 70
408 159
794 3
848 19
294 13
209 187
634 289
798 586
343 196
831 350
893 671
466 124
465 49
656 436
487 460
776 174
890 804
864 471
158 149
156 46
229 104
348 122
254 82
697 635
799 715
398 173
580 304
699 279
853 492
749 668
387 18
757 219
825 518
507 484
395 165
860 155
81 1
142 52
630 461
378 329
885 400
867 414
554 55
728 239
354 26
535 398
142 26
848 780
886 609
884 641
609 527
559 528
463 333
664 62
437 7
834 284
180 152
898 275
544 178
331 85
633 418
472 23
565 177
763 238
888 730
805 413
801 417
459 371
554 87
799 651
797 647
542 256
179 73
40 35
605 25
778 215
840 720
220 65
839 609
566 248
691 558
345 80
740 632
886 62
439 387
813 742
843 294
226 204
205 89
889 840
693 338
873 174
842 18
868 852
643 614
761 592
147 135
843 590
620 110
532 4
568 167
646 553
481 397
760 108
592 542
864 182
809 207
498 235
522 108
419 208
697 466
352 63
884 231
376 281
861 161
393 333
727 581
723 326
425 319
368 345
827 281
670 552
167 24
827 489
745 63
850 12
853 215
678 667
319 96
402 253
388 92
839 547
833 440
236 235
781 501
754 450
128 26
436 395
530 351
891 354
186 31
836 171
839 213
530 54
749 248
828 288
461 98
120 51
559 511
523 202
556 319
363 34
457 23
161 82
652 89
278 44
238 49
865 575
847 683
584 452
340 327
478 113
590 228
551 191
408 153
654 569
374 39
613 392
399 149
772 406
872 309
722 472
265 211
193 166
760 441
818 529
846 353
795 669
100 56
414 180
492 101
482 153
837 311
756 307
588 116
744 327
679 158
790 761
591 0
763 76
871 272
326 51
528 351
499 268
400 368
791 612
852 61
590 560
753 510
508 330
667 449
709 187
642 587
746 6
806 145
693 657
798 737
800 674
718 35
377 301
801 140
821 486
536 96
676 3
767 362
858 12
796 555
738 689
