1150 3450 1150 3450
988 770
227 68
855 568
795 658
1043 659
951 282
693 7
1053 756
799 33
589 231
313 273
708 277
724 548
558 129
447 413
882 369
777 742
805 608
464 351
535 266
981 856
827 206
218 42
522 482
834 188
738 50
1118 692
572 90
1006 305
742 699
487 2
961 81
906 143
67 44
391 369
846 671
693 431
729 450
934 126
1040 854
279 96
821 341
585 409
983 572
810 687
429 288
210 83
485 145
747 579
792 435
1144 131
51 36
876 218
526 161
1134 247
854 57
847 28
443 323
944 496
493 77
973 7
899 630
1033 481
1043 831
982 310
906 602
1041 714
760 729
938 639
965 385
858 725
267 183
893 284
988 774
900 665
683 54
281 27
562 131
763 337
671 24
1134 256
933 109
994 845
758 604
661 504
1113 395
447 94
932 607
929 282
1067 616
1018 787
756 246
608 246
972 401
728 542
610 424
918 525
1103 214
848 267
1142 644
244 34
966 110
812 796
1116 948
1083 793
703 626
869 22
700 192
317 219
1041 900
349 168
854 709
951 482
759 676
919 843
408 20
859 670
978 233
757 200
983 830
1069 658
819 612
890 188
511 399
786 329
859 350
446 38
1149 115
681 499
144 108
660 151
1089 267
833 275
1069 337
1017 676
164 82
1132 369
881 180
963 298
493 110
447 271
1003 624
587 549
1105 660
177 112
1145 381
1144 925
860 588
1149 410
1132 942
1024 915
922 724
1054 743
762 116
401 21
1124 784
1130 1007
240 120
879 174
647 123
528 475
961 402
873 576
1098 866
377 179
803 99
788 417
800 376
1125 196
999 687
907 165
992 137
1019 193
557 505
482 263
185 35
855 642
286 283
703 120
663 592
673 586
299 137
723 703
759 101
844 301
924 127
175 123
563 128
626 236
819 294
497 108
624 489
850 494
682 377
182 106
437 243
1015 445
701 279
208 96
729 579
873 204
948 237
1015 722
868 369
1008 49
400 78
944 347
849 742
688 447
924 814
1068 569
715 429
598 225
459 153
1094 803
444 405
706 633
867 808
628 610
559 425
913 272
384 336
376 4
655 115
388 116
156 139
645 505
956 107
869 563
757 490
1020 1019
1090 15
1104 466
418 396
849 79
922 683
1057 932
906 639
1051 277
972 310
966 636
1018 603
317 232
1107 537
660 235
951 605
977 292
597 335
668 197
1095 544
434 26
779 147
1057 767
357 351
378 132
610 578
897 626
853 78
896 551
870 569
864 418
654 342
357 147
215 123
813 176
696 257
1037 277
951 561
634 274
817 579
749 334
680 133
656 544
809 570
789 728
965 949
1064 264
1114 1012
635 525
1088 241
750 309
655 133
596 506
619 573
1074 905
828 445
940 174
862 839
966 638
1117 334
158 14
1083 742
505 386
923 670
842 539
1073 1047
874 521
1092 509
731 428
533 188
812 727
851 362
692 307
1146 1056
1137 154
238 131
600 120
999 205
907 824
797 106
854 294
1005 76
1055 113
818 295
833 755
488 267
1012 778
526 405
340 233
350 4
1120 1023
1112 825
901 401
1146 1093
872 353
1023 327
985 619
1039 631
754 377
333 261
863 53
22 17
972 629
672 378
793 605
624 55
613 178
1041 957
474 149
612 407
948 144
972 792
856 825
857 414
854 468
372 237
803 87
912 541
746 251
1075 763
642 513
909 374
710 509
509 391
630 477
1028 513
420 246
963 227
374 295
1024 709
1123 85
950 686
1059 449
494 259
955 491
740 118
568 319
818 115
693 193
1140 872
1032 267
858 625
745 39
981 528
179 157
1005 372
932 416
1094 663
442 96
1124 482
366 8
1034 494
916 289
1099 862
1143 930
583 419
783 157
500 66
1019 1004
887 130
1116 522
1023 891
878 196
558 86
851 121
565 51
643 417
928 24
959 557
999 151
552 230
513 117
766 344
1099 952
443 276
744 334
1009 724
720 501
1146 1082
1109 792
975 635
695 636
1003 119
293 32
1063 541
805 427
908 88
457 316
542 142
735 465
777 116
858 247
1126 274
757 467
391 341
940 119
1060 750
1015 788
441 301
543 468
573 140
851 311
1025 821
1049 278
1069 736
866 281
943 555
995 786
881 809
779 39
931 548
468 44
862 194
1149 195
988 875
658 52
928 771
958 388
908 509
894 419
704 621
516 424
1055 718
939 282
542 309
976 131
859 614
677 208
1066 1008
1048 595
667 105
1069 809
1039 369
427 270
751 639
432 23
756 747
1136 436
883 703
406 16
1105 197
741 677
1136 475
1011 237
712 366
426 210
817 638
1037 961
303 200
589 325
231 174
525 84
947 70
641 388
659 231
934 829
600 486
787 130
893 334
555 132
1038 149
1003 7
1036 422
909 772
1092 578
1032 800
233 20
949 189
729 239
234 127
884 291
949 318
970 493
701 689
1120 33
692 164
409 245
887 10
1072 670
1134 1076
1090 1021
289 166
1038 832
885 677
327 98
1033 916
303 4
503 76
786 184
965 213
772 562
864 465
909 661
540 113
1033 229
720 12
999 826
637 331
705 634
914 748
1017 280
717 259
417 395
670 201
766 583
937 144
1044 813
1058 120
932 825
940 478
674 141
423 299
1113 489
847 735
488 48
680 235
819 126
720 190
236 11
661 476
756 628
422 339
429 418
1052 896
1068 108
84 6
1010 664
871 724
785 270
585 521
1100 650
944 357
561 503
591 241
1089 1003
1021 162
869 423
675 635
912 215
970 734
1138 993
1057 715
854 593
580 101
688 176
1038 795
476 426
979 934
391 169
858 242
224 138
81 22
1006 44
586 510
728 585
928 243
645 478
1071 827
890 704
986 357
1046 868
895 43
969 951
1061 976
174 170
502 78
119 95
968 511
649 49
563 231
761 356
966 901
409 96
829 314
765 638
947 122
686 269
967 350
445 28
913 106
911 93
998 71
1042 1003
1003 18
229 200
1080 962
995 468
230 224
802 640
1089 616
1081 4
1112 928
1115 1098
529 156
1076 492
1068 581
549 55
1076 967
517 279
858 537
517 367
734 336
754 508
726 325
1069 491
398 117
1095 890
985 293
239 100
1145 25
842 46
990 595
931 364
497 355
588 140
894 197
1087 372
1008 847
364 54
861 38
403 337
986 323
1126 417
833 480
362 84
191 166
434 20
728 116
537 386
626 440
1051 293
247 151
1139 451
539 183
688 352
276 135
984 619
769 245
854 363
1118 679
694 531
962 909
916 599
630 550
349 278
651 380
700 472
830 125
893 774
1099 262
893 856
788 117
911 644
883 14
948 83
959 505
692 195
451 59
190 137
1126 183
756 734
878 783
1114 934
661 209
519 118
617 208
453 308
558 525
822 69
170 5
371 134
216 193
1037 1013
154 122
820 706
358 335
1132 309
879 76
576 472
784 209
670 668
637 289
727 356
498 303
1078 455
778 588
812 90
1116 682
686 343
1112 166
1013 554
751 158
962 502
645 165
1007 568
537 298
1048 1022
936 414
1039 977
752 376
1088 247
514 102
1061 239
578 560
812 667
41 0
1012 262
962 853
735 153
777 517
213 138
1048 1012
467 75
896 384
744 547
789 656
843 575
594 221
1133 803
599 7
792 741
1051 825
877 615
1021 312
593 66
513 365
766 453
250 90
227 217
909 281
927 850
566 296
455 118
914 56
939 337
423 135
668 557
870 19
1148 624
554 390
658 512
1011 932
1038 15
975 887
439 424
897 737
691 214
1115 708
991 636
846 779
1096 77
321 3
457 343
470 223
573 77
1054 388
499 290
553 74
966 598
68 19
1117 532
860 818
1035 788
1118 1099
927 842
389 72
691 680
1087 880
1064 485
343 156
1121 693
1129 213
1097 706
1120 491
925 896
926 283
599 81
1103 0
502 82
703 369
315 103
846 473
1114 1015
999 2
1147 542
559 198
814 799
950 461
1046 50
702 506
854 768
912 732
1081 859
1107 439
363 203
1061 313
986 2
955 741
577 42
227 182
710 471
1143 197
1009 620
786 777
838 180
916 531
1002 519
728 626
459 70
256 43
415 372
907 872
835 797
674 231
323 76
1120 42
859 386
1044 917
1040 250
550 488
1117 786
1130 909
326 182
948 528
1006 710
1109 1028
363 242
225 71
489 98
1048 279
1125 913
891 744
583 257
250 228
928 80
330 136
950 717
1054 174
805 625
543 521
505 1
804 571
1062 653
892 662
669 468
1125 3
1016 884
876 395
933 740
1141 351
564 478
285 111
430 21
882 715
381 293
1133 1055
521 240
838 172
711 443
841 179
738 17
524 301
645 504
910 432
734 629
837 51
368 10
897 104
659 202
289 44
615 251
1125 859
436 125
335 44
253 243
917 257
547 434
303 128
210 134
933 665
974 579
602 15
565 509
584 107
1073 939
975 464
647 630
1149 691
1004 108
907 856
1070 870
867 2
1035 102
140 7
387 9
731 584
853 343
915 66
771 17
690 461
770 472
795 180
740 517
635 626
625 80
788 45
1078 410
1143 676
921 304
326 155
1122 750
984 327
559 0
534 71
842 437
611 586
992 118
883 222
698 121
747 699
968 427
682 201
909 435
254 75
1009 11
405 332
534 347
818 674
1050 1026
554 361
529 331
418 279
1051 673
791 1
757 575
958 774
975 616
841 238
244 231
457 421
905 100
1049 383
926 175
553 199
574 413
717 286
926 171
968 735
537 211
404 92
763 563
999 523
648 380
1046 613
762 615
761 207
414 302
1061 279
849 221
899 655
600 397
817 337
765 399
592 99
929 280
404 316
1091 632
349 228
989 302
1097 66
779 617
1079 723
234 221
912 304
512 208
848 520
1027 949
772 188
958 517
1110 690
288 99
514 103
1075 443
570 56
819 53
968 494
1075 876
837 372
900 456
361 93
892 617
571 434
861 557
1148 44
1074 765
928 128
598 566
774 482
548 94
214 3
611 574
958 266
836 677
1034 604
1087 389
1047 151
93 45
429 355
942 448
406 176
994 484
1007 997
573 381
923 542
1124 424
1148 494
386 174
436 346
467 67
1038 996
951 95
894 4
796 778
1010 932
940 267
1128 946
961 108
1064 698
759 371
1068 27
1009 490
408 138
908 180
553 368
1070 1032
860 741
1077 589
525 357
768 264
1097 799
739 318
875 130
638 92
706 579
1063 4
645 630
501 148
769 45
1130 340
572 104
609 310
905 623
856 656
960 610
1107 1023
916 543
280 167
574 153
970 400
1019 376
483 78
698 345
996 814
1066 186
1010 619
833 809
523 395
346 20
904 69
355 325
759 229
668 570
224 133
1114 991
1126 539
109 45
1007 381
678 340
951 299
956 251
718 441
559 372
246 101
1043 373
1016 700
649 283
983 290
540 270
1037 521
482 131
498 186
1019 5
1013 265
737 143
1064 311
513 200
258 105
650 153
259 52
684 616
531 129
977 595
403 142
934 760
1149 886
1017 183
475 82
765 400
851 473
75 70
472 375
1014 565
793 135
419 59
1103 528
742 341
962 306
384 280
955 148
1127 445
1107 858
1016 913
960 752
371 242
1063 623
561 63
1028 937
1031 887
612 249
385 107
522 466
732 160
1002 615
828 329
1067 584
326 300
764 599
464 233
529 508
901 395
608 249
1096 328
812 431
1068 72
910 5
515 422
778 175
839 19
760 298
1083 215
990 296
903 344
1018 891
646 304
617 173
264 224
989 438
1091 381
769 545
710 317
965 438
1087 256
495 253
236 80
984 888
1081 754
869 598
901 65
703 375
747 661
972 534
991 618
830 121
866 254
1053 751
695 377
378 240
658 75
846 103
720 467
1079 331
826 414
1140 444
1058 69
710 403
459 281
1044 210
985 486
867 649
590 163
718 85
707 295
1019 297
1022 52
692 417
976 496
699 570
1051 1012
812 195
933 213
191 40
422 132
200 14
959 701
1093 959
912 158
1099 912
285 3
871 479
619 297
656 318
477 101
1072 496
800 59
1088 888
969 924
681 248
987 124
518 152
229 102
508 59
660 478
893 582
170 10
1008 914
498 6
1038 154
1044 932
402 275
960 837
820 320
687 489
647 28
933 173
1134 867
882 819
711 423
985 533
1000 289
586 507
446 16
983 787
699 237
951 712
552 125
650 465
1048 820
416 229
464 403
757 40
967 653
927 169
954 132
172 148
1071 301
640 475
508 95
930 335
549 181
1050 78
873 91
851 392
872 84
908 385
711 92
690 5
996 776
877 88
1091 7
598 27
205 89
871 154
576 10
572 40
907 892
398 92
714 262
679 347
1148 371
848 163
1133 1105
277 235
829 172
373 229
644 482
758 163
925 13
700 645
1014 124
880 608
1092 576
941 77
804 78
762 734
1142 1119
576 41
765 690
949 359
843 650
871 450
704 98
492 105
511 237
44 1
876 656
852 55
1130 1031
1008 761
289 102
526 77
870 56
598 584
472 93
1069 950
842 817
75 53
758 316
615 548
943 642
461 347
883 610
669 281
803 251
877 591
1108 550
771 119
904 580
1112 775
1109 799
1093 58
988 941
753 578
692 533
1056 1038
524 445
856 842
671 144
129 78
1025 500
748 555
562 100
670 655
629 513
1029 105
937 244
667 304
672 507
479 114
859 98
1015 814
1097 504
243 14
623 304
997 677
620 257
920 413
712 370
365 199
1002 425
1063 461
589 82
1011 979
753 225
915 519
671 307
1147 885
1037 15
889 334
1109 1106
317 286
450 282
952 352
981 416
580 358
764 556
503 454
1053 385
886 322
931 375
969 451
690 386
258 241
899 611
1112 656
942 198
500 424
831 253
1060 965
439 34
1121 898
743 249
535 189
1017 841
374 35
1069 483
1113 531
651 48
798 65
360 116
1120 113
226 207
852 502
1014 901
866 846
854 55
650 616
565 183
421 338
1095 129
1003 61
1045 1
487 139
736 537
930 104
478 84
1088 364
379 145
438 270
99 68
455 156
850 658
924 765
673 300
1059 604
1001 108
753 519
560 293
1103 746
815 755
1029 785
655 87
887 544
490 100
653 168
1145 726
1043 838
301 278
752 267
663 384
636 254
1109 73
201 83
677 93
777 662
492 89
328 37
493 277
732 9
1004 251
328 162
839 330
960 195
1111 280
692 306
967 890
254 76
957 799
392 312
675 588
547 154
935 74
320 2
1077 844
282 44
828 483
403 18
444 42
1014 484
642 91
925 549
779 291
1015 645
167 71
938 249
698 278
1115 189
721 610
1064 36
548 527
359 171
1123 463
535 447
1143 983
1038 907
992 157
477 133
818 307
1025 870
1072 406
485 164
1067 261
620 144
1082 478
976 89
1119 445
1146 372
1079 417
664 407
731 361
960 895
440 55
344 63
901 79
528 485
202 152
311 129
1005 421
813 777
879 778
920 205
770 90
587 468
1029 215
495 251
1013 624
1057 153
892 2
1020 796
476 456
1056 594
825 780
459 419
863 460
729 305
697 655
398 213
1016 117
945 298
991 763
411 45
1031 112
627 70
956 643
425 7
458 291
1064 106
774 363
784 571
696 650
768 722
920 283
1086 38
929 368
748 379
1056 28
1002 105
887 371
821 594
494 212
597 437
320 312
544 111
1113 249
259 212
810 675
983 703
928 298
781 159
999 765
821 385
800 732
964 42
1064 249
71 63
188 29
441 135
1021 783
442 39
646 126
306 269
1102 21
427 83
632 150
1007 95
303 123
840 118
981 63
579 64
238 151
449 44
544 380
688 147
1025 457
612 268
990 566
1139 521
730 89
1113 953
985 465
1120 855
962 276
510 477
908 632
1095 42
553 497
1118 539
1131 594
355 223
356 349
544 314
467 174
966 34
1013 824
834 605
959 714
933 726
267 37
744 710
958 549
613 170
770 435
668 255
679 239
600 128
1009 300
893 440
1041 903
726 377
899 421
741 420
927 155
1071 210
698 531
524 257
1013 418
1137 152
1145 593
655 392
846 744
607 494
778 629
544 150
917 812
551 315
355 213
1000 358
610 554
1095 985
1128 205
1118 4
373 343
982 867
1107 793
888 220
967 573
1017 18
506 473
302 168
453 76
418 82
808 736
669 299
723 576
1072 682
920 360
889 10
884 459
1102 194
453 402
779 736
331 203
772 544
846 755
536 227
982 227
296 268
488 41
1092 616
801 260
269 227
750 258
276 73
535 388
754 28
945 438
1101 175
294 116
872 464
1142 305
1035 173
654 407
1002 426
1045 460
468 326
969 232
954 296
930 357
1058 284
809 398
700 552
629 437
245 156
1077 690
1048 800
1005 948
1079 954
803 196
737 387
612 312
719 675
545 272
379 229
1124 667
740 466
1140 94
771 743
883 533
934 836
790 418
844 103
950 745
1083 511
553 53
1085 326
1062 1058
1061 231
112 23
1097 914
1065 710
800 141
680 198
820 799
510 371
681 236
519 389
292 26
1025 1018
1095 817
935 577
590 132
932 775
923 343
938 322
931 791
597 307
273 249
897 473
1117 663
521 64
1054 356
1095 550
1108 898
741 237
1137 277
950 175
587 375
182 165
499 393
562 402
1038 429
794 260
200 100
753 605
577 328
922 152
813 419
1043 314
941 383
465 97
908 618
1060 440
1075 704
819 543
265 148
545 460
556 131
618 313
997 746
704 252
426 271
846 627
984 861
875 400
965 558
718 253
881 373
720 500
748 266
932 239
840 398
236 13
983 774
968 797
833 831
793 446
840 259
1011 987
564 218
962 341
993 29
530 523
553 60
820 588
817 127
958 627
924 796
1016 935
1045 927
722 635
1096 588
912 615
1141 842
1117 767
1141 144
336 144
299 196
192 54
461 93
872 498
576 34
1018 120
441 37
885 796
197 4
1098 765
1099 672
966 574
608 93
510 249
899 64
1003 826
1047 138
405 294
403 247
790 96
753 528
1064 773
439 379
745 365
1059 727
932 919
679 173
430 27
992 300
261 99
893 476
799 446
933 460
233 30
1056 723
901 41
711 449
884 5
1022 225
391 302
1030 727
856 230
494 159
794 777
631 515
939 34
1149 705
1092 474
460 250
125 78
1148 997
826 682
554 204
420 74
1111 478
854 413
111 73
927 110
391 22
163 121
382 235
1099 746
1022 770
419 108
58 6
305 60
787 525
920 375
864 781
500 90
1132 692
415 216
1144 1071
437 247
1001 994
1123 869
1118 413
671 101
540 89
841 502
526 132
806 241
1116 803
421 21
874 869
845 273
1026 38
1137 50
1122 719
838 752
830 120
1002 345
693 500
103 76
905 141
758 725
173 95
480 163
440 203
424 233
964 220
933 199
733 118
83 36
771 348
521 209
566 152
802 647
1016 750
1132 221
759 734
1106 646
566 169
801 431
945 659
712 195
712 503
494 4
1135 17
1078 808
922 120
752 144
738 411
472 428
1010 58
972 212
977 211
1115 701
953 412
774 557
554 337
1039 358
967 459
334 52
1043 712
743 44
780 708
563 437
1038 378
745 679
557 349
782 291
874 619
677 328
536 180
968 89
504 116
381 272
1133 181
905 311
1010 183
989 482
408 242
1010 908
724 30
326 60
393 142
900 529
1124 832
1004 738
945 504
1012 167
1060 1007
661 400
982 635
1022 612
406 259
996 225
769 370
941 339
950 52
606 54
669 294
553 513
814 92
1103 335
958 254
694 149
404 88
741 532
707 378
878 71
740 614
749 123
463 386
837 114
1098 271
692 621
537 25
1027 716
1038 324
745 441
833 133
775 305
987 292
877 654
526 525
185 96
887 33
974 134
872 679
723 396
438 257
1097 816
673 495
572 70
623 62
890 860
1043 411
102 38
114 61
1082 97
855 87
780 174
892 885
353 144
914 569
525 375
750 131
144 122
581 171
137 18
37 33
883 302
537 158
990 312
530 81
1006 46
1052 955
256 222
1138 6
1028 142
835 821
1112 791
1004 644
981 630
450 228
278 200
1004 126
1122 517
646 388
998 482
672 169
1015 444
658 601
867 241
1128 131
649 571
1029 403
1006 854
779 41
981 273
550 281
712 68
1096 939
657 320
908 647
1039 450
1087 776
969 188
883 63
768 728
1088 1081
32 23
504 291
1116 775
1034 541
985 418
1033 71
487 177
375 88
841 617
571 291
1144 932
900 855
694 502
492 20
741 411
1042 933
516 456
251 160
845 571
1064 216
549 510
518 505
369 273
903 900
934 771
953 631
1115 187
974 885
301 188
983 527
744 299
1144 512
976 205
971 740
396 209
865 685
686 497
578 352
1070 117
567 276
758 23
779 16
610 448
1013 165
797 637
387 49
1093 744
645 140
1133 1005
1047 943
1127 1033
554 376
1017 326
941 580
197 146
1105 582
1075 455
877 364
590 463
497 70
684 19
792 416
527 312
1061 6
442 89
467 221
1079 32
847 628
323 169
893 45
728 352
170 149
468 406
636 83
398 254
724 451
414 100
931 216
402 285
812 458
685 621
774 148
1118 53
485 242
1148 826
472 266
454 451
948 774
832 423
545 156
572 282
966 221
894 509
855 189
591 118
1076 625
1129 1085
1045 813
825 323
840 240
1062 532
907 221
562 488
882 767
1079 325
985 884
724 668
842 265
1007 738
878 344
519 278
592 490
1070 211
798 98
302 81
328 251
560 48
260 118
768 624
971 952
767 25
579 46
700 245
850 751
499 296
590 513
943 493
971 684
1053 850
530 405
677 304
986 103
974 132
467 10
453 105
181 46
1146 926
1048 743
804 83
1068 43
1097 545
930 843
950 405
942 180
1020 141
1067 529
949 852
1119 442
675 593
752 531
1003 989
774 629
844 203
1079 899
1099 175
526 395
836 710
726 111
973 739
389 362
754 605
677 198
276 33
1109 600
1076 251
561 327
962 938
872 49
423 108
1025 339
977 256
859 155
568 400
834 386
604 357
961 924
576 175
454 10
954 441
1061 900
984 675
631 17
558 447
790 666
552 61
1120 1021
110 51
584 240
1056 266
1120 1013
332 210
739 518
941 12
510 369
807 147
767 146
1098 734
984 568
1093 498
386 32
1141 493
537 5
1142 662
71 24
446 317
875 421
403 380
1124 727
391 27
840 287
748 690
737 294
746 228
334 210
493 352
919 131
646 400
535 33
986 231
1101 733
887 739
588 384
570 32
827 641
239 133
1006 108
260 224
1047 66
216 43
776 226
1010 299
1102 116
777 131
844 788
678 347
990 501
656 313
1114 185
849 633
1033 745
1149 131
709 76
845 227
400 30
1131 527
483 113
1047 208
1096 164
1030 45
876 338
896 511
980 705
1031 860
1095 380
814 364
890 404
800 582
970 899
871 555
1017 13
593 316
982 298
986 601
647 432
1064 1059
702 531
882 873
434 35
847 547
881 819
1069 260
938 419
942 151
953 809
705 567
903 77
337 174
941 850
685 286
402 131
974 969
454 179
1010 271
453 422
1003 113
1093 670
210 167
989 724
577 475
888 548
560 102
289 85
681 531
749 724
1092 1090
793 44
342 108
1129 772
612 518
440 344
397 95
1075 351
546 162
357 123
469 90
818 683
675 516
651 0
795 176
1106 212
1027 169
1045 575
541 509
905 181
487 204
743 542
811 559
697 696
1034 668
554 270
1138 252
409 143
879 625
844 344
1006 457
743 86
364 143
803 644
1105 929
502 438
669 306
596 482
681 60
1026 65
612 486
954 300
1053 253
652 326
156 62
553 545
741 384
515 347
985 402
266 255
1135 843
489 356
761 188
1088 708
622 277
887 412
356 78
943 936
1022 696
878 350
1002 422
303 3
1125 730
291 162
1115 1034
1099 717
253 120
246 178
1088 939
123 17
1083 73
814 577
545 281
1070 917
1120 780
862 76
1121 149
450 105
797 131
948 540
795 543
1144 371
86 77
857 739
426 135
873 410
686 353
582 76
1075 482
945 427
266 120
814 218
903 265
1130 383
331 216
864 642
668 464
208 150
1106 278
784 724
524 255
838 426
1121 166
719 316
449 286
1120 199
989 536
1127 34
1129 1124
920 463
229 226
276 172
1073 237
950 187
1088 294
88 41
871 15
759 102
845 745
590 1
738 215
693 234
884 222
1115 528
640 16
810 211
995 394
442 417
97 12
821 7
1062 415
1037 1012
433 318
692 180
340 101
1003 550
508 437
726 321
400 395
593 279
665 147
1065 586
971 955
768 34
252 84
727 159
126 34
655 284
1144 344
789 542
1095 802
596 556
1095 538
845 534
1002 544
1004 55
802 165
787 478
1148 35
335 26
700 237
450 311
968 786
922 288
584 50
903 385
523 34
1044 744
652 351
901 596
741 612
282 97
904 468
997 621
989 575
383 271
769 569
609 437
781 367
995 906
235 48
251 223
957 841
898 286
265 45
841 73
666 417
1073 552
887 280
744 406
1139 624
1067 450
1067 279
392 259
635 75
883 154
983 826
861 437
766 457
589 233
869 393
581 360
1026 861
847 510
1071 166
811 742
756 168
1065 212
390 366
574 286
1085 486
1121 708
227 10
949 691
440 302
305 92
225 66
697 512
1079 674
999 664
408 183
1141 626
1023 830
1126 640
897 816
1079 77
1023 126
1057 729
980 574
587 194
795 623
1004 931
310 15
652 482
275 6
853 131
1060 670
790 601
774 523
1028 799
1051 394
839 15
489 209
754 224
865 732
843 726
964 95
485 425
705 308
792 25
871 167
660 657
575 524
1082 652
589 341
809 541
289 224
420 345
721 260
462 319
641 10
831 390
414 162
927 802
260 195
990 472
423 28
1013 393
733 560
915 160
1027 209
1102 801
809 684
492 57
1012 26
786 681
611 523
949 888
863 57
981 278
930 799
882 539
1130 817
573 287
349 93
678 539
613 493
984 205
748 640
34 22
466 96
802 717
825 311
1083 1032
383 289
1144 742
747 18
942 704
871 319
1070 24
249 77
751 217
828 528
1076 562
740 285
1031 403
717 168
856 82
895 372
1013 640
124 63
779 193
514 30
1131 367
704 109
804 760
535 272
918 386
783 634
558 537
575 58
1086 763
942 801
721 351
669 474
965 934
601 442
1109 555
572 259
636 608
1072 803
845 433
1142 48
739 665
924 261
449 363
336 240
923 121
430 183
281 147
851 323
797 210
1095 645
857 68
970 391
597 381
311 235
975 46
789 583
733 281
706 155
419 321
944 552
962 371
356 122
727 285
1128 478
624 81
677 355
669 276
1036 973
332 67
1001 940
1085 620
575 363
1006 47
532 179
492 472
953 349
1126 255
406 151
720 658
1009 17
985 453
1003 603
775 363
706 231
984 439
887 62
583 10
835 505
324 47
1138 942
146 8
404 215
647 16
488 248
1014 868
1035 955
730 344
911 473
220 164
1013 589
991 881
640 273
347 160
591 341
956 445
417 283
977 960
990 852
998 580
971 741
1005 578
772 579
472 180
447 301
385 305
298 160
558 507
1040 446
733 720
449 277
1066 502
295 241
686 619
820 565
766 47
596 13
694 251
1057 260
996 324
962 751
1005 944
942 4
653 40
679 498
567 361
712 263
1064 889
964 479
872 601
203 197
929 258
1037 749
693 348
456 173
963 906
870 90
753 700
434 2
689 73
1099 130
477 391
1100 220
82 48
492 420
764 346
1019 777
682 672
981 712
977 258
811 698
1117 225
816 485
1135 1058
433 382
637 550
1103 797
1065 105
1009 270
424 35
602 413
593 42
758 647
877 220
926 6
833 613
1094 975
247 164
801 382
560 325
1131 1042
344 259
891 127
1090 500
1052 526
1063 773
598 471
427 22
568 286
302 121
793 196
1069 889
458 1
620 123
264 127
1111 336
911 788
335 192
319 97
660 485
501 254
630 113
724 651
586 405
830 322
970 442
149 47
760 399
1031 681
1120 489
1082 476
666 353
1095 567
460 29
543 243
1107 551
241 237
1019 889
1088 102
508 312
525 307
208 42
734 730
127 39
308 91
105 27
560 428
425 187
1108 632
360 89
866 88
1083 200
715 227
687 157
989 939
1086 330
632 549
305 102
566 166
1126 666
1063 410
790 525
815 196
611 476
1017 337
144 113
614 544
889 92
1059 808
1086 124
1149 518
677 391
1015 908
1123 519
679 472
929 154
889 150
918 177
1064 696
1098 623
1013 762
894 843
1093 201
618 294
438 368
536 190
68 26
988 229
479 399
291 146
772 745
429 102
761 440
487 51
682 198
397 135
584 166
764 240
921 406
545 157
914 770
716 586
1038 269
968 652
936 501
879 447
658 477
961 164
1109 202
531 216
277 176
815 668
427 345
948 866
997 235
791 255
805 203
1025 373
1087 509
806 161
422 255
342 261
896 463
666 547
700 55
946 554
368 306
945 651
709 473
677 434
566 184
936 633
251 162
1106 457
504 66
766 701
700 608
566 210
647 562
584 538
926 485
458 413
690 261
577 403
511 103
811 644
717 672
1052 791
731 40
218 50
1043 731
805 349
215 52
890 605
859 66
621 365
1112 6
960 844
926 405
654 161
923 347
95 52
794 207
789 499
928 282
889 716
954 150
1072 702
976 112
772 688
268 94
917 116
999 366
785 537
1039 798
1043 859
749 97
830 167
37 8
1128 540
1077 230
1133 196
936 796
222 187
320 185
342 125
993 65
992 978
1072 893
317 257
864 477
776 658
1058 557
1103 523
390 177
985 578
1075 883
377 233
1123 293
1102 720
463 179
917 653
784 316
687 501
1145 185
1022 79
844 175
1007 214
657 443
924 137
392 330
917 355
466 401
636 424
786 58
594 401
840 561
721 341
853 208
527 15
798 758
1011 690
1069 488
1123 505
957 240
726 592
545 222
468 452
453 357
242 147
862 801
490 417
869 749
695 344
120 85
983 573
773 554
1129 265
1115 733
1083 890
955 66
1078 292
323 310
344 146
663 550
1089 796
712 269
308 30
589 564
870 191
502 107
1059 948
527 14
696 571
1124 30
352 45
598 420
945 510
742 156
696 629
1110 637
654 287
641 135
307 253
919 488
612 19
684 231
857 369
1101 753
1064 75
775 72
385 203
622 18
730 409
636 402
583 118
1028 878
853 828
438 397
1123 88
411 72
474 25
1121 219
318 183
344 217
782 551
228 172
589 424
953 744
858 551
737 62
1040 981
974 845
182 113
930 927
1098 681
607 41
51 13
469 216
860 743
640 164
1088 213
194 170
1085 373
1093 627
1033 294
296 103
347 56
929 57
1137 928
727 457
721 548
1014 665
1145 922
1046 546
386 244
992 372
1035 969
681 540
203 64
756 104
988 773
474 170
707 116
1068 450
571 552
580 294
517 229
824 274
777 303
764 498
789 299
222 130
963 377
264 260
595 311
860 239
1092 409
676 412
557 392
1053 325
1075 536
969 371
755 314
677 25
1139 1006
839 75
950 856
943 590
726 427
1118 918
709 303
1111 940
780 483
915 459
649 159
631 587
851 6
907 557
970 485
900 508
608 398
562 253
983 168
904 524
1078 815
1145 92
1140 431
307 181
1034 922
232 148
586 463
830 397
1126 673
823 641
954 556
973 325
739 41
602 564
675 559
954 213
452 164
856 189
777 546
915 264
570 22
643 164
727 149
853 552
1049 755
1141 711
956 694
363 4
864 130
803 668
1025 629
881 226
796 346
278 186
941 449
1039 61
1076 1018
1106 246
1005 580
1011 857
939 500
1100 788
1039 204
588 105
877 388
962 309
693 359
638 419
972 919
152 76
939 383
668 435
773 630
642 544
458 283
556 460
1062 717
998 520
491 289
1014 483
451 32
915 6
745 528
581 4
1115 1044
648 249
1046 967
778 507
1123 595
728 155
682 630
219 102
939 285
412 0
994 669
114 106
207 200
790 430
538 219
1086 706
1123 75
901 128
445 357
630 92
831 589
909 175
355 252
937 280
645 8
1065 1054
876 718
835 528
864 252
1062 296
865 482
535 323
1026 420
462 385
564 182
715 565
815 634
1063 114
874 492
902 554
1062 732
1043 651
986 221
559 514
1101 286
1137 782
1044 164
1087 246
389 1
1037 560
298 58
1133 847
228 214
770 393
385 369
217 161
559 346
549 154
855 37
148 65
731 582
463 138
1053 153
1051 547
1135 841
889 65
879 197
854 810
1107 777
918 835
446 241
681 514
418 390
660 136
782 132
912 874
1139 391
874 435
155 71
626 261
554 411
984 237
344 237
651 401
1061 882
901 801
173 137
233 71
356 4
815 97
609 354
505 500
912 177
885 585
898 453
820 168
665 630
893 660
726 715
1022 689
847 718
823 791
964 19
1121 122
430 315
884 653
1079 1022
910 402
1049 403
902 240
970 382
842 489
394 344
943 269
751 370
1123 738
597 164
649 628
1069 309
484 283
674 549
453 249
756 402
424 217
925 295
384 254
1118 546
816 741
288 21
944 244
904 666
1118 182
1016 327
909 840
1081 636
590 364
541 289
776 136
342 168
344 111
298 139
1018 922
840 540
914 284
880 292
788 642
681 360
498 372
713 144
961 499
1109 538
706 470
1131 352
992 65
727 453
1011 895
986 718
574 99
860 327
848 320
149 91
1006 32
565 109
665 300
933 666
774 212
1109 655
856 4
780 674
1139 166
362 221
266 202
407 298
837 636
897 225
681 182
201 80
837 696
772 24
703 288
147 5
676 627
619 472
969 615
1134 454
710 264
1120 117
397 95
1045 1039
806 47
1074 673
997 859
776 319
689 540
945 848
835 714
696 392
918 339
970 549
1064 660
653 468
16 4
642 518
310 228
764 343
842 17
812 699
643 267
223 57
872 58
827 723
1124 28
1085 849
784 195
707 415
644 526
846 685
483 211
651 476
390 325
1105 34
1147 579
1137 649
1077 378
764 36
985 375
1022 717
594 568
1011 971
713 582
1136 527
473 64
955 954
373 18
288 193
479 98
654 187
940 504
104 75
948 368
1104 497
879 525
711 563
233 4
770 211
599 135
811 235
371 343
511 84
862 503
210 143
736 560
659 88
430 419
1147 303
1091 754
509 332
720 218
1006 710
441 300
1087 821
629 570
378 8
974 681
1041 204
425 158
846 152
1030 792
872 619
927 63
292 94
129 7
478 222
841 413
494 365
923 695
703 149
808 669
1050 226
886 777
535 102
973 521
1137 948
1099 561
498 272
220 62
996 58
1077 49
631 311
814 139
1053 393
372 178
474 222
258 79
858 607
983 149
1073 374
919 30
953 597
499 3
1125 176
603 137
1091 292
712 272
433 152
1043 1009
968 910
979 559
646 573
435 269
979 775
935 143
503 432
488 308
592 587
371 138
1016 93
846 25
523 337
1049 139
952 793
589 540
753 635
1113 971
488 428
423 330
890 426
659 393
909 565
1106 807
752 683
1006 905
514 156
647 554
378 20
675 16
756 402
907 25
812 802
1087 555
1044 926
825 154
896 72
795 305
568 563
345 121
1134 1019
643 250
441 240
986 459
954 201
336 299
1095 1059
860 823
667 13
727 670
81 67
930 855
1118 180
842 340
554 141
955 825
945 337
482 102
957 862
1099 545
499 243
838 485
895 303
1134 1103
1126 780
927 4
716 439
389 257
1100 546
1076 325
934 667
1008 863
986 697
1090 919
783 510
1066 666
979 569
811 387
758 716
122 89
506 395
743 299
1119 360
791 294
791 759
890 727
293 251
780 99
995 892
940 627
1017 275
1103 387
1093 880
859 580
532 530
635 308
770 461
582 103
1017 182
428 3
936 195
934 433
531 85
1055 289
539 228
97 80
620 604
421 23
273 84
1091 782
917 213
440 218
539 293
974 20
820 672
604 335
874 834
664 345
1149 48
221 169
991 771
900 182
1104 282
274 228
852 711
252 233
846 297
1145 939
421 134
908 402
156 30
1088 257
1116 761
1142 974
491 268
724 487
791 535
877 689
933 439
644 487
496 188
945 874
973 469
834 505
907 85
823 603
916 365
1077 156
1119 487
650 152
1126 876
1118 1062
1138 630
919 549
305 27
1042 350
979 612
1014 996
398 240
406 350
717 276
970 442
725 648
457 438
1100 805
391 297
496 233
729 225
1023 101
701 411
576 371
1065 249
604 81
1144 314
1130 121
751 553
250 32
1035 470
920 61
998 604
329 230
985 697
1043 799
1123 1086
297 158
1094 206
286 20
1102 520
709 475
1048 49
1087 203
244 26
986 470
624 282
953 669
903 677
1145 639
929 711
621 213
986 547
528 324
798 594
916 415
953 387
567 22
1121 126
1102 808
1067 111
882 777
879 821
997 735
821 23
650 289
978 206
675 189
1119 244
498 209
368 274
926 885
1090 934
669 121
1053 268
600 60
1010 265
1046 1007
846 317
655 575
172 167
1065 315
1016 12
691 0
564 337
373 332
233 192
704 141
901 680
618 593
994 571
613 150
1000 47
999 578
805 264
804 780
813 628
1115 474
1027 955
937 251
813 762
870 66
111 99
1053 301
164 70
939 316
1125 963
780 50
871 332
723 109
1032 213
899 170
971 871
917 666
707 701
1001 977
1124 222
208 39
747 183
616 456
290 85
597 554
1125 265
394 327
502 324
648 43
316 16
1022 962
978 842
1028 738
1018 306
901 303
872 431
1079 1019
1118 961
825 452
525 394
1045 630
716 585
336 70
469 171
996 874
1148 595
1013 621
1117 48
747 42
1027 254
495 184
232 23
1139 888
1140 525
1095 295
1132 264
971 895
865 294
1044 433
1007 582
1094 241
683 639
357 67
884 850
151 106
903 337
825 512
637 305
1084 38
814 182
1126 758
699 316
845 166
495 455
149 63
708 203
987 471
641 400
834 541
1149 1018
1142 695
914 586
1118 674
658 421
338 189
693 536
890 577
962 908
1135 368
1102 337
672 246
1016 94
402 330
721 247
939 877
1082 674
975 585
959 506
964 634
280 67
641 485
473 372
588 240
627 327
833 660
976 151
1063 566
577 300
1000 266
846 44
755 206
606 221
973 203
758 273
1128 884
825 489
246 1
702 96
712 322
527 378
807 323
886 880
173 81
676 387
905 100
1055 180
1014 555
341 194
768 748
820 291
1073 926
774 283
796 548
1137 343
609 49
865 409
747 399
381 375
1134 1104
617 335
755 656
1085 705
1074 585
850 752
723 501
492 132
389 101
815 491
401 292
1082 1001
788 549
641 229
809 102
1013 114
679 33
812 373
986 704
1125 420
1024 449
898 395
1104 786
653 552
882 485
977 368
958 158
537 358
966 793
963 494
670 262
982 744
950 925
1103 541
823 666
694 152
1077 620
635 21
997 404
1100 984
457 253
715 109
265 49
481 277
917 117
847 100
1028 175
420 292
967 341
835 33
1020 145
688 147
737 99
975 939
459 429
910 790
1085 888
1036 875
1078 1019
781 300
948 755
638 571
874 698
711 667
694 197
1105 37
770 330
515 349
718 578
697 10
239 109
986 851
886 36
108 10
859 712
320 48
252 92
702 513
943 543
635 475
721 527
256 220
769 550
151 122
343 65
344 192
1049 627
914 651
562 175
446 413
992 675
747 556
688 293
633 136
269 178
818 315
1100 394
848 301
873 618
712 184
359 29
850 183
720 649
493 104
729 631
919 906
576 245
1035 970
557 11
1100 824
928 269
900 290
1014 354
872 109
965 640
1110 14
426 191
688 568
427 277
616 421
625 442
1065 706
962 466
981 905
1064 910
973 652
1072 467
1040 784
1145 814
648 301
1141 157
139 58
910 580
1122 950
401 389
525 160
266 194
1107 859
455 170
852 561
1091 95
359 134
951 775
822 348
271 65
381 127
1127 507
758 370
724 225
967 358
408 214
690 480
698 102
215 183
795 694
465 208
787 523
1092 12
533 397
432 397
942 812
1068 591
755 271
540 323
973 166
1051 170
739 237
1052 840
941 499
1089 1066
1121 64
897 691
1078 601
307 79
987 790
412 302
643 143
385 139
973 573
1097 846
492 438
524 375
917 613
1114 963
942 657
437 260
1087 456
930 725
420 103
650 437
883 877
1097 124
636 495
818 431
998 910
1014 7
599 424
925 314
527 9
828 206
1112 1044
853 820
574 509
384 139
1093 1015
1142 316
1094 177
1091 939
692 294
880 394
452 419
714 153
791 280
1004 886
848 250
1044 71
794 227
425 402
341 211
788 29
1090 643
834 626
1022 546
1057 895
973 859
630 23
768 100
812 309
748 147
819 335
386 160
597 63
1075 854
733 52
803 182
585 8
576 154
445 113
1143 184
789 308
829 606
900 14
1038 174
1096 595
953 546
1107 969
951 512
334 76
543 121
469 139
1089 904
366 336
1024 1011
907 219
1143 1136
893 826
972 209
725 288
566 266
645 260
1106 535
899 234
521 156
968 532
402 70
418 130
581 329
534 449
495 177
764 483
617 458
839 649
966 110
945 161
975 370
426 30
321 184
1109 1028
631 525
1043 966
226 121
923 909
1069 187
718 231
1092 1047
429 261
1043 264
476 78
93 24
377 278
882 201
564 480
696 94
740 93
352 247
573 159
819 111
914 756
1024 88
661 100
812 229
654 453
926 866
530 447
586 67
779 206
1138 1069
672 418
617 412
885 437
762 569
707 36
706 340
1081 850
1059 546
745 210
1103 459
434 263
965 883
385 243
415 362
1056 453
307 186
1063 759
616 294
962 263
958 829
961 43
451 179
389 13
175 41
882 754
731 397
570 442
900 720
1007 259
1132 97
142 62
348 151
871 65
280 28
771 7
685 90
1023 632
515 405
1089 574
637 342
418 181
1121 671
297 179
611 426
1146 959
899 163
440 315
1059 214
68 65
738 713
957 702
1062 555
1019 165
1008 372
1092 81
355 252
740 147
708 181
329 3
601 114
1109 681
874 209
871 320
1089 628
351 22
665 658
879 124
994 279
1007 284
935 99
985 244
549 101
236 226
732 577
1075 811
1104 1021
326 272
1107 808
676 298
539 26
699 196
598 417
329 249
777 654
776 152
1028 176
413 88
1122 564
895 762
637 537
789 207
1140 367
743 722
690 264
401 256
585 546
229 18
442 162
793 652
922 870
1092 1073
372 29
1039 97
876 680
682 0
904 327
972 683
890 494
604 14
773 752
718 64
565 408
760 339
411 149
650 299
625 526
221 73
1065 774
760 573
891 412
590 317
919 852
1148 349
666 631
771 386
891 15
972 478
647 359
405 249
1065 216
526 165
879 126
280 159
534 325
393 274
466 337
1074 294
724 440
883 536
1123 958
318 161
770 270
962 223
871 420
681 460
675 593
1036 207
880 166
1029 301
822 337
496 168
583 337
803 784
487 230
650 463
916 717
922 157
895 829
868 603
1018 1007
461 133
950 711
706 641
1061 492
250 119
1145 364
493 302
1007 954
871 685
935 615
929 210
119 34
370 62
821 496
698 107
640 429
606 189
1048 364
648 239
116 89
986 783
818 693
917 305
385 294
595 525
79 66
210 10
274 114
1134 924
820 351
1107 947
1146 173
902 232
1069 289
897 714
1028 594
1051 726
725 482
787 321
686 383
971 768
504 142
554 213
688 404
1053 810
957 39
557 336
856 230
897 147
1014 906
797 750
1099 1068
755 597
1116 412
901 649
936 297
876 298
696 140
347 150
311 308
1134 635
717 124
995 356
939 157
822 521
786 645
667 329
458 289
1110 503
873 784
469 211
964 416
1071 810
839 825
981 238
923 346
943 377
949 211
799 632
739 450
483 23
1101 951
355 129
1059 808
947 454
1056 318
981 516
1051 835
288 56
735 79
644 324
958 421
481 71
692 579
996 630
595 203
720 599
884 421
788 707
855 183
979 292
992 219
927 759
858 410
678 313
982 837
788 641
980 472
409 390
827 214
613 97
899 479
736 491
889 377
864 103
1148 74
69 23
1056 931
753 277
569 362
626 427
827 37
1003 305
523 311
1145 818
1091 778
970 358
235 161
792 649
740 641
151 99
919 295
672 634
1111 859
1114 52
1053 787
855 607
1073 791
727 49
1110 865
358 92
649 601
813 410
773 474
1107 880
983 950
475 393
1051 874
678 7
1122 870
510 142
733 207
1031 211
483 314
944 51
994 627
996 832
1060 682
1015 454
1042 948
519 498
644 616
347 322
1138 435
739 658
693 391
433 146
440 43
349 65
893 554
952 858
1149 660
967 366
945 879
648 45
886 337
990 114
1149 124
611 341
990 166
810 773
1148 469
587 356
869 327
812 408
712 2
1009 932
1050 607
371 323
706 435
454 413
964 668
664 11
255 107
884 83
1044 986
802 763
291 78
336 245
917 161
871 425
705 28
881 86
763 229
51 34
983 853
499 229
1046 720
1025 302
910 721
996 77
1096 72
814 414
774 31
710 345
948 793
631 609
1010 182
988 168
301 205
628 95
1075 1015
583 125
781 629
474 388
1096 543
943 318
507 84
754 488
713 83
1096 1086
892 596
1046 523
931 497
1147 177
594 587
485 145
1009 87
715 671
229 209
796 542
697 39
956 11
1115 212
734 469
1072 1027
700 206
689 506
704 53
695 143
202 47
527 294
202 78
478 218
688 412
830 708
283 163
588 202
1103 970
792 663
838 70
988 379
471 292
1026 850
901 170
748 695
918 42
1047 214
834 478
199 65
900 594
587 472
561 246
283 76
1109 1004
413 182
922 210
1141 534
635 316
959 57
749 481
344 211
1012 948
951 150
600 460
790 630
1121 259
1068 511
503 325
1130 1119
1148 955
430 336
873 136
984 281
490 131
411 117
562 190
705 424
430 76
749 248
638 605
842 605
507 153
709 634
259 141
1079 1041
677 7
1099 921
696 246
912 519
323 110
870 396
993 596
1142 671
604 598
833 485
682 136
430 189
677 631
1108 599
1035 952
958 288
791 161
1140 216
567 399
1124 808
677 665
991 966
731 75
592 421
523 305
1105 689
908 325
446 159
1030 960
178 27
1088 476
872 390
145 57
754 414
495 2
627 29
836 194
202 180
245 164
928 83
560 59
938 587
521 259
1075 1070
704 30
974 756
102 8
387 182
703 517
635 518
732 532
1115 641
771 708
1148 1093
897 763
960 224
542 411
1018 81
736 3
502 124
830 268
804 490
665 657
752 668
803 504
322 159
433 39
771 256
1063 490
1039 371
789 126
1040 247
985 259
333 122
592 394
665 334
624 376
749 587
363 304
800 628
780 67
1054 130
1022 685
1047 482
902 727
1044 1038
1125 424
790 618
836 91
1059 769
555 466
886 867
916 481
727 378
656 48
941 21
309 105
1139 534
1060 704
449 243
840 285
1008 960
527 30
1002 250
829 804
446 168
425 155
977 429
809 763
620 317
1084 83
1114 124
651 450
727 318
575 475
62 49
744 178
982 38
380 216
1100 499
1124 957
1077 173
230 71
524 235
1092 732
1004 773
870 495
435 113
855 782
958 806
730 395
734 554
785 463
856 776
338 252
1119 526
982 148
1028 858
1123 210
218 47
626 606
1111 181
385 321
1091 693
243 114
188 71
636 411
479 206
348 105
1007 204
1060 233
171 136
700 410
773 297
824 533
454 311
1094 994
906 375
584 256
703 575
1083 130
542 490
1044 756
926 58
1055 528
996 302
1137 175
1079 231
601 215
578 388
1086 591
1038 715
903 84
477 147
785 638
1125 725
802 690
389 121
382 142
145 45
921 789
1032 94
911 614
960 45
488 382
1146 683
482 124
1022 441
890 372
772 385
308 71
858 710
483 71
387 170
966 447
61 18
638 542
430 121
319 196
517 459
199 73
1137 299
546 249
837 591
1084 961
1082 834
524 404
935 3
759 100
1126 380
335 282
692 190
1145 53
687 676
83 12
959 25
710 62
974 700
509 369
614 114
759 239
1119 993
1049 244
291 182
1034 118
871 0
736 575
1018 199
717 348
942 53
777 178
883 701
616 495
978 79
1020 246
901 555
1104 826
895 364
469 326
534 258
646 473
359 10
1133 762
804 637
803 136
373 335
575 189
695 628
1115 907
601 325
1018 841
858 616
360 2
1010 666
762 704
590 363
855 299
1031 446
1023 438
480 435
535 243
909 798
982 367
1040 677
284 257
1120 1103
826 435
808 221
911 847
704 536
685 227
818 233
901 665
804 549
564 156
1002 647
1121 40
901 502
548 6
812 191
238 183
1105 2
1041 164
576 470
811 476
952 550
938 805
672 255
556 84
650 441
357 128
1122 385
1062 992
921 306
952 127
960 284
994 663
164 33
852 132
728 669
1064 595
999 950
511 438
125 8
993 782
487 449
440 139
865 499
1131 714
794 417
587 561
300 260
953 571
670 135
870 764
796 184
970 41
361 123
902 568
519 100
1045 65
828 483
538 501
346 209
1118 640
476 356
363 361
485 280
988 258
578 400
1043 513
974 835
627 302
950 400
1120 1118
1124 282
892 852
347 147
875 280
1014 369
452 423
1012 363
899 628
232 60
1115 1056
946 697
203 17
969 328
428 82
452 200
1143 157
494 282
813 776
894 177
660 148
835 398
470 92
370 242
147 100
672 640
206 143
836 617
1063 553
1147 5
500 177
267 254
1041 36
666 575
765 51
867 362
888 50
995 277
268 137
797 337
809 131
765 10
645 10
419 312
1148 657
1039 486
841 393
990 666
297 271
363 153
1053 510
996 183
942 723
962 444
1083 1068
717 662
933 697
814 425
449 120
233 174
845 101
869 202
765 2
827 307
979 294
868 366
1002 147
861 387
674 648
880 664
531 308
965 348
501 41
1126 802
791 328
763 137
1128 843
1084 403
1041 762
939 39
987 310
1132 580
1004 833
966 48
775 611
1088 483
229 49
1148 139
1028 432
600 550
1149 59
519 129
321 48
475 254
949 195
956 868
1068 236
445 328
652 38
1092 136
449 309
1017 127
438 436
810 768
225 109
429 187
836 481
724 133
104 61
6 3
1093 681
514 400
1089 449
1069 474
1003 640
639 604
953 86
821 584
940 798
937 843
544 377
1118 522
329 8
723 81
1003 486
1128 915
739 524
384 70
1089 889
244 124
312 236
386 211
850 380
1016 35
899 278
1138 242
1060 664
1098 724
628 348
236 31
1075 34
1122 1083
1132 728
980 352
154 9
1147 1124
1115 863
321 271
951 921
873 810
1091 483
580 243
1024 241
1100 554
448 153
670 201
868 642
524 284
704 637
307 143
996 820
490 157
949 234
822 495
756 122
752 708
277 24
934 669
915 72
427 168
510 325
1137 39
349 253
489 18
933 330
838 204
165 73
532 122
1117 467
877 207
835 741
948 137
881 695
237 15
758 333
1105 985
1035 691
777 723
437 125
644 513
823 643
749 239
986 190
834 334
924 252
363 253
185 47
725 15
738 262
1043 240
371 133
707 194
1063 302
531 166
936 448
935 1
1036 971
963 165
1126 1014
1087 366
554 247
1114 1112
253 229
1004 88
765 498
1071 574
709 403
364 356
1074 833
853 682
1135 425
844 319
195 18
1031 1030
855 580
381 335
875 246
1127 971
543 396
272 134
786 218
181 166
937 67
333 102
1018 126
999 864
222 150
1053 710
1009 26
465 202
967 572
681 178
932 478
210 84
781 296
964 557
396 358
1144 755
504 422
1109 31
801 663
648 570
1058 127
1012 516
958 622
832 196
849 634
896 146
962 895
1010 44
764 150
345 84
1006 136
600 28
950 20
981 328
842 554
1068 143
718 93
1031 785
1055 93
642 60
898 480
522 511
955 754
872 631
1026 320
596 289
946 625
457 283
353 70
1146 604
898 359
689 346
639 347
247 105
812 258
1046 613
537 68
328 252
892 664
1101 52
1145 131
1148 166
858 500
972 964
517 219
335 326
1117 295
1080 27
1141 420
1134 491
686 38
891 532
980 379
44 6
1011 140
330 109
872 230
489 351
863 558
1126 89
346 261
711 488
965 313
1096 944
611 272
875 232
1065 268
912 649
398 264
457 346
688 328
303 126
697 467
476 10
861 138
451 299
966 279
999 424
750 331
677 217
1032 543
1003 468
771 428
472 196
930 262
632 271
649 381
1033 525
836 282
1081 176
667 412
957 835
523 25
654 140
253 193
800 343
751 643
410 23
969 867
1043 1020
323 3
641 337
534 513
693 122
410 261
549 547
923 526
1135 831
779 11
848 810
993 740
897 618
826 812
1131 936
892 849
750 98
558 22
674 309
855 407
514 347
384 104
841 338
847 192
1054 558
929 455
826 180
1053 1032
559 383
908 731
851 167
969 644
650 483
620 53
1065 1048
897 396
839 163
696 645
504 48
587 124
590 33
275 135
1146 993
680 448
1128 877
389 352
1071 1052
864 269
1002 98
453 404
654 385
1126 216
848 458
111 76
1131 395
794 654
967 189
1121 848
612 543
780 23
1026 513
322 65
611 78
939 175
876 225
626 189
828 319
815 497
224 106
291 235
479 268
529 347
864 429
852 571
865 683
824 520
752 71
680 548
1127 967
620 525
1034 209
741 322
664 413
958 451
330 104
885 180
363 198
754 391
556 381
953 631
91 84
1036 652
410 186
1090 120
667 24
1057 142
1035 218
909 755
833 807
615 262
281 248
446 285
1123 634
935 799
986 938
1091 189
799 246
978 727
498 67
1136 265
484 391
930 104
453 126
735 471
551 398
483 361
887 727
898 574
382 239
931 305
217 34
1139 588
540 261
722 468
944 223
470 440
1144 910
708 388
1106 417
1118 811
1138 1068
327 100
1109 48
627 152
1068 477
774 11
673 128
1144 630
749 69
999 718
987 245
803 315
970 355
507 499
1093 1023
228 53
756 147
788 547
569 87
1033 1016
944 820
825 317
1117 809
804 196
1143 957
781 575
893 737
546 48
1130 494
663 338
971 246
1116 111
919 46
236 218
746 187
784 640
717 498
1055 500
366 223
826 420
709 409
965 429
840 706
595 193
769 599
27 2
877 701
492 423
1046 196
650 605
1033 835
689 459
983 889
641 258
564 146
888 477
1070 153
124 108
421 217
815 428
185 64
950 143
989 61
1115 107
1001 811
698 196
670 216
645 241
930 417
486 301
537 115
672 345
125 35
867 791
650 145
394 237
875 523
643 58
1086 869
1056 236
1035 947
613 45
1149 883
160 78
855 216
1127 14
983 809
639 260
956 884
838 60
1141 234
680 396
1087 60
225 133
889 43
1036 248
944 182
330 170
1124 998
1066 205
1017 806
1028 439
1111 512
74 55
228 160
777 105
1032 551
583 28
529 4
455 307
454 157
1114 700
754 496
1045 617
846 626
942 263
828 778
253 168
1088 448
486 38
1072 349
925 475
994 804
1001 274
949 482
807 734
586 540
854 623
1034 795
1025 676
819 743
674 284
1065 548
694 604
567 492
394 27
741 59
381 51
937 671
543 277
1061 358
906 342
840 806
847 371
423 122
1084 964
1048 797
745 328
691 592
1048 1003
83 50
729 552
854 846
986 493
572 346
1084 533
680 354
615 196
1121 412
672 341
1078 667
904 245
745 680
687 273
684 595
846 98
497 167
506 255
933 306
760 59
656 615
350 195
981 448
840 287
1146 1086
775 283
729 511
838 171
1096 600
339 47
881 116
1116 132
1123 296
115 3
274 141
462 137
793 99
558 286
1004 333
1042 676
1000 728
689 261
696 151
1129 1027
1109 462
544 227
248 55
569 165
813 811
862 84
806 512
539 213
702 572
759 38
1036 108
891 332
165 119
635 167
972 88
1113 922
341 134
572 3
852 829
681 299
390 140
743 171
852 807
757 351
419 29
601 249
458 396
518 288
719 708
701 202
708 510
850 602
210 208
1132 15
563 514
936 733
618 159
988 525
161 65
464 102
429 420
992 63
506 2
1094 506
361 192
1000 332
1070 639
929 285
328 275
645 616
1130 655
739 527
1111 672
851 409
769 229
996 63
922 414
81 7
749 507
529 114
361 325
785 90
607 256
658 570
236 46
275 180
953 579
923 563
487 294
254 198
1078 281
665 78
841 621
258 253
901 635
832 219
659 160
1131 296
453 447
839 61
892 303
620 275
736 54
997 589
790 503
974 869
652 559
440 89
995 549
1129 951
1063 263
798 544
417 105
801 528
450 282
1113 945
602 492
1144 14
744 696
983 814
1145 216
387 379
312 21
973 90
651 533
215 78
1127 763
978 895
628 497
203 28
743 421
253 145
666 195
645 515
799 198
1019 372
870 287
823 130
509 23
812 384
824 438
78 22
224 105
975 760
577 450
630 491
771 503
994 880
377 244
752 624
1059 9
591 221
539 425
926 891
681 630
479 153
651 78
842 390
646 377
994 467
1019 487
658 521
709 267
412 404
1049 410
667 601
1109 1088
1061 978
351 137
1129 971
427 181
398 345
827 69
600 112
1011 633
923 883
967 645
1145 136
791 314
853 601
804 666
745 640
653 244
751 374
777 663
852 131
765 669
474 227
356 250
907 550
1061 456
424 74
754 211
500 100
533 116
658 222
1112 480
1149 73
344 185
748 720
1143 114
949 924
1067 139
884 778
660 602
958 632
593 86
1052 794
1136 985
820 761
240 93
969 735
1053 772
848 343
741 211
417 172
990 472
1056 576
1085 551
597 405
732 103
1093 492
1108 168
925 463
747 237
649 17
80 4
538 202
1000 311
972 601
869 734
884 758
695 261
1054 186
650 491
277 210
435 420
1064 674
1103 294
414 403
579 296
942 910
1108 1074
807 179
1081 331
769 695
480 382
893 115
606 442
1041 212
1134 929
960 327
810 255
1103 1004
835 119
848 748
538 216
1089 1023
862 204
1148 833
1100 837
315 5
1075 956
750 221
812 31
874 182
848 51
967 636
971 88
917 107
891 304
488 4
567 360
1141 624
804 230
803 355
305 30
329 326
1048 836
698 324
958 147
1013 776
272 100
763 176
1027 261
434 414
911 870
957 376
892 477
1125 37
1137 73
636 406
663 563
819 668
606 304
366 275
382 20
1097 893
1083 683
1021 564
651 521
196 181
1061 139
805 277
972 891
1058 289
629 244
151 80
1079 945
991 416
1134 141
1075 111
546 54
742 271
1046 838
863 856
637 509
904 860
497 98
1107 580
898 292
944 9
953 75
785 767
1099 749
382 158
1000 252
914 242
675 631
1011 637
1077 1035
877 870
944 659
937 547
750 296
1149 256
1040 154
732 158
231 5
193 162
915 247
1070 225
1108 1027
1054 908
1046 731
977 373
1120 693
1102 775
276 108
512 204
745 566
1136 1065
691 629
716 667
544 196
110 48
634 271
673 620
532 524
1093 812
1104 798
805 156
263 218
277 96
362 59
443 44
908 667
295 201
1006 89
1029 448
1109 110
1120 379
938 866
946 844
527 227
223 80
768 146
1067 260
767 545
1017 158
678 32
340 127
495 321
990 614
334 168
595 202
765 420
862 787
1033 1022
451 440
1122 715
839 447
791 71
768 414
1036 198
1048 844
808 240
1050 311
684 66
886 386
709 295
1122 786
601 19
1102 854
691 158
804 323
939 448
1141 692
875 710
869 721
1055 607
999 561
1147 597
381 354
280 211
404 152
873 240
821 322
1128 368
931 919
870 270
264 42
493 57
1115 1114
735 304
838 262
1142 899
898 93
1074 948
851 525
1133 412
578 117
946 329
1128 789
413 162
1036 363
493 373
588 352
86 59
787 404
808 95
783 679
915 51
562 437
1118 93
960 386
563 14
255 93
814 7
716 87
426 269
537 55
1021 923
785 680
1051 975
1132 465
312 20
635 117
843 222
910 307
448 142
807 226
883 695
583 86
139 17
910 359
191 152
1096 62
1078 71
1114 132
1041 714
1131 595
783 295
400 189
762 488
565 80
91 44
961 319
609 468
971 129
750 173
824 778
829 590
501 206
118 101
972 605
713 313
991 428
814 585
928 463
819 659
1023 519
578 290
869 704
552 362
567 446
713 257
1010 943
516 150
1011 926
1057 604
676 585
1090 904
345 139
424 162
1039 431
1132 1098
225 125
584 300
622 124
794 432
703 508
158 44
572 148
1000 34
747 311
739 627
1143 654
805 631
1086 64
414 274
711 287
1001 304
1122 26
605 98
841 189
773 152
967 901
991 544
984 566
710 9
1005 328
316 249
1036 778
649 516
909 65
762 134
596 215
838 43
993 776
853 429
662 592
412 406
1064 385
978 646
281 146
859 613
949 69
1097 1065
821 202
892 270
368 6
1102 104
865 432
1042 1001
1133 1025
740 67
1059 735
834 147
688 21
972 737
1101 710
516 471
924 65
760 621
1118 896
871 131
1054 595
665 88
925 304
1074 178
624 612
1011 100
502 447
929 18
483 251
694 314
976 537
225 101
1142 1063
1138 973
912 888
1074 16
913 82
1001 899
879 40
630 501
740 709
708 481
1022 467
919 608
779 514
954 184
681 471
150 61
756 464
175 45
1144 646
844 366
1121 1075
945 582
997 586
573 439
1054 693
709 49
580 451
1092 159
453 319
888 520
540 309
520 519
947 84
797 377
982 570
464 298
288 94
642 416
276 215
426 27
1066 847
1097 342
909 542
1094 466
782 340
305 44
896 570
644 237
113 50
716 59
747 559
1043 693
722 557
839 519
805 588
926 166
68 5
1073 708
599 209
614 460
879 632
590 180
1049 121
694 293
867 122
972 610
980 637
738 280
1075 605
750 3
849 737
1012 882
833 690
802 455
831 220
451 13
321 140
738 446
473 419
539 44
989 325
647 520
955 300
1149 241
710 47
408 240
1004 539
960 900
1032 484
759 669
1012 311
808 15
893 612
377 271
734 730
1133 962
531 64
790 376
1136 404
402 258
1015 306
186 142
978 360
724 94
609 576
460 204
1136 907
220 76
151 125
93 8
487 295
699 383
1133 926
456 48
711 337
572 65
1024 534
327 120
865 389
1136 831
869 468
1129 1018
820 477
674 569
644 502
336 267
624 482
587 244
678 350
915 619
815 269
877 822
826 469
854 829
800 498
630 150
618 501
330 242
1059 347
980 550
978 573
670 591
279 127
754 720
698 515
978 503
460 358
1128 979
675 113
1026 60
917 612
685 366
1117 58
917 652
774 220
288 80
1051 901
1043 322
23 2
751 482
566 445
227 173
532 210
821 755
659 82
961 858
366 12
1031 317
719 460
726 594
1130 973
750 8
782 91
1032 479
914 577
1024 196
615 249
1099 110
844 339
586 368
445 16
770 252
920 913
440 78
1038 991
691 640
1107 666
995 645
496 335
494 387
871 801
992 568
753 195
717 147
934 213
463 196
1009 591
928 896
657 446
1093 593
691 245
913 120
573 72
618 472
659 191
514 48
1024 297
1116 217
840 263
986 934
670 43
286 136
1025 398
358 44
570 235
697 465
905 284
1019 870
1124 241
1062 149
801 700
667 16
819 185
893 723
376 187
537 360
218 201
1076 926
474 422
831 580
840 19
939 897
409 200
1059 1051
633 557
1002 593
1134 1084
1055 326
963 311
816 23
533 494
834 52
697 389
818 630
890 187
1029 880
1144 413
754 685
579 462
481 35
411 311
150 74
1096 360
466 181
996 363
1048 1031
565 91
1070 89
754 419
365 57
1053 1021
918 538
821 553
1141 337
530 392
432 132
952 299
481 394
1021 501
864 833
857 494
955 68
323 127
253 152
971 687
949 120
780 618
431 20
363 193
942 100
317 165
473 159
519 217
560 329
353 196
1027 174
1083 382
194 105
902 826
866 759
347 254
736 225
281 53
437 401
1096 10
1003 370
1074 2
1020 977
452 91
1108 747
1022 316
932 251
884 579
919 824
735 529
991 562
859 184
633 22
852 463
981 582
1047 1001
1001 934
230 193
914 275
472 234
920 618
927 481
695 663
666 567
158 7
1013 83
816 103
1058 24
1060 203
401 288
583 184
720 72
891 849
614 223
296 208
999 870
347 283
344 193
708 458
314 244
715 374
706 405
1138 1008
465 292
917 365
986 734
545 476
1045 583
389 323
1029 1010
335 102
408 297
1047 425
930 618
835 198
969 80
922 478
1070 189
638 208
941 55
884 633
187 147
129 127
558 173
712 587
860 4
507 292
995 941
1107 860
267 243
815 80
578 172
135 72
1016 96
608 465
731 636
930 364
427 172
909 348
1140 92
1066 710
1010 971
617 174
1017 932
260 60
246 188
778 692
967 398
508 463
662 639
429 123
551 532
537 338
81 47
1102 620
1145 1027
696 400
1043 244
1096 980
1142 322
705 208
815 536
1026 415
748 486
627 571
217 40
872 70
638 498
440 13
748 741
694 338
1095 772
1131 190
465 264
1102 985
435 174
462 158
910 836
1125 257
1125 433
505 234
197 59
852 339
823 478
625 141
422 378
1125 480
781 183
702 10
578 16
465 69
413 256
719 710
786 529
426 104
133 53
274 65
807 144
782 557
595 1
988 354
505 109
789 391
972 292
650 641
1022 980
676 0
947 307
882 512
989 868
1105 167
1064 633
140 89
882 43
692 598
710 183
1120 723
1126 961
166 116
1098 405
848 499
940 400
874 728
629 233
1050 700
754 482
975 810
684 107
677 23
1036 284
613 535
1021 252
1123 188
1029 461
866 798
1042 173
1110 1092
369 130
335 217
924 162
1089 636
927 865
409 218
1081 662
882 86
759 28
404 269
537 155
913 275
1112 338
1138 179
686 186
914 295
806 173
1104 303
1049 230
815 743
253 138
732 155
715 655
931 502
929 53
627 347
814 80
292 218
991 443
516 466
722 337
646 87
453 399
793 787
388 123
1112 11
275 233
515 174
964 743
1055 366
673 147
578 442
763 642
413 148
776 584
869 821
1094 635
1039 578
943 779
75 14
324 277
944 689
1042 177
1102 790
937 575
1051 242
747 460
1068 358
501 186
1040 272
854 729
712 711
1028 902
647 360
716 524
969 4
1121 5
324 99
1116 175
629 305
955 879
586 488
728 519
1092 946
969 79
188 165
885 189
998 386
413 396
703 269
451 158
550 243
950 390
755 680
757 341
842 358
1025 730
959 740
75 70
153 138
839 790
1046 371
725 41
874 678
430 181
1031 527
1090 945
572 374
923 314
830 797
768 311
929 600
785 42
1088 582
809 253
406 268
