350 1050 350 1050
297 201
227 68
332 167
247 220
303 75
317 115
192 112
324 203
233 87
256 7
313 273
315 310
27 10
248 13
232 139
257 107
242 10
327 27
200 23
181 92
254 104
122 7
218 42
68 40
316 78
63 29
281 67
209 109
311 41
264 103
118 104
324 87
253 134
67 44
330 168
86 16
306 236
316 209
78 50
208 149
279 96
174 18
81 28
160 150
307 284
164 2
210 83
304 263
88 72
23 17
252 212
51 36
325 276
308 31
340 216
330 303
270 32
114 33
315 193
158 148
161 6
220 63
133 68
274 106
258 50
101 78
38 14
322 270
175 116
237 189
165 109
267 183
342 192
57 41
340 45
261 42
281 27
283 191
227 18
311 305
238 132
50 47
158 101
340 339
306 289
292 124
299 148
203 44
96 75
289 282
268 222
232 121
73 32
289 202
134 129
266 118
212 62
68 1
188 120
181 156
244 34
328 13
202 107
347 272
143 50
291 113
259 99
346 106
317 219
274 257
349 168
265 78
292 218
314 68
347 37
291 270
82 62
177 14
142 141
270 189
167 9
187 156
128 84
296 265
264 160
336 328
218 119
301 98
126 20
144 108
295 25
262 74
259 64
303 91
300 237
164 82
269 20
317 169
313 235
342 299
85 80
142 62
104 6
316 110
177 112
166 26
235 101
278 188
260 237
182 13
292 43
319 170
339 30
98 37
157 9
252 115
90 73
240 120
99 36
197 149
276 246
290 280
262 202
124 123
271 175
310 75
245 99
321 316
315 228
91 2
117 95
344 269
313 1
244 90
61 42
185 35
71 29
286 283
116 115
306 292
313 253
299 137
186 164
332 123
299 46
191 148
175 123
276 120
266 184
204 27
330 80
130 110
187 176
322 228
182 106
219 130
339 190
328 232
208 96
217 95
336 56
65 14
343 338
321 136
144 45
259 100
213 98
172 19
335 1
196 133
133 112
278 151
249 193
145 144
273 109
267 1
325 25
130 54
206 144
270 62
151 145
125 72
142 96
325 225
239 238
156 139
107 86
153 54
310 193
233 219
304 55
95 73
66 49
259 92
347 194
199 99
145 120
318 209
296 108
225 27
198 63
333 286
317 232
110 26
305 273
285 223
252 88
344 331
160 132
128 61
165 9
217 30
269 245
319 168
291 212
194 98
275 269
190 37
205 203
316 122
68 23
209 77
301 246
215 123
52 27
188 135
286 153
57 19
336 22
322 112
319 198
276 253
265 256
270 215
261 61
314 121
259 155
345 218
139 107
280 61
301 215
159 44
102 42
310 218
258 143
326 93
326 274
283 157
315 249
144 64
158 14
168 65
230 85
138 123
115 30
161 127
192 181
211 5
323 264
256 25
242 56
200 91
126 59
175 30
258 166
238 131
337 268
225 223
242 226
349 297
151 105
190 101
218 71
172 130
326 117
234 192
321 292
348 288
340 233
250 165
329 137
246 53
216 176
309 261
286 240
178 100
303 223
340 173
150 15
333 261
38 34
22 17
347 274
300 276
20 13
273 262
141 37
115 53
253 218
338 98
314 140
323 94
240 86
346 304
272 3
167 149
136 58
335 238
263 57
318 58
182 3
250 54
85 42
107 45
78 24
116 56
118 66
218 102
281 109
335 242
132 63
235 125
287 230
304 74
254 7
308 224
340 158
319 312
317 259
177 143
258 127
228 133
266 262
333 189
179 157
328 46
275 218
195 179
76 3
312 115
162 135
188 178
317 76
266 194
262 28
184 33
319 256
19 0
217 56
335 219
34 19
334 170
145 142
315 143
341 312
42 29
214 64
187 89
72 64
282 216
346 268
231 45
344 118
163 4
248 211
190 64
320 135
223 165
266 89
186 156
290 268
256 20
194 16
293 32
309 211
330 184
285 148
107 72
298 90
202 49
333 329
194 95
186 33
246 70
206 90
321 256
136 74
125 12
267 28
150 46
349 82
344 30
152 83
266 17
145 96
339 47
296 166
68 15
261 258
209 21
310 65
231 54
337 333
149 123
343 304
218 100
216 61
218 11
277 14
264 13
323 44
186 44
298 280
284 133
193 43
140 14
254 215
333 125
290 33
213 110
337 136
329 29
339 105
271 240
311 21
311 107
333 255
69 23
276 121
254 46
247 72
113 57
221 86
338 334
222 193
56 5
341 282
339 157
303 200
300 222
231 174
247 239
256 214
316 220
196 61
222 0
342 255
336 96
285 159
158 154
220 169
280 123
321 97
155 111
106 40
270 103
233 20
308 253
254 196
234 127
218 211
299 232
195 193
216 20
217 0
326 188
217 18
25 6
304 288
72 28
88 40
289 166
106 75
278 46
327 98
217 116
303 4
334 159
236 203
323 147
160 158
184 29
186 71
270 151
341 108
313 53
232 90
192 130
124 106
138 79
186 185
276 249
192 1
46 42
170 83
89 53
154 113
187 70
286 258
345 199
283 54
322 226
306 94
166 118
271 239
292 212
244 68
304 31
236 11
146 14
195 152
279 118
343 172
154 147
310 122
84 6
285 27
279 115
252 18
92 83
69 47
328 240
251 107
76 44
246 8
41 1
312 36
75 35
127 120
218 17
244 131
133 116
196 39
313 260
289 105
338 210
153 112
80 74
349 307
312 172
224 138
81 22
212 87
135 25
140 64
339 215
275 95
151 12
130 113
309 147
285 172
217 123
227 57
251 77
174 170
346 280
119 95
264 39
280 235
311 301
294 30
303 50
286 205
172 4
105 14
328 5
207 100
301 124
260 132
230 206
312 267
331 121
139 64
344 150
229 200
131 114
274 123
230 224
216 81
272 115
200 104
315 280
210 24
227 146
237 101
198 92
124 114
301 206
209 107
262 67
213 71
258 94
156 31
306 192
112 20
323 81
343 104
346 196
239 100
334 31
328 45
292 261
205 184
326 139
106 84
272 215
289 140
293 0
179 75
269 196
276 157
333 155
131 118
333 226
291 157
191 166
345 329
326 63
251 67
254 176
148 76
247 151
292 3
298 283
273 115
276 135
330 58
343 205
216 62
267 26
318 252
264 216
167 92
322 2
349 278
168 92
294 12
278 219
296 237
182 63
136 5
76 31
238 104
205 66
225 113
205 133
310 294
200 126
190 137
315 167
134 127
109 57
307 109
329 144
251 240
184 105
348 240
236 88
114 34
170 5
221 87
216 193
266 214
154 122
82 58
296 276
278 9
129 36
207 47
333 249
305 242
340 295
152 150
332 163
325 78
268 232
130 8
297 139
246 165
163 34
319 37
175 131
205 51
203 23
164 4
348 341
87 56
149 118
174 89
349 207
262 71
294 217
175 93
308 229
345 317
41 0
250 11
266 64
168 166
155 105
213 138
281 61
266 2
237 235
229 142
266 109
345 300
262 183
192 136
152 97
132 114
168 18
345 333
228 142
328 181
335 179
124 74
250 90
227 217
186 157
292 77
277 177
233 47
15 4
323 9
296 189
141 22
335 301
123 70
287 39
264 114
296 38
258 248
297 288
88 14
327 32
250 242
337 302
211 180
237 46
344 327
321 3
104 29
349 313
194 52
179 82
240 52
124 119
322 114
68 19
229 72
320 191
302 136
285 39
290 258
256 129
136 124
270 265
140 68
343 156
270 220
266 159
273 65
202 163
247 2
155 5
301 283
321 290
130 101
260 218
315 103
200 39
100 3
309 275
245 95
316 312
85 55
299 123
234 168
308 51
226 23
298 263
184 39
338 84
279 78
340 85
338 127
327 274
274 264
227 182
27 4
248 208
169 49
294 3
281 181
171 95
139 1
317 86
221 17
256 43
344 162
76 68
200 61
348 305
323 76
325 295
228 9
321 50
324 35
315 160
82 4
74 47
326 182
309 132
318 293
314 20
325 114
225 71
163 16
327 159
284 275
219 158
93 10
250 228
80 9
330 136
228 33
322 163
320 131
307 292
112 48
117 11
193 188
202 148
241 169
158 81
245 244
284 123
226 170
247 157
89 37
285 111
270 181
244 113
143 54
209 74
239 38
291 53
160 157
334 15
274 57
287 84
349 326
342 101
324 201
279 176
273 172
164 115
344 133
289 44
256 143
311 108
158 115
335 44
253 243
250 241
276 23
303 128
210 134
36 27
17 13
294 274
305 269
307 148
114 73
329 107
188 34
106 54
77 31
165 63
163 27
337 191
202 157
140 7
257 54
150 129
205 47
173 14
205 123
323 177
336 275
188 158
335 161
339 180
282 250
179 3
339 213
325 210
276 1
326 155
204 169
112 61
172 151
317 52
322 171
342 186
66 19
322 263
271 36
285 180
306 152
339 150
248 192
254 75
140 51
349 267
182 131
175 7
295 165
342 323
288 239
282 158
214 178
111 88
214 2
258 216
342 286
265 117
244 231
277 227
216 105
284 100
215 150
148 128
245 0
172 169
346 45
122 0
309 106
304 229
148 103
198 123
235 106
279 238
228 104
180 169
69 64
234 179
39 33
332 65
304 170
245 28
101 56
253 100
265 250
283 8
186 177
349 228
158 25
345 227
75 47
288 79
234 221
268 120
318 270
300 203
206 180
317 275
231 6
305 10
288 99
204 40
273 132
227 188
271 131
334 329
264 179
214 25
162 42
304 247
269 69
291 236
222 52
319 221
108 45
322 165
257 61
347 208
285 61
214 3
178 32
259 102
155 53
299 77
316 156
128 39
93 45
208 56
299 154
218 160
250 230
207 42
286 56
126 71
305 67
308 60
127 125
127 49
56 25
346 345
95 57
300 58
258 179
153 124
86 68
204 47
223 116
339 206
274 109
286 132
288 81
329 200
297 284
261 173
289 164
324 81
91 9
256 96
186 161
301 53
309 220
195 45
132 127
51 29
327 120
275 211
320 94
269 229
331 230
248 190
305 138
226 51
216 2
212 138
272 42
288 115
151 106
341 168
209 159
259 84
244 86
87 51
86 34
276 236
150 66
275 60
239 210
177 74
147 53
258 194
224 128
190 142
288 213
280 242
238 56
290 136
308 246
278 174
40 8
283 79
220 174
138 72
112 67
252 22
264 81
334 274
313 178
349 192
246 48
282 222
277 258
335 95
153 17
295 244
256 153
227 204
334 285
234 87
171 132
165 13
69 7
323 230
289 221
211 10
207 137
209 191
304 198
127 42
333 38
152 45
256 98
282 165
247 222
194 189
95 62
249 119
231 230
349 52
289 18
321 130
329 257
192 65
277 144
223 180
239 79
80 70
339 7
255 34
227 93
96 62
300 139
349 98
327 208
217 204
256 71
248 225
316 23
333 127
159 97
157 79
330 105
199 161
295 100
26 9
147 29
327 224
330 250
281 85
280 170
285 218
257 110
341 162
260 233
190 79
172 110
260 44
286 68
121 109
105 19
276 183
219 166
336 302
347 99
323 23
335 247
304 298
263 40
76 67
255 183
317 105
219 56
163 80
348 323
153 30
317 39
150 59
80 4
326 311
151 97
308 28
309 127
321 8
339 25
155 120
177 93
217 133
157 18
176 75
242 174
177 8
295 218
267 90
76 61
220 75
75 39
150 131
291 173
235 43
117 15
325 212
215 24
275 253
324 163
325 71
231 44
184 132
24 15
146 24
221 43
251 34
218 153
328 74
205 187
248 131
341 28
261 120
45 7
181 76
231 210
342 270
293 46
294 257
273 240
239 118
277 152
311 38
102 43
144 139
312 78
230 137
286 130
319 41
302 249
123 101
288 44
208 137
336 105
261 181
308 49
208 147
242 238
162 64
156 8
184 45
135 70
155 26
184 173
191 141
143 55
277 127
270 55
268 185
63 21
202 137
242 160
344 215
321 4
50 0
93 71
181 99
95 72
296 221
251 151
283 69
120 76
215 186
249 44
303 119
44 17
321 52
188 118
122 103
178 177
245 153
176 124
258 240
242 137
254 137
268 139
175 115
340 187
318 301
344 192
316 38
298 67
304 192
288 73
193 78
271 179
228 190
9 8
250 22
162 25
288 37
117 16
280 31
56 8
217 143
256 195
297 64
75 31
242 35
144 126
326 317
291 205
296 107
160 148
296 290
81 72
185 160
302 205
108 88
219 23
329 229
325 297
282 234
74 67
275 195
165 42
188 160
92 6
345 40
121 119
255 164
323 38
147 2
299 114
318 303
234 141
307 170
154 77
262 28
90 20
330 205
318 149
285 188
301 120
337 69
190 180
218 20
269 130
275 236
179 155
75 21
143 58
100 88
205 14
93 20
136 34
311 34
266 98
121 4
327 261
210 27
190 173
298 74
184 64
166 12
336 200
138 43
323 69
337 45
188 174
265 246
260 126
252 6
238 108
277 181
312 307
216 145
209 77
283 81
347 186
301 36
108 59
245 214
130 55
231 115
293 175
206 63
152 137
122 70
288 50
336 47
210 190
308 153
334 220
335 317
292 8
312 167
289 209
283 65
103 68
89 15
214 74
168 1
151 144
316 169
164 58
87 28
337 144
335 323
90 72
159 93
330 38
349 15
226 152
175 5
251 145
247 171
232 228
249 156
196 32
164 152
250 31
335 334
331 240
187 154
105 104
230 48
230 0
178 109
349 337
291 247
125 65
75 48
184 93
294 179
337 184
254 92
241 104
218 121
334 18
280 91
52 23
71 12
338 71
201 187
322 34
211 100
273 262
84 36
247 191
281 128
301 46
165 124
166 76
296 51
276 109
69 34
155 44
122 42
199 138
73 29
119 11
346 70
223 138
292 183
138 28
209 117
155 76
165 1
257 168
310 11
150 84
295 234
276 262
174 88
198 101
199 125
341 223
245 120
345 259
199 188
147 23
317 57
76 28
224 218
309 2
212 196
186 48
279 37
247 125
313 176
238 231
279 147
193 83
327 203
328 170
307 44
211 186
323 304
183 53
161 90
213 185
40 34
55 9
279 136
257 140
320 133
301 7
337 143
194 166
307 87
123 25
283 185
301 163
293 278
279 191
262 79
136 15
13 10
196 99
348 221
298 193
314 80
347 13
285 37
132 57
224 79
270 204
63 20
181 44
271 238
232 81
158 8
310 0
297 212
308 206
337 111
300 53
340 328
114 83
322 16
220 111
311 178
240 137
260 2
144 50
92 11
249 64
337 46
185 9
298 116
244 216
261 170
347 148
331 126
76 32
318 218
163 133
327 178
69 53
52 44
278 91
243 223
210 140
221 174
162 128
181 143
342 257
261 253
303 125
272 168
237 193
212 169
249 115
281 65
313 47
184 98
344 276
143 25
174 42
327 114
308 182
42 0
238 128
109 32
331 306
150 107
265 178
153 137
283 148
313 70
322 300
197 105
299 137
110 25
309 27
231 226
330 226
67 3
288 255
235 12
298 47
278 254
161 17
55 2
342 76
231 85
73 53
227 148
281 32
234 10
122 71
175 168
238 148
247 148
224 203
233 135
281 133
282 250
245 47
136 27
182 157
157 151
216 189
187 52
258 161
227 39
276 113
297 296
273 225
187 81
338 48
286 90
304 176
180 83
123 104
225 60
247 12
145 64
314 220
334 163
208 156
125 76
65 2
176 76
222 85
208 70
240 215
318 191
139 4
159 98
311 202
305 7
244 45
335 143
206 25
337 105
134 125
314 21
218 194
291 122
253 47
192 180
293 37
34 25
251 230
125 6
134 5
275 38
106 6
152 38
138 77
120 15
331 153
213 26
210 195
278 265
174 39
199 133
334 173
135 4
258 111
66 33
332 1
303 29
222 129
319 142
167 101
71 65
346 40
276 31
187 61
216 92
278 40
318 132
216 215
200 62
87 26
56 5
215 96
196 107
124 101
340 281
346 272
346 154
200 128
282 221
174 148
268 225
239 65
319 289
329 209
310 276
253 0
326 140
283 135
163 102
337 181
207 192
171 153
327 16
62 44
242 42
115 26
301 30
139 54
68 50
264 219
211 127
326 125
132 84
256 53
266 177
343 222
343 316
269 258
297 183
234 177
165 118
221 25
260 236
240 82
131 58
331 172
308 91
115 76
101 69
348 36
296 235
171 90
275 23
28 3
267 149
329 282
332 297
90 84
147 79
287 275
177 109
228 201
246 150
36 3
326 217
213 3
288 89
49 1
340 38
337 239
228 61
273 210
339 77
308 237
90 81
283 176
242 143
55 12
94 21
263 262
158 31
25 0
184 164
281 171
217 196
202 81
255 172
344 134
153 7
272 163
142 127
345 157
304 22
211 191
135 109
346 345
195 113
228 91
334 140
348 54
121 0
222 0
303 43
177 4
260 61
324 54
296 87
85 36
297 68
327 205
242 222
249 151
185 162
329 318
198 24
202 128
336 138
287 139
278 208
339 315
159 10
296 180
341 120
127 25
63 51
297 98
175 116
207 31
240 120
266 7
324 242
314 122
227 92
192 97
341 318
188 163
163 7
160 9
98 2
255 168
321 158
346 117
310 261
321 249
250 14
266 233
204 53
292 266
199 114
172 125
51 0
259 99
204 194
298 159
302 15
254 28
247 206
68 28
233 32
237 177
90 8
260 6
303 95
262 134
313 196
343 152
244 29
251 224
276 16
182 55
326 9
325 253
286 236
333 80
173 106
215 42
145 8
250 11
217 168
151 81
323 310
246 235
344 224
141 105
54 28
269 107
348 291
127 117
339 306
140 28
261 194
112 76
298 131
211 158
135 14
144 99
277 42
205 19
340 316
343 252
254 125
209 123
198 124
228 77
219 82
299 267
46 25
334 63
270 19
217 158
294 219
46 31
217 32
262 253
288 104
328 260
304 117
96 22
142 93
249 164
168 151
183 168
256 218
322 130
188 72
266 129
238 21
117 46
191 144
199 148
28 10
195 139
337 245
261 150
284 141
163 147
307 175
29 9
336 261
101 70
348 201
253 157
156 136
325 314
62 7
192 153
54 46
80 47
138 3
177 54
251 10
311 227
255 155
299 158
276 62
306 179
249 1
179 143
79 30
200 67
318 114
141 106
212 88
329 50
228 104
240 16
242 240
291 277
265 62
305 61
81 49
319 276
289 163
274 57
107 7
155 126
336 219
185 1
342 99
325 191
195 175
245 215
296 24
345 25
75 44
91 16
297 22
203 53
70 57
128 72
258 73
309 166
270 162
189 159
111 2
143 43
156 148
117 61
281 132
172 162
269 65
346 298
309 226
19 16
286 106
312 195
251 105
291 39
297 11
262 97
312 279
166 162
311 160
85 8
320 238
329 20
309 229
192 88
232 134
197 27
322 189
348 74
290 195
282 113
327 253
198 37
331 202
50 24
326 260
11 9
227 83
40 22
330 122
90 67
292 223
244 98
307 92
313 97
134 99
340 330
225 121
143 117
241 137
320 118
262 171
340 234
216 62
243 145
224 100
261 226
204 38
199 95
118 9
274 157
344 123
238 89
105 103
202 90
173 104
155 83
97 83
90 37
288 9
264 160
331 72
337 176
172 47
164 4
226 141
218 108
318 0
100 38
339 123
173 117
241 78
304 73
79 50
332 262
330 174
