550 1650 550 1650
297 201
227 68
490 474
424 380
544 25
317 115
192 112
496 363
233 87
256 7
313 273
315 310
27 10
408 132
447 413
372 292
501 475
483 435
464 351
535 266
384 63
122 7
218 42
522 482
516 343
453 325
471 258
529 144
311 41
264 103
487 2
539 267
253 134
67 44
391 369
86 16
457 440
521 196
514 156
472 45
279 96
174 18
495 437
539 116
307 284
429 288
210 83
485 145
442 180
493 345
455 370
51 36
507 365
526 161
340 216
430 196
376 152
443 323
426 294
493 77
393 113
220 63
532 14
508 496
258 50
101 78
445 391
322 270
175 116
498 117
165 109
267 183
482 43
57 41
484 352
261 42
281 27
476 96
401 211
311 305
238 132
50 47
540 66
359 17
306 289
292 124
447 94
203 44
429 251
541 222
435 276
518 303
492 474
289 202
134 129
266 118
464 161
68 1
438 351
181 156
244 34
328 13
363 64
347 272
457 310
521 392
259 99
346 106
317 219
274 257
349 168
265 78
402 77
314 68
538 51
408 20
439 2
177 14
432 123
270 189
167 9
436 292
128 84
511 399
487 57
336 328
446 38
301 98
126 20
144 108
295 25
262 74
259 64
303 91
420 172
164 82
415 56
317 169
313 235
493 110
447 271
142 62
104 6
511 438
177 112
532 516
515 391
423 94
260 237
483 208
292 43
476 26
387 135
495 46
401 21
252 115
90 73
240 120
427 56
371 237
528 475
549 293
375 275
459 273
377 179
310 75
493 69
321 316
460 211
91 2
517 204
344 269
313 1
244 90
482 263
185 35
71 29
286 283
511 452
306 292
313 253
299 137
383 7
472 281
444 153
499 150
175 123
497 243
353 242
369 7
497 108
130 110
187 176
322 228
182 106
437 243
476 237
489 142
208 96
540 218
506 284
65 14
343 338
487 71
416 7
400 78
435 208
172 19
368 25
432 76
366 86
363 80
375 362
459 153
273 109
444 405
325 25
130 54
206 144
501 380
513 485
384 336
376 4
379 248
388 116
156 139
472 392
458 118
310 193
233 219
469 342
468 9
66 49
418 396
545 212
199 99
145 120
448 403
476 352
460 17
198 63
333 286
317 232
530 372
468 253
285 223
252 88
520 433
160 132
128 61
434 26
475 14
269 245
357 351
378 132
472 336
365 358
506 12
205 203
358 222
487 432
209 77
357 147
215 123
52 27
477 163
286 153
57 19
421 303
499 149
358 51
276 253
265 256
270 215
261 61
314 121
259 155
398 285
523 204
280 61
301 215
420 370
102 42
310 218
258 143
326 93
326 274
507 18
474 371
144 64
158 14
466 210
505 386
472 429
451 243
539 498
192 181
211 5
362 185
533 188
521 403
530 237
516 478
438 204
258 166
238 131
395 141
432 290
242 226
349 297
151 105
377 190
373 83
370 176
525 95
488 267
544 16
526 405
340 233
350 4
462 349
246 53
498 464
309 261
499 439
490 332
546 9
495 199
440 34
333 261
549 160
22 17
347 274
300 276
530 438
485 361
358 243
393 290
474 149
402 258
531 49
395 198
240 86
346 304
543 140
372 237
136 58
335 238
402 106
318 58
182 3
250 54
486 418
509 391
435 8
493 398
420 246
464 13
374 295
474 119
475 415
424 383
429 194
494 259
442 273
477 299
340 158
411 155
317 259
412 346
365 323
439 230
544 74
444 88
179 157
406 186
372 113
195 179
442 96
504 236
366 8
466 424
317 76
266 194
262 28
435 285
319 256
500 66
217 56
335 219
34 19
334 170
145 142
404 47
536 498
42 29
372 180
187 89
412 172
458 209
427 122
513 117
456 0
413 289
443 276
190 64
320 135
223 165
369 346
539 418
290 268
256 20
487 449
293 32
309 211
441 305
405 264
457 316
542 142
421 319
414 39
476 126
363 238
480 57
391 341
424 399
481 311
125 12
441 301
543 468
543 503
344 30
540 364
424 307
402 148
384 315
296 166
425 291
261 258
360 125
310 65
468 44
516 257
539 225
503 240
502 269
466 298
218 11
277 14
539 138
469 305
516 424
396 286
284 133
542 309
396 111
254 215
527 193
412 181
478 383
404 99
486 459
339 105
427 270
311 21
432 23
504 4
69 23
276 121
406 16
247 72
113 57
221 86
338 334
222 193
426 210
341 282
541 233
303 200
476 244
231 174
525 84
415 120
316 220
453 103
454 439
502 470
502 477
532 129
158 154
220 169
549 450
321 97
522 119
539 149
517 222
233 20
308 253
254 196
234 127
518 145
449 359
474 70
216 20
352 302
386 166
409 245
25 6
304 288
514 141
482 61
289 166
452 27
278 46
327 98
498 418
303 4
503 76
236 203
323 147
494 134
184 29
186 71
540 113
341 108
532 366
232 90
388 308
124 106
138 79
354 57
384 162
417 395
464 295
170 83
523 343
154 113
368 85
410 134
402 387
368 92
423 299
306 94
406 296
488 48
292 212
244 68
490 244
236 11
494 250
525 363
422 339
429 418
447 133
427 240
84 6
511 41
279 115
252 18
454 333
69 47
328 240
415 162
76 44
350 262
41 1
312 36
75 35
127 120
420 235
244 131
133 116
538 367
527 513
289 105
361 95
476 426
80 74
391 169
523 65
224 138
81 22
419 268
414 14
361 328
526 38
455 94
468 214
490 15
309 147
512 47
534 28
387 270
251 77
174 170
502 78
119 95
264 39
280 235
436 9
294 30
303 50
409 96
172 4
105 14
328 5
207 100
401 109
445 28
230 206
464 11
478 428
139 64
435 267
229 200
131 114
274 123
230 224
407 286
386 270
200 104
393 81
363 339
529 156
517 215
468 313
549 55
301 206
517 279
545 351
517 367
430 309
392 322
503 179
442 176
398 117
477 12
516 235
239 100
334 31
501 207
292 261
373 351
497 355
438 12
272 215
381 253
395 354
364 54
448 415
403 337
333 155
131 118
400 371
362 84
191 166
434 20
497 293
537 386
254 176
148 76
247 151
477 179
539 183
453 145
276 135
409 364
372 133
383 101
267 26
318 252
460 229
468 203
322 2
349 278
168 92
527 500
278 219
296 237
544 326
400 169
461 250
430 357
482 332
453 165
379 346
432 185
451 59
190 137
315 167
444 281
109 57
505 59
527 126
519 118
499 334
453 308
497 372
392 389
170 5
371 134
216 193
382 318
154 122
490 419
358 335
466 184
129 36
207 47
543 105
452 216
340 295
530 347
498 303
325 78
470 184
130 8
526 241
437 394
456 380
319 37
175 131
205 51
203 23
164 4
537 298
87 56
149 118
480 286
349 207
262 71
514 102
483 225
308 229
549 86
41 0
484 111
540 47
540 431
475 234
213 138
281 61
467 75
237 235
460 16
266 109
345 300
422 265
459 313
496 106
132 114
409 204
367 235
379 360
386 252
513 365
489 91
250 90
227 217
527 470
433 418
277 177
455 118
15 4
495 117
423 135
481 14
408 92
513 492
509 49
264 114
370 280
364 296
451 204
439 424
501 43
250 242
337 302
486 142
237 46
344 327
321 3
457 343
470 223
416 52
179 82
499 290
124 119
460 15
68 19
521 99
320 191
302 136
285 39
386 274
389 72
136 124
270 265
359 33
343 156
446 352
516 232
365 348
395 79
375 179
460 60
441 177
545 419
502 82
260 218
315 103
443 178
493 259
309 275
369 33
397 248
510 6
365 257
409 395
308 51
420 287
528 449
458 64
506 182
363 203
445 48
480 203
374 59
274 264
227 182
429 8
248 208
364 218
375 233
405 330
171 95
515 490
317 86
459 70
256 43
415 372
76 68
488 473
348 305
323 76
544 462
448 405
539 451
494 246
500 473
82 4
429 379
326 182
531 125
505 242
538 260
363 242
225 71
489 98
469 313
421 398
219 158
376 213
250 228
80 9
330 136
441 8
523 263
439 310
543 521
505 1
510 422
448 298
518 413
434 278
540 416
449 427
535 198
226 170
247 157
89 37
285 111
430 21
244 113
381 293
363 334
521 240
392 162
160 157
334 15
417 40
524 301
349 326
342 101
449 287
433 396
368 10
361 177
344 133
289 44
503 323
502 115
436 125
335 44
253 243
547 186
547 434
303 128
210 134
408 113
541 478
294 274
432 216
422 194
114 73
470 172
188 34
408 308
496 377
473 67
496 141
337 191
515 21
140 7
387 9
150 129
205 47
493 176
205 123
444 390
491 103
484 393
335 161
339 180
282 250
353 15
339 213
325 210
548 315
326 155
204 169
112 61
172 151
534 71
322 171
423 151
66 19
322 263
477 23
491 362
529 231
339 150
455 303
254 75
449 179
405 332
534 347
175 7
397 12
342 323
529 331
418 279
214 178
111 88
537 39
258 216
366 353
265 117
244 231
457 421
548 32
284 100
375 369
148 128
245 0
547 468
542 51
381 349
537 211
404 92
485 175
516 148
421 267
279 238
524 508
515 26
414 302
368 290
410 73
332 65
486 411
393 28
359 37
253 100
265 250
404 316
186 177
349 228
158 25
345 227
490 194
288 79
234 221
401 293
512 208
300 203
206 180
317 275
529 311
508 425
288 99
514 103
418 12
493 307
523 313
404 205
462 125
536 470
429 26
361 93
366 135
291 236
526 479
319 221
424 310
322 165
484 422
489 350
548 94
214 3
178 32
528 107
466 194
299 77
496 437
128 39
93 45
429 355
517 33
406 176
250 230
364 45
521 102
417 351
393 203
308 60
386 174
436 346
467 67
466 188
511 496
235 86
135 120
481 29
538 407
294 91
365 297
256 165
461 305
393 30
187 30
408 138
455 190
121 100
256 104
279 119
270 186
525 357
356 46
411 219
164 98
306 286
235 18
377 220
270 216
361 36
501 148
497 258
457 301
45 18
389 185
244 32
345 130
337 81
537 31
290 115
280 167
403 197
492 329
276 263
483 78
456 390
463 419
209 90
92 53
360 251
523 395
346 20
128 26
355 325
503 185
308 139
224 133
163 53
520 21
109 45
508 23
318 201
504 43
391 48
474 246
481 63
246 101
227 158
424 401
259 148
531 282
540 270
538 261
482 131
498 186
529 306
140 81
230 108
500 182
513 200
258 105
389 99
259 52
231 19
531 129
399 240
403 142
215 196
178 81
453 444
475 82
333 276
395 251
75 70
472 375
413 114
328 9
419 59
524 185
517 303
304 277
384 280
341 273
381 89
104 27
230 191
365 27
371 242
210 190
410 272
127 94
548 275
449 368
385 107
522 466
371 232
543 239
531 200
432 291
326 300
475 474
464 233
529 508
314 73
286 105
450 339
532 3
445 399
547 383
515 422
97 38
381 44
503 318
392 130
190 46
271 219
421 146
524 515
451 443
264 224
362 222
163 148
519 21
259 154
308 125
533 345
495 253
236 80
537 100
306 296
484 284
246 55
456 135
527 323
296 252
540 250
365 18
122 32
451 412
338 141
378 240
427 334
466 371
189 122
504 185
336 183
307 35
463 442
336 127
459 281
431 253
339 119
541 60
374 243
538 517
328 10
263 61
367 282
440 331
210 188
457 167
480 204
533 386
457 204
191 40
422 132
200 14
452 285
327 275
435 301
220 8
285 3
177 175
385 260
297 18
477 101
156 75
545 526
361 202
353 149
367 181
504 470
518 152
229 102
508 59
242 186
184 130
170 10
483 330
498 6
468 375
458 261
402 275
319 177
508 353
377 308
502 198
454 393
364 134
122 90
521 175
277 75
179 72
220 211
446 16
98 25
506 194
434 294
545 400
381 40
461 190
416 229
464 403
113 103
508 157
448 308
265 6
172 148
476 345
195 42
508 95
423 163
549 181
393 134
537 461
266 179
264 165
415 99
317 210
398 156
325 181
437 387
374 77
523 163
205 89
515 218
322 203
411 210
500 217
398 92
181 0
170 74
276 84
342 174
501 72
277 235
509 411
373 229
357 231
434 429
408 192
448 124
302 140
134 18
467 72
341 107
223 64
477 74
529 19
159 39
449 222
358 223
330 203
421 257
86 78
492 105
511 237
44 1
236 55
529 521
345 294
514 336
289 102
526 77
272 173
485 93
472 93
265 132
429 58
75 53
496 77
339 125
212 203
461 347
536 249
302 250
322 279
509 50
315 242
548 450
246 177
392 126
259 223
414 229
357 168
348 89
459 296
364 277
524 445
96 14
293 161
129 78
472 69
547 514
75 11
424 324
532 198
385 256
381 235
531 197
193 171
479 114
495 170
277 209
420 60
243 14
522 2
543 316
416 329
524 139
536 240
365 199
68 4
362 143
484 444
465 122
379 317
88 48
103 81
541 250
324 37
534 481
189 178
317 286
450 282
245 56
526 205
513 356
370 342
503 454
542 433
346 156
305 288
458 405
498 392
258 241
465 220
307 141
192 44
500 424
326 293
94 49
439 34
138 59
349 176
535 189
546 241
374 35
275 259
113 52
470 208
538 271
360 116
211 201
226 207
128 72
347 184
454 190
280 271
262 220
504 33
421 338
185 30
195 190
210 35
487 139
351 67
447 317
478 84
491 155
379 145
438 270
99 68
455 156
456 340
191 144
299 41
526 227
394 177
336 165
408 15
360 64
423 208
372 98
336 314
509 27
490 100
344 171
548 222
520 272
301 278
450 104
367 48
355 62
498 329
201 83
407 340
465 429
492 89
328 37
493 277
394 263
408 47
328 162
241 203
424 204
472 345
501 144
161 129
254 76
295 15
392 312
475 264
547 154
228 164
320 2
390 11
282 44
196 171
403 18
444 42
353 95
548 515
446 387
453 136
40 27
167 71
531 66
515 205
312 207
540 374
482 326
548 527
359 171
481 167
535 447
238 67
327 282
528 454
477 133
486 239
384 213
515 382
485 164
199 12
462 17
512 252
427 332
90 74
333 293
197 57
496 449
452 361
248 32
440 55
344 63
171 122
528 485
202 152
311 129
302 225
377 317
496 259
425 231
533 223
176 136
273 87
495 251
433 135
173 18
484 420
495 45
476 456
494 370
439 297
459 419
528 35
228 12
97 6
398 213
171 152
108 35
193 13
411 45
500 80
411 113
499 17
425 7
458 291
482 441
24 17
83 81
499 55
321 145
186 128
130 2
164 113
216 179
434 320
153 57
418 343
436 362
494 212
474 91
320 312
544 111
500 280
259 212
537 1
491 337
387 15
221 207
523 468
389 157
432 50
141 60
436 50
71 63
188 29
441 135
461 452
442 39
404 277
306 269
399 385
427 83
529 283
488 131
303 123
502 374
484 455
548 348
238 151
449 44
544 380
461 98
245 222
439 386
269 205
324 156
452 158
355 248
200 185
226 136
487 81
510 477
351 276
348 169
404 179
398 51
340 81
355 223
356 349
544 314
467 174
164 107
149 84
384 277
117 86
169 7
267 37
397 106
279 104
266 121
156 138
295 239
350 179
377 191
244 162
321 272
338 202
164 81
400 96
294 215
443 393
369 317
171 82
309 61
412 304
154 74
365 326
173 105
546 516
407 367
494 187
285 31
461 98
355 227
511 207
246 222
183 90
64 47
507 500
191 60
442 118
434 13
546 437
522 340
538 460
166 77
423 255
419 194
208 94
267 162
516 425
377 283
424 158
447 365
363 258
537 506
196 112
281 113
471 44
85 0
543 463
217 177
377 142
530 465
327 268
94 25
183 117
342 46
28 10
408 92
321 157
507 307
367 326
442 251
476 210
433 208
340 83
108 43
409 149
438 418
449 115
385 123
492 442
474 427
506 67
533 137
165 103
517 367
71 40
440 379
437 339
70 49
210 208
370 170
454 237
419 377
395 103
503 364
347 229
251 24
249 173
362 41
441 397
448 56
534 75
433 339
25 10
325 272
482 96
455 435
217 72
444 387
428 328
386 259
107 45
332 56
362 264
445 11
490 424
521 345
469 190
382 194
479 38
308 109
530 248
513 359
98 10
443 82
404 152
252 250
405 300
209 135
112 24
391 99
452 154
419 283
514 359
479 217
80 42
531 287
414 225
442 188
255 210
198 18
278 63
310 33
434 348
334 171
515 277
547 65
542 127
216 195
220 197
341 145
288 74
271 267
539 471
472 316
504 428
267 130
463 364
521 35
435 205
330 163
475 49
368 96
464 17
370 296
534 507
248 194
269 228
316 247
538 217
100 91
382 220
251 157
303 112
545 68
172 69
173 150
437 34
331 152
145 83
445 306
485 321
90 17
543 384
541 334
295 244
487 396
521 74
477 144
424 194
489 61
462 259
166 46
377 89
437 371
549 60
143 55
449 304
192 13
496 321
334 204
510 175
142 92
346 130
450 194
533 432
113 2
376 237
543 278
517 58
462 391
122 45
196 149
140 3
401 111
465 0
273 265
332 52
473 223
347 80
481 398
202 27
389 122
407 73
424 304
377 303
490 405
281 72
538 500
295 274
391 121
371 198
370 92
469 57
434 131
413 267
333 145
475 300
350 51
410 187
549 331
159 150
395 189
503 395
284 2
18 2
336 182
442 307
284 189
468 120
131 60
83 18
187 164
366 13
521 161
423 202
376 170
281 163
432 267
513 97
524 60
405 208
352 351
365 329
380 84
192 140
167 19
531 422
453 421
341 63
442 5
493 156
285 202
458 294
511 130
338 243
344 263
318 43
515 225
278 1
543 138
492 395
358 21
411 273
420 334
280 161
328 158
524 418
366 23
411 318
110 51
203 184
330 31
353 234
425 5
352 186
174 59
352 76
338 117
522 385
528 156
387 163
316 19
152 39
298 152
496 290
423 378
423 300
311 178
420 346
389 211
284 272
266 163
401 267
344 60
230 45
435 425
510 159
370 178
470 320
442 163
465 311
393 269
358 113
256 40
379 364
529 242
356 285
542 470
75 42
398 271
516 487
297 261
440 215
383 308
463 203
445 259
477 334
521 478
547 211
408 78
539 142
336 300
266 60
331 116
458 301
245 21
491 114
211 144
462 123
425 356
280 217
498 300
450 200
288 2
337 98
198 93
318 259
498 491
398 222
245 172
360 338
252 51
507 270
468 458
398 41
535 171
472 333
510 387
514 353
514 398
416 88
281 231
465 188
483 415
283 76
261 127
305 180
544 318
310 201
511 408
375 24
528 78
523 369
93 66
386 264
191 148
502 127
118 85
442 296
247 227
444 58
500 452
327 311
232 138
232 116
358 187
350 16
394 176
45 25
62 22
195 114
450 421
440 421
200 92
230 22
280 240
357 31
471 425
99 94
322 108
225 83
432 406
385 29
415 315
467 291
435 103
547 276
431 417
379 195
490 126
292 240
333 246
172 95
401 85
288 42
480 383
447 69
395 102
443 238
537 440
467 198
277 238
491 180
329 36
488 181
323 239
357 272
124 98
353 301
223 160
482 362
255 148
87 31
526 465
500 176
494 119
121 50
239 180
168 137
284 179
400 268
533 255
519 105
135 40
542 475
402 29
402 19
514 299
440 297
431 165
313 285
399 41
360 233
425 138
80 73
199 107
437 3
504 451
478 314
231 16
430 2
150 111
500 80
308 265
317 224
335 175
269 57
348 255
77 41
245 118
257 172
326 264
188 5
66 10
151 83
399 274
381 189
484 179
179 23
441 284
439 308
321 78
526 331
208 136
327 181
442 411
534 217
416 30
423 208
538 465
178 27
226 223
476 51
544 224
409 48
244 79
543 200
198 40
531 413
179 82
425 62
357 270
240 8
478 149
54 34
406 352
428 149
107 100
478 466
148 109
323 247
370 210
425 319
437 161
441 208
231 137
93 56
495 416
265 2
128 28
183 49
146 105
445 37
548 338
354 132
543 534
516 64
412 270
445 89
413 286
517 170
513 365
375 149
438 278
338 278
77 50
514 399
106 49
428 295
303 195
462 336
455 237
511 348
133 43
539 483
459 320
429 57
268 115
432 128
312 92
278 64
115 43
460 65
514 442
449 319
485 410
374 298
548 336
445 325
246 141
510 403
283 12
511 404
490 386
530 526
471 281
144 1
346 246
276 274
283 249
389 333
539 391
221 218
350 147
505 165
385 224
266 228
422 212
533 507
436 183
394 82
323 80
228 150
370 6
210 72
491 463
525 398
462 302
169 55
107 57
303 193
534 524
184 4
142 141
85 49
86 53
176 59
214 159
328 215
156 107
517 378
429 343
157 144
496 17
494 87
192 160
436 261
501 277
498 357
506 303
198 45
419 355
402 306
397 330
362 208
536 446
65 16
168 55
460 415
498 225
430 298
49 20
441 372
305 215
233 46
129 26
246 178
543 100
444 286
402 129
399 30
531 240
191 59
269 199
508 312
516 381
421 45
538 185
494 486
154 108
405 341
393 14
491 402
425 207
472 255
333 45
220 9
399 247
515 384
467 457
308 281
134 96
536 171
310 49
415 208
124 107
272 49
296 136
346 291
180 127
268 228
487 248
448 224
224 0
518 211
277 266
292 173
402 37
335 131
508 397
235 189
531 32
497 229
542 294
522 34
506 404
265 6
205 70
319 262
197 168
144 3
531 347
219 57
462 439
247 171
501 341
413 65
210 101
530 445
50 24
224 127
501 462
301 116
505 94
544 19
532 487
109 87
147 63
469 268
251 88
382 204
491 69
438 161
426 227
480 447
459 235
521 307
82 49
289 80
229 188
522 461
140 78
360 316
457 42
499 310
402 308
424 374
463 366
432 331
453 311
380 298
488 303
122 106
208 85
341 324
204 151
385 333
495 314
281 124
332 90
178 115
377 312
542 306
74 65
538 409
376 86
331 230
93 5
141 65
497 143
456 337
325 198
456 335
542 440
508 405
361 220
285 177
327 193
197 171
450 213
510 231
532 156
409 45
292 65
527 522
300 76
393 389
436 365
178 156
332 141
450 344
480 419
527 252
307 43
545 490
410 407
234 205
475 21
370 111
372 304
156 144
311 118
229 218
439 34
194 126
462 293
429 182
506 360
169 17
128 67
500 194
505 66
407 248
278 240
470 398
434 74
455 151
323 108
544 76
322 199
352 97
466 389
372 11
479 415
468 292
291 57
468 187
144 124
377 260
229 213
186 146
494 88
488 5
472 109
479 207
247 158
446 295
276 73
317 86
136 73
368 45
197 158
381 238
206 65
239 185
168 36
325 81
416 231
143 134
497 398
522 185
488 69
301 265
177 156
211 4
453 225
344 295
364 126
192 122
546 360
327 121
168 58
324 145
381 347
501 296
495 398
462 335
356 68
312 215
471 376
221 196
507 349
401 4
133 16
503 92
427 105
299 93
536 322
385 129
505 215
541 36
406 341
207 130
505 3
291 133
516 472
159 134
305 250
517 172
521 430
236 201
97 6
430 125
525 119
414 388
519 141
313 274
395 199
518 34
507 436
262 97
207 99
65 56
361 94
231 153
496 71
166 103
252 227
311 161
488 456
95 19
417 107
481 25
445 317
317 181
485 458
364 328
440 182
291 120
293 129
341 282
483 173
363 188
346 92
493 145
435 51
507 140
363 37
253 60
83 81
213 190
248 224
306 181
295 127
314 255
337 34
385 279
519 112
357 331
366 298
436 181
370 299
278 188
243 9
492 115
246 204
503 466
437 414
386 178
341 301
328 22
422 189
260 237
320 186
506 377
326 135
272 225
185 116
56 33
501 228
355 95
415 182
213 80
534 1
221 49
266 178
195 89
439 410
450 195
502 1
471 40
519 68
538 180
400 197
545 79
489 294
85 60
447 312
166 44
397 239
216 163
370 2
295 82
416 29
494 435
43 1
489 238
461 191
264 135
537 346
98 74
505 71
386 170
469 452
280 151
158 60
533 280
206 128
516 482
134 28
511 44
537 480
490 375
342 209
489 351
539 59
198 134
177 30
518 23
489 407
517 337
399 286
528 433
379 79
355 342
371 151
362 4
358 63
437 352
469 68
252 83
462 53
225 143
543 84
116 67
200 10
221 57
479 395
511 131
487 118
124 32
225 121
503 295
194 101
464 412
536 185
306 140
277 246
449 190
486 84
312 257
216 49
337 108
354 240
517 297
461 309
318 254
251 35
396 11
519 396
498 84
323 282
224 52
486 399
430 103
294 150
351 107
129 108
466 215
525 465
449 126
276 96
273 244
313 250
125 115
443 300
521 81
424 307
55 5
205 27
509 199
274 162
66 24
313 177
441 162
230 55
254 235
464 291
35 11
409 360
367 257
460 418
422 191
146 8
391 330
454 366
186 41
301 6
413 44
456 146
541 225
504 343
444 71
398 279
389 377
487 234
205 193
282 100
422 414
363 101
423 8
278 22
421 409
187 70
439 191
370 275
180 126
493 406
418 65
519 450
505 177
513 98
280 44
397 98
316 216
498 325
549 537
298 163
477 413
363 342
287 145
333 120
211 58
432 154
519 179
343 51
350 32
213 96
538 472
496 44
434 209
309 170
287 260
486 327
498 21
437 182
300 252
76 57
496 262
513 162
274 188
384 164
514 364
334 233
402 24
234 126
437 95
518 121
434 36
400 392
239 158
465 183
188 128
380 82
424 309
165 80
435 238
539 487
269 232
335 88
413 152
408 127
394 25
510 147
512 381
209 197
519 289
314 161
381 307
107 18
251 113
537 264
438 285
462 301
461 403
481 224
256 125
175 126
54 39
365 164
494 217
284 222
158 144
494 58
500 472
349 100
377 239
226 185
219 7
434 354
421 221
354 88
421 12
540 492
422 336
276 130
394 80
149 104
45 7
162 35
432 1
410 138
351 229
391 167
493 299
446 155
459 217
181 131
287 20
531 325
230 29
165 13
268 174
382 3
305 103
178 21
272 226
484 391
549 270
197 73
433 160
139 115
330 301
235 92
177 143
217 204
146 123
476 263
349 74
483 23
512 47
454 182
226 128
520 289
520 82
467 312
415 36
536 394
450 51
524 432
284 1
285 270
109 52
321 281
491 323
337 272
504 431
427 370
130 4
318 117
234 118
325 293
359 8
495 451
183 93
510 428
260 188
311 125
379 233
521 366
543 82
516 28
208 135
469 241
497 353
447 379
147 135
118 6
147 104
195 165
463 333
392 199
240 83
254 7
363 246
412 193
317 80
301 178
191 65
283 50
204 150
172 89
90 13
336 271
56 40
365 64
430 422
421 114
436 331
527 458
416 210
398 252
488 343
239 105
143 132
386 122
462 308
280 159
495 472
464 277
313 291
80 55
330 15
89 43
333 132
538 25
314 32
487 5
425 280
184 40
209 176
269 35
441 166
134 63
445 0
401 167
425 399
304 98
386 233
369 255
472 186
341 26
114 103
543 396
66 57
82 54
533 222
180 73
371 364
418 86
251 239
521 419
346 43
510 28
273 4
349 334
115 109
130 92
440 98
406 301
414 153
476 17
446 134
390 76
440 116
196 43
400 226
508 302
185 157
442 174
92 74
264 145
501 173
474 147
431 14
482 410
446 150
415 211
177 121
311 4
488 374
374 36
132 44
404 329
227 190
216 180
389 63
419 107
222 30
392 217
256 90
365 239
430 116
426 33
494 444
487 201
403 26
451 3
317 163
278 55
515 404
539 400
209 139
234 32
385 102
228 207
532 40
432 219
476 83
512 251
522 351
380 265
459 386
443 154
544 464
101 83
461 413
67 44
311 3
519 330
151 94
482 154
420 86
243 172
176 141
58 48
279 44
414 313
379 2
270 148
383 79
541 318
527 446
145 93
519 474
273 132
222 186
444 274
298 32
524 174
470 38
277 248
505 211
304 114
518 340
479 467
471 470
178 95
171 96
443 354
509 449
499 191
362 129
518 19
367 353
409 302
273 19
544 159
449 88
498 350
495 13
417 123
507 117
214 83
445 326
160 158
201 47
395 325
426 331
412 370
532 124
302 4
539 399
388 165
250 33
533 414
339 28
212 104
516 511
47 41
521 423
369 102
106 29
392 345
549 111
263 159
267 198
491 270
137 37
371 288
24 12
494 254
505 380
257 0
443 430
277 228
498 386
452 392
474 218
209 8
289 194
471 251
274 98
434 395
500 458
305 158
442 172
375 373
347 142
361 321
400 78
105 88
488 357
474 81
515 504
499 430
378 167
20 1
369 92
465 3
511 112
177 128
319 83
232 73
200 152
388 175
516 391
372 179
513 138
51 5
489 310
363 85
360 330
472 51
354 42
487 196
384 357
426 395
272 32
277 17
117 41
477 20
459 275
421 176
349 48
539 500
503 456
507 493
380 245
396 286
62 32
169 143
535 220
450 321
462 228
19 0
371 293
464 75
440 336
293 194
312 232
396 311
385 222
484 85
264 171
169 140
124 11
438 101
430 87
119 87
395 263
329 18
133 28
450 166
205 35
477 378
452 38
358 267
527 92
472 122
381 199
472 288
525 239
368 138
547 466
307 142
392 41
521 368
166 65
463 281
454 153
461 127
305 155
462 318
506 42
313 153
393 343
301 81
273 168
523 82
322 120
295 189
112 31
382 49
417 400
313 46
518 278
419 13
457 236
477 119
275 174
270 190
71 21
449 362
304 299
504 49
440 382
505 435
183 162
496 104
229 55
521 494
449 37
312 68
406 255
78 18
490 437
466 194
278 259
301 118
478 462
259 196
205 117
480 360
297 233
400 144
91 66
316 192
483 453
396 246
468 462
429 50
224 89
116 71
271 253
415 237
287 32
483 74
549 51
535 390
505 44
460 282
35 31
213 178
282 114
406 187
430 129
425 110
523 453
533 105
486 167
385 296
188 36
245 128
486 244
487 363
494 27
467 108
321 25
279 24
398 354
313 187
204 130
359 40
498 430
429 41
52 33
398 208
520 430
156 20
308 244
387 284
153 2
325 313
491 95
226 21
466 67
483 309
341 162
399 19
334 254
374 186
317 4
547 512
172 148
174 112
523 42
158 93
521 292
245 85
398 6
312 234
459 102
134 20
421 337
471 252
