400 1200 400 1200
297 201
227 68
371 119
247 220
303 75
317 115
192 112
365 353
233 87
256 7
313 273
315 310
27 10
248 13
232 139
372 292
242 10
327 27
200 23
181 92
384 63
122 7
218 42
68 40
316 78
63 29
384 301
209 109
311 41
264 103
380 210
324 87
253 134
67 44
391 369
86 16
306 236
390 278
78 50
208 149
279 96
174 18
81 28
160 150
307 284
164 2
210 83
389 350
358 194
23 17
252 212
51 36
357 345
308 31
340 216
330 303
376 152
362 106
315 193
158 148
393 113
220 63
133 68
274 106
258 50
101 78
38 14
322 270
175 116
380 349
165 109
267 183
342 192
57 41
340 45
261 42
281 27
364 106
227 18
311 305
238 132
50 47
389 354
359 17
306 289
292 124
299 148
203 44
96 75
289 282
268 222
232 121
73 32
289 202
134 129
266 118
374 6
68 1
371 76
181 156
244 34
328 13
363 64
347 272
143 50
291 113
259 99
346 106
317 219
274 257
349 168
265 78
292 218
314 68
378 366
366 156
374 129
177 14
142 141
270 189
167 9
187 156
128 84
296 265
264 160
336 328
350 197
301 98
126 20
144 108
295 25
262 74
259 64
303 91
300 237
164 82
387 278
317 169
313 235
342 299
85 80
142 62
104 6
378 188
177 112
166 26
235 101
278 188
260 237
182 13
292 43
319 170
387 135
98 37
157 9
252 115
90 73
240 120
99 36
371 237
276 246
387 369
375 275
396 87
377 179
310 75
245 99
321 316
315 228
91 2
117 95
344 269
313 1
244 90
61 42
185 35
71 29
286 283
116 115
306 292
313 253
299 137
383 7
332 123
299 46
191 148
175 123
276 120
353 242
369 7
366 125
130 110
187 176
322 228
182 106
219 130
339 190
328 232
208 96
217 95
336 56
65 14
343 338
321 136
144 45
376 2
213 98
172 19
368 25
196 133
366 86
363 80
375 362
145 144
273 109
393 70
325 25
130 54
206 144
270 62
387 357
384 336
376 4
379 248
388 116
156 139
107 86
153 54
310 193
233 219
304 55
95 73
66 49
259 92
347 194
199 99
145 120
379 64
360 293
225 27
198 63
333 286
317 232
110 26
305 273
285 223
252 88
344 331
160 132
128 61
165 9
217 30
269 245
357 351
378 132
361 111
365 358
190 37
205 203
358 222
68 23
209 77
357 147
215 123
52 27
188 135
286 153
57 19
336 22
322 112
358 51
276 253
265 256
270 215
261 61
314 121
259 155
398 285
139 107
280 61
301 215
159 44
102 42
310 218
258 143
326 93
326 274
283 157
315 249
144 64
158 14
168 65
230 85
138 123
115 30
377 72
192 181
211 5
362 185
378 239
242 56
200 91
381 62
175 30
258 166
238 131
395 141
225 223
242 226
349 297
151 105
377 190
373 83
370 176
326 117
234 192
321 292
348 288
340 233
350 4
329 137
246 53
216 176
309 261
286 240
178 100
303 223
384 192
150 15
333 261
38 34
22 17
347 274
300 276
20 13
273 262
358 243
393 290
253 218
382 298
314 140
395 198
240 86
346 304
272 3
372 237
136 58
335 238
263 57
318 58
182 3
250 54
351 274
107 45
78 24
359 306
118 66
218 102
374 295
362 120
132 63
235 125
287 230
304 74
254 7
381 110
340 158
319 312
317 259
177 143
365 323
351 91
390 107
333 189
179 157
328 46
372 113
195 179
365 110
312 115
366 8
188 178
317 76
266 194
262 28
184 33
319 256
381 9
217 56
335 219
34 19
334 170
145 142
398 25
341 312
42 29
372 180
187 89
72 64
282 216
346 268
231 45
368 248
354 352
375 151
190 64
320 135
223 165
369 346
186 156
290 268
256 20
194 16
293 32
309 211
330 184
285 148
107 72
298 90
387 147
380 42
194 95
363 238
246 70
391 341
375 37
136 74
125 12
267 28
150 46
349 82
344 30
152 83
266 17
362 207
384 315
296 166
360 1
261 258
360 125
310 65
231 54
337 333
149 123
343 304
218 100
216 61
218 11
277 14
368 105
323 44
362 170
396 286
284 133
193 43
396 111
254 215
333 125
290 33
213 110
337 136
383 336
339 105
380 85
311 21
311 107
333 255
69 23
276 121
254 46
247 72
113 57
221 86
338 334
222 193
56 5
341 282
339 157
303 200
300 222
231 174
247 239
256 214
316 220
196 61
222 0
351 24
336 96
285 159
158 154
220 169
280 123
321 97
155 111
106 40
270 103
233 20
308 253
254 196
234 127
372 281
299 232
195 193
216 20
352 302
386 166
394 93
25 6
304 288
72 28
368 39
289 166
106 75
278 46
327 98
367 237
303 4
334 159
236 203
323 147
160 158
184 29
186 71
373 221
341 108
374 226
232 90
388 308
124 106
138 79
354 57
384 162
192 1
46 42
170 83
89 53
154 113
368 85
286 258
393 327
368 92
322 226
306 94
372 249
271 239
292 212
244 68
304 31
236 11
370 227
195 152
279 118
343 172
154 147
383 184
84 6
364 124
279 115
252 18
92 83
69 47
328 240
251 107
76 44
350 262
41 1
312 36
75 35
127 120
218 17
244 131
133 116
196 39
382 37
289 105
361 95
153 112
80 74
391 169
312 172
224 138
81 22
212 87
135 25
361 328
339 215
378 230
151 12
373 323
309 147
285 172
217 123
387 270
251 77
174 170
346 280
119 95
264 39
280 235
385 301
294 30
303 50
286 205
172 4
105 14
328 5
207 100
301 124
260 132
230 206
312 267
331 121
139 64
344 150
229 200
131 114
274 123
230 224
216 81
386 270
200 104
393 81
363 339
227 146
237 101
198 92
124 114
301 206
393 262
262 67
213 71
386 177
392 322
306 192
112 20
398 117
343 104
346 196
239 100
334 31
328 45
292 261
373 351
384 229
353 203
272 215
381 253
395 354
364 54
269 196
276 157
333 155
131 118
333 226
362 84
191 166
374 342
326 63
373 126
254 176
148 76
247 151
292 3
298 283
399 40
276 135
330 58
372 133
383 101
267 26
318 252
264 216
167 92
322 2
349 278
168 92
392 275
278 219
296 237
182 63
136 5
394 33
238 104
369 64
225 113
379 346
310 294
200 126
190 137
315 167
134 127
109 57
307 109
329 144
251 240
184 105
348 240
396 32
392 389
170 5
371 134
216 193
382 318
154 122
82 58
358 335
383 340
129 36
207 47
333 249
381 339
340 295
152 150
332 163
325 78
395 173
130 8
297 139
246 165
386 87
319 37
175 131
205 51
203 23
164 4
383 379
87 56
149 118
174 89
349 207
262 71
294 217
175 93
308 229
345 317
41 0
363 361
266 64
168 166
155 105
213 138
281 61
266 2
237 235
229 142
266 109
345 300
262 183
192 136
381 231
132 114
168 18
367 235
379 360
386 252
335 179
124 74
250 90
227 217
186 157
292 77
277 177
386 143
15 4
323 9
296 189
141 22
335 301
123 70
374 106
264 114
370 280
364 296
371 279
88 14
327 32
250 242
337 302
211 180
237 46
344 327
321 3
104 29
349 313
194 52
179 82
240 52
124 119
322 114
68 19
229 72
320 191
302 136
285 39
386 274
389 72
136 124
270 265
359 33
343 156
270 220
266 159
365 348
395 79
375 179
364 240
357 327
321 290
130 101
260 218
315 103
399 68
100 3
309 275
369 33
397 248
85 55
365 257
234 168
308 51
226 23
298 263
184 39
367 280
363 203
340 85
338 127
374 59
274 264
227 182
27 4
248 208
364 218
375 233
281 181
171 95
139 1
317 86
221 17
256 43
344 162
76 68
200 61
348 305
323 76
325 295
228 9
394 45
324 35
315 160
82 4
74 47
326 182
371 144
318 293
388 128
363 242
225 71
386 110
327 159
284 275
219 158
376 213
250 228
80 9
330 136
361 264
322 163
320 131
307 292
112 48
117 11
193 188
202 148
241 169
158 81
245 244
284 123
226 170
247 157
89 37
285 111
374 121
244 113
381 293
363 334
239 38
392 162
160 157
334 15
274 57
287 84
349 326
342 101
324 201
279 176
368 10
361 177
344 133
289 44
366 77
311 108
158 115
335 44
253 243
397 194
398 180
303 128
210 134
36 27
17 13
294 274
305 269
307 148
114 73
329 107
188 34
351 59
77 31
165 63
390 145
337 191
202 157
140 7
387 9
150 129
205 47
173 14
205 123
370 222
366 167
188 158
335 161
339 180
282 250
353 15
339 213
325 210
358 86
326 155
204 169
112 61
172 151
357 241
322 171
342 186
66 19
322 263
385 106
365 165
357 238
339 150
248 192
254 75
140 51
364 196
182 131
175 7
397 12
342 323
288 239
282 158
214 178
111 88
214 2
258 216
366 353
265 117
244 231
277 227
216 105
284 100
375 369
148 128
245 0
378 91
346 45
381 349
309 106
304 229
381 333
388 89
374 150
279 238
353 254
180 169
69 64
368 290
39 33
332 65
304 170
393 28
359 37
253 100
265 250
283 8
186 177
349 228
158 25
345 227
75 47
288 79
234 221
268 120
318 270
300 203
206 180
317 275
231 6
359 216
288 99
204 40
273 132
227 188
271 131
369 163
264 179
214 25
162 42
361 93
366 135
291 236
222 52
319 221
108 45
322 165
257 61
385 145
285 61
214 3
178 32
259 102
155 53
299 77
316 156
128 39
93 45
208 56
361 323
218 160
250 230
364 45
286 56
126 71
393 203
308 60
386 174
127 49
371 201
346 345
271 1
235 86
135 120
375 244
396 7
294 91
365 297
256 165
355 17
393 30
187 30
397 10
169 13
121 100
256 104
279 119
270 186
303 208
356 46
373 310
164 98
306 286
235 18
377 220
270 216
361 36
319 124
223 161
263 118
45 18
389 185
244 32
345 130
337 81
362 35
290 115
280 167
284 86
81 30
276 263
387 260
62 8
362 325
209 90
92 53
360 251
237 78
346 20
128 26
355 325
331 5
308 139
224 133
163 53
20 5
109 45
245 58
318 201
109 1
391 48
386 217
292 14
246 101
227 158
279 59
259 148
286 144
398 26
191 112
222 146
291 99
323 221
140 81
230 108
323 47
167 129
258 105
389 99
259 52
231 19
275 20
399 240
224 125
215 196
178 81
370 67
203 2
333 276
395 251
75 70
199 91
225 171
328 9
255 212
240 127
317 290
304 277
384 280
341 273
381 89
104 27
230 191
365 27
371 242
210 190
235 146
127 94
287 69
123 114
385 107
174 139
371 232
316 187
332 71
357 35
326 300
128 48
358 2
349 132
314 73
286 105
337 48
360 63
218 165
126 23
387 109
97 38
381 44
230 14
392 130
190 46
271 219
325 26
106 73
43 22
264 224
362 222
163 148
395 333
259 154
308 125
321 147
128 58
236 80
229 87
306 296
370 255
246 55
308 210
145 95
346 114
272 25
203 80
221 69
375 69
216 138
276 192
178 105
160 100
332 249
314 300
343 213
192 137
302 291
310 105
175 126
396 321
250 249
169 111
341 230
386 218
314 162
316 184
364 61
332 290
115 69
262 41
294 97
354 36
384 301
355 165
397 24
167 95
328 173
343 234
105 39
205 144
367 23
189 45
360 187
219 75
270 183
260 85
351 279
341 37
366 318
329 214
331 89
380 356
173 82
362 155
295 50
338 127
395 195
334 280
291 245
186 63
361 84
79 34
231 137
361 309
198 36
375 318
386 178
266 173
170 127
334 40
319 220
281 221
391 176
345 295
258 23
350 134
360 193
300 212
358 156
123 26
221 174
359 348
399 106
37 27
234 202
256 235
96 82
305 72
369 326
134 5
279 241
365 319
250 106
378 45
301 81
338 198
157 118
83 48
127 97
397 127
58 52
157 106
49 29
61 2
326 309
161 89
351 86
346 43
376 7
206 148
347 211
215 185
183 147
142 50
286 243
319 245
268 16
65 44
139 105
285 82
342 140
253 198
361 264
89 63
43 1
323 118
385 323
357 197
89 52
395 159
255 68
217 15
395 286
180 162
209 77
160 98
323 127
52 40
103 47
349 299
222 18
247 208
339 262
163 6
297 108
359 118
258 48
332 15
317 220
243 213
337 253
321 3
338 133
288 5
324 222
220 36
257 73
260 249
220 141
319 174
352 121
242 210
161 153
356 295
305 39
71 63
266 188
210 187
159 149
358 181
382 174
244 30
114 2
53 20
64 59
211 188
271 243
230 79
257 225
398 93
273 92
160 145
232 74
386 158
217 196
245 216
351 335
247 115
329 94
222 48
268 171
357 327
386 292
294 266
361 29
375 165
365 237
381 316
68 54
390 199
282 43
154 152
91 4
281 81
378 306
234 62
346 330
350 271
153 111
367 137
19 7
237 138
329 146
285 16
303 78
125 116
385 380
155 100
124 85
346 90
227 58
315 109
258 37
131 43
162 33
389 125
347 94
396 277
367 343
386 103
217 107
259 224
224 195
351 318
173 23
312 225
265 260
360 212
319 233
285 61
325 82
357 351
49 24
192 9
190 24
191 188
334 261
101 96
195 150
390 198
290 230
110 40
243 110
215 118
86 5
135 93
276 0
52 4
395 244
339 256
393 264
319 315
373 252
235 16
254 253
185 166
112 99
163 100
233 53
66 5
198 25
275 65
353 66
322 24
305 122
277 147
348 50
393 38
108 93
373 86
322 238
374 261
105 82
391 81
243 104
275 46
188 13
250 23
314 22
258 66
276 18
364 256
378 175
394 232
216 41
55 25
77 5
32 5
365 149
258 55
123 48
340 138
248 167
329 104
336 225
194 144
328 180
383 265
362 344
357 297
208 183
284 198
365 122
361 183
168 80
130 25
340 77
215 189
257 65
234 59
322 275
349 37
262 256
376 201
261 5
177 40
336 288
198 97
252 212
319 74
154 36
75 63
386 262
399 311
195 59
336 0
102 9
244 83
343 102
395 190
389 301
333 257
272 234
392 339
228 154
358 333
377 184
372 313
286 266
216 195
213 100
274 229
244 205
198 166
350 39
161 71
359 97
370 323
253 141
204 95
362 89
280 139
286 11
228 103
267 198
124 120
308 60
365 168
98 20
383 302
396 162
267 99
374 311
53 42
230 111
316 31
59 2
47 45
353 320
385 162
315 231
341 239
234 189
298 24
146 131
288 140
319 79
268 13
244 69
367 106
158 6
367 363
360 226
152 95
276 214
289 279
285 42
348 160
185 109
350 276
291 153
298 249
211 54
191 173
313 241
211 65
211 2
88 35
397 232
296 161
365 20
328 255
145 118
324 15
351 264
369 53
187 145
125 41
359 243
170 113
327 57
177 145
299 288
371 141
173 90
270 35
269 238
214 86
183 81
59 7
213 54
246 20
373 257
242 111
379 325
358 73
261 171
208 174
299 199
35 24
368 0
46 21
397 361
88 41
283 165
355 95
70 67
297 13
260 49
392 297
158 16
249 74
67 22
301 223
318 116
188 143
345 65
232 203
78 55
383 112
139 136
217 186
239 93
203 144
370 103
318 4
137 41
150 0
136 98
278 45
212 118
390 88
330 139
229 100
339 73
387 132
334 12
398 293
326 199
172 25
374 183
288 85
84 33
182 151
391 384
304 25
217 28
331 297
63 61
372 327
157 51
152 77
170 3
319 87
324 207
182 168
263 56
327 293
338 24
296 229
231 186
332 279
388 156
202 200
168 75
300 133
263 57
371 362
194 111
306 287
388 212
175 68
292 47
387 299
379 364
300 102
136 34
306 171
388 266
184 119
129 22
306 265
141 68
351 263
266 142
348 29
338 193
260 45
375 108
309 16
358 19
368 6
314 2
346 39
77 7
345 36
376 309
138 26
231 107
213 68
368 315
223 164
310 211
42 29
237 134
358 349
336 293
85 43
375 131
341 213
321 295
384 245
105 104
97 85
139 10
334 233
251 141
353 42
348 147
171 86
69 30
268 64
305 204
232 8
365 313
384 36
57 48
216 16
276 27
277 56
395 377
363 312
239 101
375 280
386 234
304 188
398 68
254 243
357 355
319 205
87 35
324 130
367 198
188 75
51 37
388 40
247 62
172 66
282 198
300 234
231 84
220 76
130 18
196 167
236 83
161 50
169 160
226 212
190 102
87 54
185 23
230 182
336 303
302 212
307 199
319 248
188 113
341 171
375 269
349 227
290 3
27 22
200 164
127 103
239 212
197 44
298 25
317 197
260 152
321 50
210 2
249 218
261 199
115 71
260 133
196 174
290 255
360 128
388 286
229 127
184 63
304 90
385 16
355 326
313 27
332 298
52 46
386 34
356 349
76 54
314 252
365 56
338 168
188 124
209 180
210 170
239 63
242 71
258 91
399 182
162 2
326 97
355 26
301 63
181 106
346 124
188 96
151 8
250 146
227 199
217 77
51 33
363 224
347 216
200 107
357 149
146 123
387 322
120 98
81 32
195 165
276 132
45 32
64 2
261 139
209 148
200 109
357 140
311 157
302 19
177 37
292 266
350 196
289 43
268 141
307 125
173 29
145 124
307 53
381 95
297 201
274 103
242 115
399 113
278 228
372 288
149 58
348 99
355 151
384 126
159 16
218 47
110 73
223 151
293 215
381 126
200 61
109 102
268 226
286 16
304 140
323 299
280 41
235 134
369 224
163 20
190 179
358 16
328 116
338 314
79 37
273 104
390 371
110 16
377 283
260 227
304 128
229 4
328 18
323 213
176 153
140 114
292 210
381 172
280 165
298 16
386 225
301 37
73 30
298 261
391 170
370 88
227 17
308 69
116 42
275 168
341 9
257 53
252 150
239 57
295 32
337 252
86 61
392 188
342 315
201 184
328 252
208 123
354 176
250 24
340 292
391 305
154 71
260 204
395 49
52 51
399 361
131 7
373 357
330 0
307 171
388 274
297 153
166 122
288 84
230 226
372 68
346 343
379 138
376 187
367 69
241 96
290 35
394 22
388 135
347 32
312 288
114 105
332 77
306 245
241 174
316 261
317 6
214 81
374 282
369 221
106 39
349 314
291 39
192 116
344 226
142 101
312 68
343 322
393 138
293 138
361 276
267 183
159 49
218 124
243 184
213 2
378 94
302 66
325 145
293 286
266 74
144 107
377 173
278 15
258 127
149 148
325 89
102 53
389 83
186 153
86 51
264 95
393 193
370 57
306 135
396 146
192 105
209 136
263 58
300 241
260 76
378 37
268 260
88 53
118 83
327 74
180 54
314 165
367 213
329 254
303 171
130 112
338 259
368 245
396 304
354 1
360 100
34 15
91 8
365 350
335 287
216 58
341 133
300 153
342 156
254 208
236 36
270 210
114 58
174 154
334 267
226 174
272 126
338 131
236 190
109 98
146 47
215 109
355 311
282 113
199 38
71 7
77 54
294 167
138 72
364 202
111 84
363 85
232 7
189 138
235 154
296 54
263 66
177 126
266 61
78 19
158 111
305 251
357 67
389 134
311 49
243 220
117 115
384 144
295 58
389 228
303 210
384 39
296 28
121 6
329 149
322 256
319 37
363 124
351 73
308 70
311 46
274 109
356 241
252 160
300 278
332 292
376 50
45 0
263 44
158 39
322 96
263 52
207 71
357 163
164 5
392 280
182 129
359 220
369 368
368 89
349 190
269 52
226 133
291 264
382 249
399 352
342 300
382 265
380 226
87 85
355 203
115 29
123 13
331 222
301 154
290 134
296 37
221 214
149 116
114 61
340 305
332 291
245 213
139 1
71 16
325 146
307 8
391 285
197 38
366 74
336 144
339 135
319 55
355 344
283 226
156 150
333 171
389 165
307 191
394 266
288 139
264 227
231 30
260 237
266 175
374 70
285 263
282 55
319 212
211 183
234 151
33 18
349 125
388 236
398 37
343 31
384 29
206 84
392 148
65 13
253 216
399 339
201 171
282 232
218 83
379 225
242 197
182 114
212 103
133 8
291 271
382 4
163 78
265 235
173 85
199 178
242 186
347 102
261 22
187 168
292 222
363 335
387 92
397 0
252 138
301 133
278 246
211 107
321 106
292 272
277 250
341 28
310 82
286 23
240 175
335 279
66 1
355 220
339 297
335 81
332 317
233 118
194 2
367 333
316 106
304 164
311 118
360 16
337 12
283 70
362 86
380 350
398 189
372 298
361 123
197 84
198 128
223 39
109 31
262 153
251 157
204 76
325 171
351 341
387 182
184 14
132 38
391 164
152 33
60 56
194 88
204 100
265 172
296 281
112 58
32 21
255 123
373 79
271 95
97 91
224 66
55 39
264 200
273 132
349 122
142 59
216 43
236 171
264 122
164 10
215 81
340 1
351 35
204 53
305 46
271 53
214 4
299 18
221 146
373 328
329 307
125 28
151 115
306 31
81 31
330 269
185 112
340 287
185 165
304 50
278 140
260 42
162 55
358 352
248 220
164 45
342 2
337 241
349 222
267 86
335 315
167 103
363 144
332 106
386 273
370 82
362 317
292 94
372 332
146 94
238 79
295 288
382 79
368 220
385 196
398 41
382 46
352 252
384 289
254 39
318 277
273 29
378 269
271 6
320 111
206 53
187 139
316 215
145 25
323 217
332 187
159 14
346 113
266 229
260 156
93 61
209 1
201 72
128 13
98 36
296 217
196 42
294 177
167 145
252 125
342 265
262 14
198 133
283 40
336 202
253 200
303 20
335 160
362 80
132 97
319 47
332 86
378 158
319 310
346 161
365 53
265 147
377 259
363 160
372 359
298 223
268 164
183 126
147 144
42 18
130 40
108 39
365 325
265 218
212 111
305 169
371 109
233 62
179 31
368 209
232 115
205 34
287 11
138 76
141 45
78 75
320 304
378 349
397 212
204 96
375 22
