200 600 200 600
182 54
49 14
85 23
123 47
187 185
31 3
192 112
199 121
18 11
126 41
88 51
93 57
27 10
111 82
134 51
153 141
53 38
132 15
101 6
181 92
126 116
122 7
29 14
68 40
162 39
63 29
79 59
58 34
141 135
199 15
118 104
158 42
196 22
67 44
190 149
86 16
157 139
141 84
78 50
189 72
12 0
174 18
81 28
160 150
162 118
164 2
102 0
101 84
88 72
23 17
50 43
51 36
162 137
144 24
130 16
128 38
146 11
114 33
118 112
158 148
161 6
134 0
133 68
173 13
194 164
101 78
38 14
8 5
175 116
155 140
165 109
187 4
173 128
57 41
170 88
161 131
162 63
157 8
198 50
106 21
172 133
50 47
158 101
116 46
175 1
9 8
150 69
124 82
96 75
74 57
157 144
117 96
73 32
167 75
134 129
33 27
119 110
68 1
188 120
181 156
176 11
107 49
83 68
193 36
143 50
187 183
155 40
90 44
36 8
113 23
161 33
151 46
11 6
194 66
90 61
181 177
82 62
177 14
142 141
185 108
167 9
187 156
128 84
103 62
185 10
177 42
54 17
177 75
126 20
144 108
174 107
188 170
192 49
103 80
168 125
164 82
122 105
191 73
65 42
102 34
85 80
142 62
104 6
39 28
177 112
166 26
135 92
49 25
191 62
182 13
88 27
72 25
72 57
98 37
157 9
198 8
90 73
183 35
99 36
197 149
155 64
16 15
61 43
124 123
149 90
151 48
24 0
133 65
29 8
91 2
117 95
172 29
175 5
192 6
61 42
185 35
71 29
121 28
116 115
180 37
123 113
77 69
186 164
177 102
83 65
191 148
175 123
94 29
199 103
88 64
194 154
130 110
187 176
96 84
182 106
105 62
197 140
117 55
192 91
115 31
123 61
65 14
141 2
133 129
144 45
147 89
61 14
172 19
86 28
196 133
133 112
49 26
171 45
145 144
183 96
118 107
28 25
130 54
153 97
185 163
151 145
125 72
142 96
122 48
194 140
156 139
107 86
153 54
178 11
165 128
164 75
95 73
66 49
105 16
179 112
199 99
145 120
31 12
171 54
153 103
198 63
194 25
78 30
110 26
135 81
147 50
76 8
119 38
160 132
128 61
165 9
198 155
179 38
186 46
120 25
194 98
176 174
190 37
167 147
51 11
68 23
159 45
81 52
166 108
52 27
188 135
125 39
57 19
148 147
199 172
197 111
144 60
27 19
178 85
117 83
113 104
71 68
139 61
139 107
181 61
46 22
159 44
102 42
143 98
164 20
194 88
153 150
79 31
153 152
144 64
158 14
168 65
183 64
138 123
115 30
161 127
192 181
66 16
192 43
182 73
146 39
107 43
126 59
175 30
54 23
183 8
190 176
183 48
149 103
64 63
151 105
190 101
182 93
172 130
161 93
157 5
149 24
152 136
125 123
68 37
127 104
187 96
196 13
183 74
140 138
178 100
128 109
175 137
150 15
184 13
38 34
22 17
123 2
129 63
20 13
107 39
141 37
115 53
52 31
72 63
116 110
191 5
139 52
98 95
193 120
167 149
136 58
111 55
93 6
187 145
182 3
146 1
85 42
107 45
78 24
116 56
118 66
114 70
196 7
115 71
132 63
189 38
51 14
184 183
168 68
173 99
110 87
172 57
106 64
177 143
140 33
158 52
158 55
165 48
179 157
142 81
175 75
195 179
76 3
109 36
162 135
188 178
94 11
199 26
198 57
184 33
114 56
19 0
61 2
141 12
34 19
139 111
145 142
68 33
42 27
42 29
164 92
187 89
72 64
118 53
129 55
183 37
11 0
163 4
189 58
190 64
143 80
192 45
125 77
186 156
188 154
141 74
194 16
135 118
171 16
26 11
172 122
107 72
62 45
198 35
130 32
194 95
186 33
135 79
148 119
81 54
136 74
125 12
177 123
150 46
82 50
166 142
152 83
193 117
145 96
144 9
179 138
68 15
31 18
165 6
167 73
104 63
109 60
149 123
170 119
77 71
77 32
26 0
171 24
92 16
114 52
186 44
75 25
199 41
193 43
140 14
169 122
179 20
172 38
111 75
133 3
68 45
184 167
106 70
130 86
171 44
116 44
69 23
97 10
194 145
181 178
113 57
145 66
23 18
68 35
56 5
179 108
126 95
185 132
134 99
163 103
125 11
152 51
167 18
196 61
101 1
186 180
99 61
111 17
158 154
129 49
156 36
162 45
155 111
106 40
156 121
81 64
52 30
95 54
172 85
197 12
125 19
195 193
192 90
181 103
88 17
184 137
25 6
150 55
72 28
88 40
183 122
106 75
83 82
96 18
116 15
158 119
184 87
21 16
46 15
160 158
184 29
186 71
151 40
65 34
175 173
189 84
192 130
124 106
138 79
186 185
180 123
192 1
46 42
170 83
89 53
154 113
187 70
145 30
195 68
103 25
109 23
157 74
166 118
62 36
59 13
146 86
23 0
52 12
146 14
195 152
84 70
193 10
154 147
30 25
84 6
111 95
117 94
140 135
92 83
69 47
162 144
27 16
76 44
171 161
41 1
122 121
75 35
127 120
153 19
90 56
133 116
196 39
177 128
137 99
103 37
153 112
80 74
160 104
118 113
173 86
81 22
137 75
135 25
140 64
178 113
158 124
151 12
130 113
17 7
75 10
126 40
161 21
91 60
174 170
164 47
119 95
96 79
161 61
157 151
118 24
42 23
33 31
141 99
126 44
178 8
192 117
186 139
175 147
138 109
125 18
172 55
72 42
148 113
119 66
155 150
167 150
156 10
156 81
76 69
59 50
146 63
143 114
151 16
45 24
62 29
81 62
32 25
83 0
149 11
139 75
161 152
111 97
68 32
190 180
96 36
116 105
119 16
102 17
179 148
59 14
174 108
166 149
118 61
174 56
115 30
119 2
65 37
141 134
178 122
185 2
193 102
193 3
154 150
133 120
185 80
123 3
186 155
100 44
72 41
18 5
64 46
164 2
149 82
64 58
106 101
177 162
145 21
171 55
195 84
174 97
188 50
172 145
32 12
188 156
187 73
22 1
102 44
83 71
89 70
79 46
195 8
179 153
106 25
118 37
93 79
79 59
178 160
158 54
107 105
170 39
87 85
95 40
198 175
66 28
198 29
134 100
122 10
81 9
156 77
186 119
197 94
101 90
185 129
182 47
114 75
123 11
54 42
191 119
192 53
151 120
132 122
174 171
180 90
185 140
163 37
178 33
153 8
135 5
189 38
159 99
89 23
82 31
137 5
117 66
188 51
141 33
190 137
148 48
160 134
175 60
140 77
197 155
159 21
152 109
176 85
178 170
78 6
123 98
102 12
73 34
122 42
146 72
194 157
159 62
153 133
107 17
158 15
192 35
101 28
127 117
140 64
183 9
79 36
152 145
63 56
137 74
192 23
147 144
61 11
57 52
45 31
128 29
85 13
157 138
131 44
124 77
188 145
126 31
183 30
151 99
158 141
44 16
154 43
95 77
197 21
162 10
189 151
135 31
197 60
89 73
102 85
121 29
131 59
186 59
182 131
74 45
131 58
169 107
38 7
149 77
170 161
114 8
159 136
193 92
139 112
124 1
140 92
114 101
44 26
184 37
180 89
83 24
82 35
150 144
122 101
198 196
54 53
179 87
181 123
188 54
34 20
175 25
196 31
163 72
146 125
145 90
189 185
151 82
195 166
139 35
136 22
162 51
193 48
182 124
130 57
106 85
60 51
177 17
190 72
180 92
62 45
189 40
176 173
128 48
184 92
91 47
186 32
119 28
161 82
180 154
35 16
132 30
41 10
180 32
169 153
40 36
60 58
48 13
74 21
63 27
66 6
90 78
133 107
192 89
75 46
112 46
187 105
153 80
187 121
168 9
199 73
46 38
180 137
48 32
41 39
191 154
148 89
94 90
74 42
74 3
128 39
113 79
162 47
159 9
32 3
166 165
187 63
180 125
175 45
159 126
162 98
164 41
144 49
159 28
158 109
87 0
144 135
88 47
147 2
121 18
178 172
32 1
189 93
143 41
66 41
134 105
133 12
196 1
125 72
189 86
168 121
63 52
159 15
154 71
160 66
112 31
189 181
145 49
80 9
199 79
93 6
147 100
131 26
153 51
134 34
165 107
196 19
147 98
28 25
160 57
178 115
187 65
192 104
116 92
136 54
20 9
199 168
101 38
138 94
156 137
155 119
157 137
159 101
171 44
192 107
178 65
169 94
118 39
23 16
147 145
149 35
100 49
126 64
20 0
107 77
168 130
79 57
67 0
136 94
101 67
181 128
83 12
148 97
121 85
170 144
140 131
146 76
180 112
89 41
60 48
95 62
61 39
169 158
138 29
172 16
185 35
169 23
122 100
93 64
149 74
87 86
82 72
129 22
153 151
188 165
109 90
97 21
174 136
190 50
193 183
169 84
88 76
146 66
144 96
180 155
138 75
166 41
111 19
126 85
34 12
129 80
143 42
167 101
134 120
178 5
126 118
166 116
71 50
186 85
196 20
195 66
195 164
192 32
108 37
94 87
126 47
104 17
83 64
73 1
147 40
179 85
66 42
165 109
89 36
187 131
171 84
139 41
109 13
70 47
189 60
167 155
160 15
184 159
84 33
157 72
165 4
137 69
151 1
158 85
197 30
188 178
166 9
191 65
11 6
190 60
183 139
186 141
67 28
92 46
149 10
95 12
7 6
73 24
146 114
166 61
173 63
172 18
173 35
66 43
153 77
157 16
163 85
174 155
116 99
187 162
174 154
40 9
18 10
168 93
197 112
156 49
157 146
180 67
101 47
108 23
108 58
175 26
23 17
152 24
188 179
99 87
124 81
157 88
177 137
133 22
115 87
162 63
142 85
152 79
111 82
183 21
26 15
181 25
183 98
184 34
86 35
190 12
171 66
106 16
165 51
79 68
183 70
125 41
171 121
165 52
101 97
198 4
127 70
170 26
89 58
182 126
72 38
143 72
186 133
88 74
129 117
97 94
129 37
162 148
49 19
142 52
177 127
134 39
162 0
195 25
196 157
125 57
110 6
181 118
135 7
178 114
185 132
168 22
149 62
133 65
192 139
48 47
169 67
145 57
104 47
167 154
50 13
161 61
136 68
49 27
132 33
78 23
171 78
42 36
185 92
70 23
104 103
115 58
199 132
197 69
177 29
164 104
87 65
145 76
51 0
41 12
97 50
144 20
94 61
125 6
119 3
131 19
159 98
163 101
128 31
183 12
188 141
161 46
99 95
155 66
94 39
173 87
194 145
91 68
36 12
175 42
118 97
199 39
184 78
148 12
97 60
185 173
192 46
196 180
163 128
118 16
149 46
132 126
170 122
105 96
36 15
139 102
98 44
50 44
196 150
176 1
100 37
109 32
183 145
93 75
167 67
23 11
85 11
182 19
