650 1950 650 1950
297 201
227 68
490 474
648 21
544 25
317 115
192 112
496 363
233 87
589 231
313 273
604 299
27 10
558 129
447 413
550 483
585 419
483 435
464 351
535 266
384 63
606 219
218 42
522 482
588 81
453 325
471 258
572 90
311 41
564 347
487 2
539 267
253 134
67 44
391 369
86 16
643 350
521 196
594 547
472 45
279 96
640 39
585 409
539 116
307 284
429 288
210 83
485 145
619 173
619 515
455 370
51 36
589 28
526 161
340 216
430 196
376 152
443 323
426 294
493 77
393 113
220 63
604 599
508 496
258 50
101 78
601 120
625 142
175 116
498 117
630 391
267 183
482 43
559 233
484 352
612 133
281 27
562 131
401 211
573 227
238 132
50 47
540 66
359 17
306 289
629 136
447 94
591 298
429 251
560 539
435 276
569 113
608 246
289 202
622 110
610 424
464 161
621 515
438 351
181 156
244 34
328 13
363 64
347 272
457 310
521 392
259 99
346 106
317 219
274 257
349 168
265 78
402 77
557 72
538 51
408 20
439 2
177 14
646 524
270 189
555 197
436 292
584 414
511 399
487 57
585 148
446 38
618 209
126 20
144 108
643 44
262 74
259 64
602 383
645 317
164 82
415 56
317 169
313 235
493 110
447 271
142 62
587 549
511 438
177 112
532 516
515 391
423 94
260 237
483 208
581 176
476 26
387 135
495 46
401 21
252 115
90 73
240 120
427 56
647 123
528 475
616 442
644 570
638 148
377 179
310 75
493 69
321 316
460 211
91 2
551 300
344 269
566 386
557 505
482 263
185 35
71 29
286 283
511 452
306 292
313 253
299 137
583 565
569 315
444 153
592 481
175 123
563 128
626 236
369 7
497 108
624 489
187 176
322 228
182 106
437 243
476 237
489 142
208 96
540 218
506 284
585 330
594 14
487 71
416 7
400 78
618 26
588 145
368 25
432 76
584 475
363 80
598 225
459 153
273 109
444 405
325 25
130 54
628 610
559 425
513 485
384 336
376 4
556 510
388 116
156 139
645 505
458 118
310 193
233 219
469 342
468 9
66 49
418 396
545 212
199 99
145 120
448 403
476 352
460 17
578 31
597 516
317 232
530 372
605 438
285 223
252 88
597 335
160 132
128 61
434 26
475 14
625 33
357 351
378 132
610 578
365 358
506 12
205 203
358 222
628 53
209 77
357 147
215 123
52 27
643 272
286 153
57 19
634 274
499 149
358 51
276 253
265 256
270 215
558 13
646 14
259 155
574 93
635 525
280 61
301 215
638 479
596 506
619 573
564 386
326 93
326 274
507 18
600 507
144 64
158 14
466 210
505 386
472 429
451 243
618 466
614 277
211 5
362 185
533 188
521 403
530 237
516 478
622 401
622 100
238 131
600 120
432 290
242 226
349 297
151 105
377 190
373 83
370 176
628 229
488 267
544 16
526 405
340 233
350 4
462 349
246 53
498 464
309 261
577 407
631 221
546 9
495 199
580 402
333 261
549 160
22 17
615 81
300 276
530 438
624 55
613 178
393 290
474 149
612 407
560 306
395 198
240 86
346 304
543 140
372 237
136 58
335 238
578 146
318 58
642 513
627 88
486 418
509 391
630 477
588 191
420 246
464 13
374 295
474 119
475 415
424 383
632 521
494 259
554 338
629 39
568 319
649 80
630 108
412 346
365 323
439 230
544 74
444 88
179 157
639 504
372 113
195 179
442 96
504 236
366 8
466 424
317 76
266 194
262 28
583 419
319 256
500 66
569 242
589 334
599 574
571 131
145 142
558 86
536 498
565 51
643 417
187 89
412 172
551 347
552 230
513 117
456 0
413 289
443 276
604 349
320 135
223 165
369 346
648 386
290 268
256 20
487 449
293 32
633 181
639 360
405 264
457 316
542 142
633 89
414 39
630 578
363 238
480 57
391 341
578 152
621 312
125 12
441 301
543 468
573 140
639 47
608 252
424 307
402 148
384 315
296 166
425 291
552 48
615 591
310 65
468 44
516 257
539 225
503 240
502 269
466 298
218 11
571 164
623 377
469 305
516 424
609 272
554 312
542 309
396 111
254 215
648 281
412 181
478 383
614 24
486 459
339 105
427 270
311 21
432 23
617 412
69 23
276 121
406 16
595 514
113 57
550 108
629 576
222 193
426 210
341 282
649 325
303 200
589 325
231 174
525 84
618 364
641 388
640 344
454 439
600 486
502 477
621 437
555 132
220 169
572 266
321 97
522 119
593 183
517 222
233 20
308 253
254 196
234 127
565 185
586 92
474 70
216 20
352 302
386 166
409 245
25 6
304 288
514 141
482 61
289 166
609 235
278 46
327 98
604 151
303 4
503 76
236 203
611 268
642 537
184 29
186 71
540 113
341 108
532 366
232 90
637 331
124 106
138 79
567 397
384 162
417 395
464 295
578 32
597 592
154 113
368 85
561 359
402 387
368 92
423 299
644 558
406 296
488 48
292 212
244 68
490 244
236 11
628 19
525 363
422 339
429 418
577 197
621 406
84 6
511 41
279 115
252 18
585 521
69 47
578 255
561 503
591 241
597 170
41 1
312 36
75 35
127 120
420 235
244 131
133 116
538 367
580 101
289 105
361 95
476 426
80 74
391 169
523 65
224 138
81 22
419 268
586 510
361 328
630 20
645 478
468 214
560 96
309 147
512 47
635 538
387 270
251 77
174 170
502 78
119 95
264 39
649 49
563 231
294 30
623 235
409 96
618 121
105 14
328 5
207 100
590 247
445 28
230 206
624 255
568 174
139 64
435 267
229 200
131 114
274 123
230 224
407 286
386 270
624 434
393 81
363 339
529 156
517 215
468 313
549 55
301 206
517 279
607 53
517 367
430 309
392 322
503 179
442 176
398 117
580 497
516 235
239 100
565 248
501 207
603 236
373 351
497 355
588 140
272 215
381 253
395 354
364 54
580 263
403 337
333 155
131 118
400 371
362 84
191 166
434 20
497 293
537 386
626 440
148 76
247 151
477 179
539 183
575 461
276 135
409 364
372 133
383 101
267 26
593 567
578 92
468 203
630 550
349 278
634 597
527 500
278 219
296 237
614 579
400 169
461 250
430 357
482 332
453 165
603 463
567 218
451 59
190 137
563 184
444 281
109 57
505 59
527 126
519 118
617 208
453 308
558 525
623 416
170 5
371 134
216 193
382 318
154 122
490 419
358 335
602 189
129 36
576 472
625 306
452 216
637 289
530 347
498 303
325 78
470 184
603 581
625 317
620 9
456 380
319 37
633 463
205 51
645 165
164 4
537 298
633 198
594 333
640 366
601 116
646 221
514 102
483 225
578 560
560 208
41 0
484 111
540 47
540 431
475 234
213 138
281 61
467 75
237 235
460 16
266 109
345 300
594 221
459 313
599 7
563 419
409 204
367 235
584 417
593 66
513 365
489 91
250 90
227 217
527 470
433 418
566 296
455 118
552 13
645 135
423 135
481 14
408 92
513 492
554 390
264 114
370 280
364 296
568 379
439 424
501 43
628 382
648 191
486 142
581 422
344 327
321 3
457 343
470 223
573 77
606 39
499 290
553 74
460 15
68 19
521 99
647 144
584 198
285 39
386 274
389 72
136 124
270 265
595 580
343 156
590 133
516 232
595 583
395 79
375 179
460 60
599 81
545 419
502 82
260 218
315 103
443 178
493 259
309 275
369 33
559 198
510 6
365 257
409 395
588 42
420 287
528 449
597 140
565 139
363 203
612 367
480 203
581 259
577 42
227 182
429 8
248 208
587 50
375 233
405 330
171 95
515 490
317 86
459 70
256 43
415 372
556 336
573 300
348 305
323 76
624 38
448 405
539 451
494 246
550 488
82 4
429 379
326 182
531 125
505 242
550 26
363 242
225 71
489 98
562 198
634 560
627 290
583 257
250 228
80 9
330 136
441 8
523 263
644 166
543 521
505 1
510 422
448 298
518 413
434 278
540 416
602 276
535 198
226 170
629 536
564 478
285 111
430 21
244 113
381 293
363 334
521 240
392 162
160 157
334 15
559 283
524 301
645 504
625 147
576 300
433 396
368 10
361 177
571 123
289 44
615 251
604 439
436 125
335 44
253 243
621 424
547 434
303 128
210 134
644 143
541 478
602 15
565 509
584 107
568 62
470 172
647 630
408 308
496 377
473 67
561 173
596 439
515 21
140 7
387 9
641 365
205 47
622 545
639 211
444 390
491 103
624 348
335 161
635 626
625 80
353 15
339 213
563 272
548 315
326 155
204 169
112 61
559 0
534 71
322 171
611 586
66 19
322 263
477 23
491 362
529 231
586 529
455 303
254 75
631 359
405 332
534 347
618 526
397 12
554 361
529 331
418 279
214 178
633 420
537 39
258 216
366 353
265 117
244 231
457 421
641 132
284 100
586 265
553 199
574 413
579 103
542 51
381 349
537 211
404 92
558 296
516 148
648 380
279 238
524 508
515 26
414 302
368 290
410 73
641 609
600 397
393 28
359 37
592 99
265 250
404 316
186 177
349 228
158 25
558 282
490 194
288 79
234 221
636 240
512 208
300 203
206 180
317 275
529 311
508 425
288 99
514 103
418 12
570 56
523 313
404 205
462 125
536 470
429 26
361 93
366 135
571 434
526 479
319 221
581 503
637 302
598 566
489 350
548 94
214 3
611 574
528 107
581 199
299 77
622 383
128 39
93 45
429 355
517 33
406 176
250 230
364 45
573 381
417 351
393 203
308 60
386 174
436 346
467 67
466 188
511 496
580 554
135 120
481 29
568 252
294 91
365 297
576 414
461 305
393 30
187 30
408 138
455 190
553 368
634 592
279 119
270 186
525 357
356 46
603 598
164 98
306 286
638 92
377 220
270 216
645 630
501 148
586 297
457 301
572 104
609 310
559 21
571 338
596 534
537 31
290 115
280 167
574 153
492 329
276 263
483 78
578 288
463 419
591 470
92 53
360 251
523 395
346 20
128 26
355 325
503 185
308 139
224 133
163 53
520 21
109 45
508 23
648 149
580 396
391 48
474 246
559 372
246 101
227 158
424 401
649 283
531 282
540 270
538 261
482 131
498 186
529 306
140 81
230 108
612 180
513 200
258 105
389 99
259 52
231 19
531 129
399 240
403 142
215 196
580 336
583 513
475 82
333 276
395 251
75 70
472 375
633 329
615 433
419 59
524 185
517 303
304 277
384 280
609 542
381 89
104 27
637 568
365 27
371 242
210 190
561 63
127 94
644 325
612 249
385 107
522 466
371 232
543 239
642 123
574 114
326 300
475 474
464 233
529 508
630 154
608 249
450 339
604 200
576 474
547 383
515 422
97 38
381 44
503 318
392 130
190 46
271 219
421 146
646 304
617 173
264 224
580 335
163 148
556 102
259 154
600 256
622 305
495 253
236 80
565 496
600 548
484 284
620 322
621 440
527 323
296 252
540 250
365 18
641 275
451 412
338 141
378 240
427 334
552 38
577 115
504 185
336 183
307 35
611 242
336 127
459 281
431 253
621 242
586 480
590 163
538 517
328 10
263 61
367 282
619 495
613 123
457 167
480 204
622 60
637 77
191 40
422 132
200 14
601 298
610 219
435 301
220 8
285 3
177 175
619 297
597 10
477 101
156 75
643 633
361 202
353 149
367 181
504 470
518 152
229 102
508 59
242 186
184 130
170 10
648 188
498 6
468 375
612 147
402 275
563 438
616 419
377 308
647 28
454 393
648 584
584 271
521 175
277 75
613 500
586 507
446 16
642 489
506 194
629 82
552 125
381 40
461 190
416 229
464 403
113 103
508 157
448 308
265 6
172 148
476 345
640 475
508 95
600 361
549 181
393 134
537 461
266 179
264 165
415 99
317 210
398 156
325 181
437 387
374 77
598 27
205 89
515 218
576 10
572 40
500 217
398 92
181 0
170 74
634 236
342 174
501 72
277 235
509 411
373 229
644 482
586 221
408 192
600 358
599 288
134 18
617 378
587 259
587 279
477 74
529 19
576 41
449 222
358 223
330 203
598 123
86 78
492 105
511 237
44 1
618 157
529 521
345 294
514 336
289 102
526 77
566 108
598 584
472 93
581 82
429 58
75 53
496 77
615 548
212 203
461 347
536 249
302 250
322 279
509 50
315 242
611 85
246 177
392 126
259 223
414 229
357 168
570 59
459 296
364 277
524 445
96 14
293 161
129 78
472 69
547 514
562 100
424 324
629 513
612 15
381 235
643 524
193 171
479 114
495 170
277 209
420 60
243 14
623 304
543 316
620 257
624 319
536 240
365 199
637 166
362 143
589 82
465 122
592 523
623 536
103 81
577 0
324 37
534 481
189 178
317 286
450 282
245 56
562 421
580 358
370 342
503 454
542 433
346 156
305 288
458 405
498 392
258 241
557 390
307 141
554 200
500 424
326 293
638 249
439 34
138 59
611 604
535 189
546 241
374 35
275 259
113 52
470 208
538 271
360 116
211 201
226 207
128 72
594 498
454 190
626 399
575 218
565 183
421 338
185 30
571 570
210 35
487 139
351 67
447 317
478 84
491 155
379 145
438 270
99 68
455 156
456 340
191 144
561 474
526 227
613 498
336 165
560 293
609 585
423 208
372 98
336 314
509 27
490 100
344 171
548 222
602 57
301 278
450 104
367 48
636 254
559 135
201 83
407 340
579 41
492 89
328 37
493 277
394 263
408 47
328 162
241 203
424 204
472 345
571 401
161 129
254 76
295 15
392 312
567 244
547 154
618 35
320 2
390 11
282 44
196 171
403 18
444 42
353 95
642 91
446 387
453 136
40 27
167 71
531 66
515 205
312 207
600 423
482 326
548 527
359 171
647 204
535 447
238 67
625 336
528 454
477 133
614 442
384 213
515 382
485 164
199 12
620 144
512 252
427 332
90 74
333 293
197 57
496 449
452 361
648 71
440 55
344 63
171 122
528 485
202 152
311 129
302 225
377 317
496 259
425 231
553 134
587 468
273 87
495 251
433 135
173 18
484 420
550 249
476 456
623 52
439 297
459 419
604 343
228 12
97 6
398 213
171 152
108 35
193 13
411 45
500 80
627 70
499 17
425 7
458 291
482 441
24 17
620 344
499 55
645 301
186 128
130 2
614 251
216 179
434 320
153 57
418 343
436 362
494 212
597 437
320 312
544 111
500 280
259 212
537 1
607 175
622 53
221 207
523 468
389 157
619 211
561 341
436 50
71 63
188 29
441 135
461 452
442 39
646 126
306 269
399 385
427 83
632 150
648 424
303 123
502 374
484 455
579 64
238 151
449 44
544 380
639 101
245 222
612 268
269 205
615 440
452 158
355 248
200 185
226 136
645 363
510 477
351 276
348 169
553 497
630 401
623 151
355 223
356 349
544 314
467 174
638 105
149 84
648 493
117 86
570 535
267 37
397 106
279 104
613 170
569 180
295 239
616 238
600 128
615 563
321 272
575 258
164 81
400 96
294 215
195 5
333 301
534 520
524 257
357 165
480 299
614 236
520 482
525 140
607 494
506 240
544 150
484 457
551 315
355 213
285 240
610 554
583 555
466 449
169 30
373 343
240 26
383 53
621 546
647 373
465 91
506 473
302 168
453 76
418 82
372 30
533 475
487 121
547 227
322 235
487 330
618 141
179 62
453 402
524 377
331 203
608 310
574 143
536 227
453 97
296 268
488 41
455 269
610 362
269 227
534 316
276 73
535 388
227 121
514 260
534 206
294 116
457 332
293 207
529 456
272 23
597 117
205 110
468 326
343 94
583 457
527 24
571 466
371 263
302 17
629 437
245 156
289 242
424 29
568 21
219 43
649 368
631 420
612 312
614 119
545 272
379 229
476 33
102 33
178 8
424 3
582 513
246 200
620 526
553 420
491 149
496 252
553 53
563 547
549 282
606 598
112 23
615 43
537 445
350 174
632 443
566 221
510 371
570 115
519 389
292 26
551 19
328 301
337 170
590 132
625 84
314 180
484 230
538 250
597 307
273 249
113 53
280 251
521 64
497 191
217 122
343 305
352 13
307 58
475 161
587 375
182 165
499 393
562 402
227 126
565 365
200 100
345 29
577 328
639 445
295 126
542 45
313 213
465 97
408 295
515 155
376 268
408 240
265 148
545 460
556 131
618 313
326 56
571 45
426 271
474 348
616 42
164 148
284 10
355 214
606 233
496 459
571 433
645 299
636 374
236 13
631 552
297 261
255 189
562 539
568 47
647 259
564 218
525 270
111 50
530 523
553 60
201 166
192 56
336 155
474 425
486 203
481 173
497 150
324 14
555 115
641 114
270 100
638 113
336 144
299 196
192 54
461 93
548 236
576 34
494 332
441 37
366 52
197 4
208 79
401 242
423 354
608 93
510 249
342 77
104 87
301 233
405 294
403 247
353 351
100 38
570 63
439 379
559 179
336 52
213 190
307 211
430 27
441 329
261 99
645 575
648 50
501 199
233 30
415 158
432 323
382 12
233 180
538 492
391 302
361 55
341 77
494 159
335 298
631 515
503 218
243 214
393 32
460 250
125 78
522 260
622 537
554 204
420 74
344 132
577 69
111 73
643 160
391 22
163 121
382 235
323 220
263 21
419 108
58 6
305 60
578 399
605 156
361 201
500 90
543 217
415 216
405 366
437 247
289 234
428 366
566 226
432 126
540 89
576 81
526 132
580 138
433 248
421 21
508 164
568 460
412 74
474 213
505 418
419 271
415 146
574 11
382 158
103 76
192 98
628 36
173 95
480 163
440 203
424 233
342 146
261 24
608 8
83 36
153 61
521 209
566 152
177 170
582 3
466 284
570 201
242 204
566 169
265 102
392 5
443 406
143 20
286 14
499 198
423 204
503 140
276 21
475 103
622 153
52 18
364 250
430 45
556 382
584 159
451 421
401 53
371 48
407 324
287 204
424 252
208 147
108 16
231 138
364 126
543 444
489 415
205 167
256 80
465 126
308 57
577 141
610 270
626 207
485 6
446 136
261 19
542 42
297 14
406 183
356 93
440 237
621 136
67 55
546 419
501 27
645 601
193 184
636 563
569 309
364 29
418 165
399 3
220 200
524 34
596 450
578 104
334 14
521 65
342 207
272 92
508 466
438 79
322 196
369 31
443 367
155 32
67 50
573 151
331 167
244 45
380 31
553 435
167 40
136 45
360 22
490 216
533 360
407 243
591 115
413 237
361 100
215 105
609 347
342 4
292 220
358 97
469 22
506 19
281 71
298 132
209 79
643 626
60 11
284 236
599 332
358 43
475 75
150 23
403 167
562 13
526 100
462 316
438 120
607 281
495 81
536 526
468 290
266 94
587 380
413 173
191 16
253 153
529 353
641 325
389 367
233 3
543 365
437 115
562 543
152 111
421 203
192 8
531 459
268 125
20 13
587 278
80 71
280 30
431 158
78 27
241 105
302 151
504 292
341 222
644 538
440 416
431 255
544 37
467 242
542 231
442 439
585 422
516 366
508 324
420 143
626 561
309 99
602 277
336 220
508 2
574 73
414 212
463 63
402 4
631 490
458 331
420 49
584 573
327 236
612 126
601 71
307 277
468 32
546 529
406 102
528 414
589 335
36 7
284 183
409 385
261 213
645 453
527 109
147 146
528 463
448 29
259 37
353 342
30 7
310 4
428 1
618 384
575 76
474 339
220 84
506 484
380 348
572 327
366 125
499 313
459 392
227 141
274 208
480 394
566 412
335 212
333 94
590 542
560 31
237 56
104 1
432 64
256 131
231 178
561 37
333 151
497 195
478 123
237 213
503 41
282 152
193 35
604 268
295 64
341 219
360 247
435 426
609 235
453 348
127 7
606 522
534 1
627 442
272 171
176 81
528 82
473 218
496 400
265 55
286 191
320 16
133 1
619 608
621 569
523 148
174 0
517 42
521 101
592 261
638 566
526 144
645 431
635 368
368 308
476 135
649 237
247 106
642 607
505 146
374 104
460 101
135 12
263 50
561 38
538 451
612 602
258 50
638 590
634 19
588 320
391 285
531 516
413 9
232 66
555 119
590 476
554 24
607 546
612 16
415 128
572 51
549 35
528 338
624 612
589 385
333 174
333 285
421 214
567 31
619 194
444 436
348 244
225 158
221 205
360 10
609 238
310 26
647 593
439 14
306 113
512 75
474 223
447 294
576 490
378 32
610 476
573 212
591 138
625 199
85 52
292 71
585 423
310 93
311 58
423 398
377 19
547 322
618 474
467 215
210 142
286 284
239 181
578 376
133 29
428 244
262 19
601 135
553 535
440 382
392 250
590 438
649 648
502 113
298 28
419 120
549 286
292 141
337 53
542 380
411 346
589 316
514 447
438 151
584 302
65 26
525 222
402 245
307 248
498 15
547 335
649 496
229 87
310 106
267 229
646 27
630 11
445 423
618 343
238 38
365 57
557 346
603 115
289 135
504 78
175 30
400 171
649 125
486 130
321 316
582 185
392 270
312 91
460 168
632 237
620 189
400 184
568 21
488 341
621 431
630 118
490 461
620 441
339 50
417 55
602 174
233 58
297 192
476 251
581 46
439 216
598 521
556 378
492 410
506 170
375 84
487 222
359 233
616 380
433 324
584 0
617 109
283 12
491 483
129 7
572 155
385 379
481 229
452 265
253 91
236 82
574 261
331 173
529 138
647 407
292 256
554 488
188 151
339 215
627 454
642 475
644 333
612 401
637 468
375 245
137 82
555 438
265 133
541 482
592 409
300 218
609 434
37 22
503 74
568 222
553 325
624 430
402 276
369 3
157 152
347 214
142 3
410 12
333 13
461 289
117 57
416 262
310 226
570 364
455 348
573 248
471 433
553 246
34 7
615 540
640 615
400 140
613 162
356 7
604 77
590 385
440 85
605 460
257 205
401 132
56 44
579 43
269 237
254 196
132 76
508 265
340 163
289 184
209 86
516 462
225 78
622 236
438 42
630 267
570 297
599 218
338 139
524 502
645 429
359 319
383 213
313 243
341 100
580 166
290 174
513 218
557 55
517 133
449 16
636 89
516 483
620 582
250 107
160 153
500 406
586 77
491 144
594 568
425 79
215 184
108 78
416 117
599 98
396 139
304 289
415 392
555 99
638 126
196 28
459 33
221 36
623 76
645 620
483 225
644 291
422 76
330 262
647 25
493 211
455 139
218 167
486 171
459 133
544 177
639 369
340 142
480 232
589 194
96 77
368 112
297 274
575 352
421 277
497 333
294 79
294 54
419 12
128 88
602 387
300 156
218 17
480 184
619 396
603 289
282 186
552 369
451 259
645 177
536 425
381 250
334 94
215 43
579 542
267 219
494 132
551 145
424 109
457 269
617 454
561 442
138 82
137 20
444 404
638 283
233 151
477 271
244 230
395 346
238 231
638 176
557 152
565 172
561 230
428 74
463 364
498 121
556 235
392 246
264 122
438 374
546 371
266 178
545 215
593 374
612 33
289 288
283 250
415 124
238 224
163 114
511 350
621 426
133 42
268 165
247 46
206 104
447 151
490 376
201 29
185 133
272 162
632 147
593 325
390 72
618 322
328 77
622 215
201 31
378 166
580 156
621 283
350 109
566 343
623 53
286 184
224 86
314 73
296 155
569 72
648 359
588 470
608 408
328 136
445 161
637 624
510 505
64 38
395 130
609 543
90 3
425 254
155 6
126 77
597 570
621 412
642 147
268 108
227 107
245 112
393 377
309 135
456 147
553 41
86 29
595 97
243 24
608 374
503 350
250 62
623 23
597 224
361 318
622 281
456 186
610 90
583 490
349 333
116 37
69 29
476 338
249 99
632 460
512 329
394 158
554 144
491 279
423 276
170 19
551 179
520 447
537 29
614 174
369 63
361 317
479 119
397 379
457 344
277 49
257 19
193 147
422 97
303 28
315 14
639 18
466 394
495 203
645 467
454 42
637 452
449 233
231 153
281 267
587 265
523 162
201 153
405 102
182 88
453 217
313 174
577 80
515 287
318 37
104 91
517 87
629 204
465 90
230 201
432 224
249 243
503 406
539 63
608 484
412 221
327 225
611 482
428 41
325 184
193 167
644 516
155 117
467 386
535 374
433 228
221 110
494 460
312 140
624 478
510 428
431 199
277 275
532 69
523 233
405 72
281 99
285 21
538 177
497 314
568 83
350 294
204 199
72 30
444 181
254 200
364 325
498 6
486 37
586 103
84 75
619 13
306 300
624 406
598 131
330 75
623 114
431 348
551 191
451 134
401 366
501 458
99 37
311 84
597 233
429 169
353 80
305 166
367 5
372 241
436 116
269 116
586 365
234 61
349 324
439 414
478 430
640 124
172 38
483 160
645 257
156 57
186 177
617 146
147 41
441 229
591 1
64 40
563 53
511 387
444 86
481 444
206 168
458 163
380 73
480 288
542 301
426 225
605 535
604 175
551 287
546 338
384 213
523 153
336 152
444 335
644 502
407 273
601 574
367 324
190 83
571 22
532 101
368 198
347 128
597 529
314 13
450 235
641 73
556 471
628 12
552 326
471 0
510 393
473 233
437 177
350 248
290 229
543 528
638 110
516 199
444 260
642 630
518 112
531 127
406 47
47 6
593 254
516 361
227 179
225 64
524 299
318 215
556 178
349 6
580 26
572 15
363 232
528 412
630 327
474 391
241 118
634 550
457 30
432 278
94 50
438 314
350 84
411 229
479 441
636 481
580 488
368 243
548 470
135 51
590 59
196 134
490 233
622 295
316 166
258 201
524 90
556 237
314 250
287 225
557 501
295 117
246 34
328 310
59 19
153 74
239 154
327 117
639 593
370 180
233 53
563 219
405 396
321 294
443 59
475 190
409 170
404 148
77 21
396 153
566 5
389 135
349 220
365 116
581 261
439 283
612 226
565 296
520 307
583 537
417 84
398 326
466 316
564 54
475 469
547 332
573 169
482 106
445 397
395 352
224 117
204 102
568 289
513 65
646 196
243 97
575 165
327 46
627 238
485 236
498 218
616 539
435 273
429 212
477 220
547 72
98 49
179 70
428 116
506 407
454 279
278 191
192 77
487 329
499 69
442 83
510 297
194 89
107 61
611 27
145 79
336 244
635 166
426 190
641 285
519 46
588 535
137 83
569 29
142 35
636 176
589 129
576 210
496 409
637 105
398 46
298 272
626 22
545 96
418 350
225 187
480 0
516 288
566 46
277 185
367 299
621 553
491 161
407 7
577 37
462 3
594 447
135 128
482 424
465 365
582 537
561 55
280 221
284 149
329 170
478 135
393 154
553 285
324 33
516 477
627 203
182 123
609 378
264 0
602 251
237 230
616 487
583 9
473 305
645 486
449 61
481 397
361 193
191 153
210 43
376 195
604 341
294 262
584 25
284 65
531 273
428 100
240 18
443 371
137 66
62 5
492 75
106 32
618 466
134 50
443 342
469 414
620 396
538 220
608 170
156 76
638 192
201 118
510 255
578 374
397 25
165 47
564 307
575 245
590 114
110 6
535 247
191 26
414 42
614 269
290 165
573 539
416 389
230 166
126 3
647 148
184 46
256 89
538 58
634 221
531 279
446 96
239 126
485 257
457 380
204 112
620 301
567 135
576 226
574 394
362 165
520 72
286 108
526 20
541 135
611 85
558 469
363 80
178 137
571 253
218 201
420 358
552 281
432 99
458 284
454 185
603 588
530 522
153 0
568 90
511 257
565 368
533 318
640 581
576 365
513 67
160 36
631 603
606 326
400 334
433 342
338 86
495 217
631 252
544 99
108 75
627 416
548 84
385 73
382 252
443 212
537 6
637 254
435 123
480 305
407 342
462 287
610 449
519 410
500 26
349 41
404 237
567 455
516 289
589 48
475 112
463 92
537 233
359 301
449 105
570 183
453 243
453 294
340 44
198 31
610 607
327 56
307 273
416 149
390 229
630 40
202 108
515 252
601 223
86 71
151 137
594 45
478 90
427 137
461 445
415 342
458 144
347 221
548 191
436 435
446 311
65 40
296 200
548 154
552 473
465 444
424 409
479 312
641 411
465 461
433 17
416 391
170 24
542 104
143 123
624 538
265 88
539 131
403 40
641 320
597 485
369 32
432 51
458 337
467 83
156 109
506 341
219 213
488 263
474 122
260 120
532 516
494 364
604 496
501 272
477 393
438 246
318 154
540 164
207 128
613 397
343 28
285 170
346 111
6 1
516 305
193 176
526 167
267 125
646 162
399 61
574 45
645 337
605 335
122 42
646 206
76 29
468 174
544 300
526 376
631 143
515 223
223 121
224 102
499 9
191 33
332 80
290 238
286 147
445 426
559 210
130 84
622 130
235 229
427 147
619 269
293 254
91 5
528 339
614 31
299 223
134 46
416 32
354 27
466 248
638 468
602 315
610 145
530 313
337 238
539 254
579 14
162 142
510 159
577 522
518 18
550 297
74 64
547 526
249 193
225 112
240 95
573 132
566 409
442 373
338 105
355 178
583 153
321 87
277 156
535 37
167 107
453 30
378 96
633 369
457 213
544 359
638 463
493 58
449 113
598 400
350 217
368 318
561 239
608 397
323 23
245 136
519 356
124 99
548 80
169 146
480 304
442 390
160 5
431 347
439 22
185 95
562 413
84 37
470 284
204 158
526 6
456 189
63 36
475 24
424 247
250 89
647 180
599 298
331 20
450 444
384 61
492 245
221 179
321 253
598 374
626 37
138 11
527 43
597 220
606 55
444 203
451 251
460 17
482 423
245 66
66 54
512 128
513 35
325 86
530 275
420 402
591 126
233 149
645 280
496 492
154 24
459 57
231 106
242 77
646 72
628 186
647 172
371 127
631 156
538 526
458 145
544 47
426 176
395 38
116 18
635 299
475 180
579 189
433 113
396 201
515 48
505 36
374 338
616 378
561 56
585 106
626 426
541 160
339 208
599 94
390 161
352 219
288 185
600 359
582 293
402 184
626 356
557 42
541 54
577 94
466 218
287 273
473 307
537 516
343 203
568 303
584 323
298 16
269 162
221 176
464 103
306 76
417 20
640 624
585 237
619 402
415 395
474 422
415 37
584 176
394 372
505 51
484 292
646 482
604 534
103 39
477 31
180 123
587 96
520 118
519 394
610 431
644 238
398 111
354 237
262 186
439 43
554 61
428 269
219 114
154 40
460 329
647 560
388 373
328 145
565 451
296 101
603 62
547 377
576 507
490 331
420 275
185 165
422 213
633 599
562 245
261 79
257 195
158 97
379 229
421 4
649 262
485 57
281 147
625 36
165 139
579 441
196 0
403 149
348 179
575 436
487 283
461 260
283 104
504 102
567 330
583 563
153 114
618 58
403 81
101 35
414 184
423 266
575 217
606 292
397 291
343 340
634 470
66 18
414 186
222 45
194 165
313 233
15 0
474 434
378 114
265 163
217 35
336 231
264 189
409 304
205 190
322 172
608 250
466 66
220 156
613 287
337 78
369 10
516 262
263 187
490 141
261 233
109 89
241 47
508 140
624 23
566 142
631 378
484 432
486 64
339 300
476 351
67 66
608 244
630 594
293 23
500 202
347 213
624 552
294 28
387 222
321 59
627 306
195 73
549 102
546 372
270 9
352 185
601 246
514 8
515 317
316 23
355 223
391 243
468 427
484 330
494 300
196 98
34 32
337 262
572 197
612 149
458 194
473 274
634 152
549 31
443 225
200 122
350 193
576 194
642 603
525 270
641 1
374 370
609 540
460 194
564 39
141 107
579 275
94 47
338 249
121 11
459 110
623 331
97 37
469 90
525 216
149 143
382 243
481 269
336 60
636 363
315 77
516 49
628 288
284 30
649 259
470 152
642 25
641 281
513 128
602 175
290 3
253 243
571 409
309 6
643 240
499 195
174 138
534 395
175 91
116 92
551 398
322 259
549 33
465 20
552 13
544 344
486 252
442 305
436 229
631 246
278 1
162 106
630 73
119 31
503 80
547 40
603 10
87 58
368 145
401 172
543 83
494 94
628 451
521 438
630 291
497 482
624 453
545 14
567 376
197 44
539 310
556 25
459 351
637 516
647 39
487 109
432 379
288 112
571 68
241 93
638 616
534 286
309 48
421 325
303 124
439 124
360 54
270 43
441 105
588 220
510 477
430 261
609 454
337 147
271 0
506 122
649 607
156 152
492 395
348 99
528 481
494 249
403 346
606 43
619 162
422 323
531 451
611 447
636 417
588 499
421 341
608 228
530 449
438 230
423 345
393 148
356 339
328 1
440 356
162 47
579 42
633 237
307 165
450 131
519 269
539 418
593 392
430 135
248 231
605 596
387 286
289 183
305 302
404 147
606 587
607 120
540 440
296 49
546 14
363 269
377 86
581 461
194 79
411 232
242 127
286 261
578 296
207 189
643 547
370 71
571 265
120 48
401 125
532 488
402 351
435 245
109 50
506 145
600 75
516 371
253 56
606 90
234 77
354 161
645 412
613 176
622 502
642 540
338 137
161 122
344 267
440 349
411 370
163 70
572 44
532 271
534 435
644 74
387 326
563 512
338 328
181 7
630 308
525 370
617 222
565 190
332 263
644 492
562 410
648 278
643 243
365 231
642 231
626 402
433 137
103 34
514 468
589 135
261 88
389 7
511 367
164 49
439 368
625 615
543 502
218 113
336 263
408 298
351 44
263 135
540 334
647 469
530 441
372 137
170 67
202 201
594 461
454 151
138 112
350 251
471 256
425 1
507 51
569 181
494 72
551 35
534 440
640 619
639 207
562 513
148 27
246 124
567 440
587 23
151 84
356 16
347 293
583 61
583 276
291 71
517 61
421 198
635 196
646 575
408 184
610 547
377 301
582 479
593 210
466 392
572 122
649 243
209 132
174 143
522 273
551 275
445 363
295 239
349 305
640 594
578 323
219 180
336 332
569 134
374 29
530 246
71 37
172 159
587 499
599 540
259 15
193 182
360 83
353 36
572 535
411 159
593 536
530 304
528 123
416 330
387 51
578 144
330 248
428 157
484 260
292 217
340 251
630 132
352 202
570 232
243 215
510 311
488 171
318 284
237 16
192 188
537 335
291 260
463 3
535 350
366 119
473 108
562 385
464 11
480 453
212 60
356 352
598 327
343 168
543 368
463 340
585 3
438 272
533 139
620 348
385 172
481 189
261 102
420 332
610 170
320 156
471 406
294 181
25 15
76 60
405 131
579 371
346 311
271 13
418 159
415 149
646 582
258 44
539 47
533 420
415 148
282 102
465 445
345 245
523 117
382 318
208 7
437 400
617 369
622 149
375 127
185 77
413 356
84 18
131 58
565 504
458 214
42 10
251 13
484 461
392 349
551 380
357 275
306 181
244 185
262 163
99 65
614 36
483 423
434 190
584 430
591 174
582 214
583 376
361 161
612 257
598 512
615 26
532 510
371 241
555 146
610 563
31 20
382 293
488 398
300 174
439 432
201 181
467 309
501 221
449 357
361 311
648 438
143 110
575 30
487 314
613 572
274 204
381 36
315 123
607 80
229 112
348 294
193 138
204 59
281 7
596 316
170 132
532 177
586 168
263 62
455 250
572 63
465 431
602 439
48 12
197 135
267 20
570 171
495 21
614 399
552 293
519 417
380 300
474 233
334 331
609 203
310 2
532 292
278 6
198 128
605 70
561 205
586 189
367 55
601 525
77 22
348 267
641 100
455 270
