1200 3600 1200 3600
988 770
227 68
855 568
1158 994
1194 198
951 282
693 7
1053 756
799 33
589 231
313 273
708 277
724 548
1166 1046
447 413
882 369
777 742
805 608
464 351
535 266
981 856
827 206
218 42
522 482
834 188
738 50
1118 692
572 90
1006 305
742 699
487 2
961 81
906 143
67 44
391 369
846 671
693 431
729 450
934 126
1040 854
279 96
821 341
585 409
983 572
810 687
429 288
210 83
485 145
747 579
792 435
1144 131
51 36
876 218
526 161
1158 27
854 57
847 28
443 323
944 496
493 77
973 7
1195 446
1033 481
1043 831
982 310
906 602
1041 714
760 729
938 639
965 385
858 725
267 183
893 284
988 774
900 665
683 54
281 27
562 131
763 337
671 24
1134 256
933 109
994 845
758 604
661 504
1113 395
447 94
932 607
929 282
1067 616
1018 787
756 246
608 246
1188 886
728 542
610 424
918 525
1103 214
848 267
1142 644
244 34
966 110
812 796
1116 948
1083 793
703 626
869 22
700 192
1178 59
1151 40
349 168
854 709
951 482
759 676
919 843
408 20
859 670
978 233
757 200
983 830
1069 658
819 612
890 188
511 399
786 329
859 350
1157 362
1149 115
681 499
144 108
660 151
1089 267
833 275
1069 337
1017 676
164 82
1132 369
1185 438
963 298
493 110
447 271
1003 624
587 549
1105 660
177 112
1145 381
1144 925
860 588
1149 410
1132 942
1024 915
922 724
1054 743
762 116
401 21
1124 784
1130 1007
240 120
879 174
647 123
528 475
961 402
873 576
1098 866
377 179
803 99
788 417
800 376
1125 196
999 687
907 165
992 137
1019 193
557 505
482 263
185 35
855 642
286 283
703 120
663 592
673 586
299 137
723 703
759 101
844 301
1150 1101
175 123
563 128
626 236
819 294
497 108
624 489
850 494
682 377
182 106
437 243
1015 445
701 279
208 96
1174 389
873 204
1158 126
1015 722
868 369
1008 49
400 78
944 347
849 742
688 447
924 814
1068 569
715 429
1165 607
1176 1028
1094 803
444 405
706 633
867 808
628 610
559 425
913 272
384 336
376 4
655 115
388 116
156 139
645 505
956 107
869 563
757 490
1020 1019
1090 15
1104 466
418 396
849 79
922 683
1057 932
906 639
1051 277
972 310
966 636
1018 603
317 232
1107 537
660 235
951 605
977 292
597 335
668 197
1095 544
434 26
779 147
1057 767
357 351
378 132
610 578
897 626
853 78
896 551
1163 935
864 418
654 342
357 147
215 123
813 176
696 257
1037 277
951 561
634 274
1199 618
749 334
680 133
656 544
809 570
789 728
965 949
1064 264
1114 1012
635 525
1088 241
750 309
1174 1056
596 506
619 573
1074 905
828 445
940 174
862 839
966 638
1172 207
158 14
1083 742
505 386
923 670
1179 217
1073 1047
874 521
1092 509
731 428
533 188
812 727
851 362
692 307
1146 1056
1137 154
238 131
600 120
999 205
907 824
797 106
1150 564
1005 76
1198 197
1174 724
833 755
488 267
1012 778
526 405
340 233
350 4
1120 1023
1112 825
901 401
1146 1093
872 353
1023 327
985 619
1160 1066
754 377
333 261
863 53
22 17
972 629
672 378
793 605
624 55
1165 1121
1041 957
474 149
612 407
948 144
972 792
856 825
857 414
854 468
372 237
803 87
912 541
746 251
1075 763
642 513
909 374
710 509
509 391
630 477
1028 513
420 246
963 227
374 295
1024 709
1123 85
950 686
1059 449
494 259
955 491
740 118
568 319
818 115
693 193
1140 872
1032 267
858 625
1199 1190
981 528
179 157
1005 372
932 416
1094 663
442 96
1124 482
366 8
1034 494
916 289
1099 862
1143 930
583 419
783 157
500 66
1019 1004
887 130
1116 522
1023 891
878 196
558 86
851 121
565 51
643 417
928 24
959 557
999 151
552 230
513 117
766 344
1099 952
443 276
744 334
1009 724
720 501
1146 1082
1109 792
975 635
695 636
1003 119
1151 734
1063 541
805 427
908 88
457 316
542 142
735 465
777 116
858 247
1126 274
757 467
391 341
940 119
1060 750
1161 110
441 301
543 468
573 140
851 311
1025 821
1049 278
1069 736
866 281
943 555
1197 846
881 809
779 39
931 548
468 44
862 194
1149 195
988 875
658 52
928 771
958 388
908 509
894 419
704 621
516 424
1055 718
939 282
1150 1054
976 131
1192 242
677 208
1066 1008
1048 595
667 105
1069 809
1039 369
427 270
751 639
432 23
1185 457
1136 436
883 703
406 16
1105 197
741 677
1136 475
1011 237
712 366
426 210
817 638
1037 961
303 200
589 325
231 174
525 84
1155 46
641 388
659 231
934 829
600 486
787 130
893 334
555 132
1038 149
1003 7
1036 422
909 772
1092 578
1032 800
233 20
949 189
729 239
234 127
884 291
949 318
970 493
701 689
1120 33
692 164
409 245
887 10
1072 670
1193 1094
1090 1021
289 166
1038 832
885 677
327 98
1033 916
1152 692
503 76
786 184
965 213
772 562
864 465
909 661
540 113
1033 229
720 12
999 826
637 331
705 634
914 748
1017 280
717 259
417 395
670 201
766 583
937 144
1044 813
1189 52
1163 912
1169 801
674 141
423 299
1113 489
847 735
488 48
680 235
819 126
720 190
236 11
661 476
1171 588
422 339
429 418
1052 896
1068 108
84 6
1010 664
871 724
785 270
585 521
1100 650
1190 20
561 503
1152 107
1152 399
1021 162
869 423
675 635
912 215
970 734
1138 993
1057 715
1197 1095
580 101
688 176
1038 795
476 426
979 934
391 169
858 242
224 138
81 22
1006 44
586 510
728 585
928 243
645 478
1071 827
890 704
986 357
1046 868
895 43
969 951
1061 976
174 170
502 78
119 95
968 511
649 49
563 231
761 356
966 901
1189 446
829 314
765 638
947 122
686 269
967 350
445 28
913 106
911 93
998 71
1042 1003
1003 18
229 200
1080 962
995 468
230 224
802 640
1089 616
1081 4
1112 928
1115 1098
529 156
1076 492
1068 581
549 55
1076 967
517 279
1198 687
517 367
734 336
754 508
726 325
1069 491
398 117
1095 890
985 293
239 100
1145 25
842 46
990 595
1198 998
497 355
588 140
894 197
1087 372
1008 847
364 54
861 38
403 337
986 323
1126 417
833 480
362 84
191 166
1183 1018
728 116
537 386
626 440
1051 293
247 151
1139 451
539 183
1165 902
276 135
984 619
769 245
854 363
1118 679
694 531
962 909
916 599
630 550
349 278
651 380
700 472
830 125
893 774
1099 262
893 856
788 117
911 644
883 14
948 83
959 505
692 195
451 59
190 137
1126 183
756 734
878 783
1114 934
661 209
519 118
617 208
453 308
558 525
822 69
170 5
371 134
216 193
1037 1013
1170 646
820 706
358 335
1132 309
879 76
576 472
784 209
670 668
637 289
727 356
498 303
1078 455
778 588
812 90
1116 682
686 343
1112 166
1013 554
751 158
962 502
1196 271
1007 568
537 298
1048 1022
936 414
1039 977
752 376
1088 247
514 102
1061 239
578 560
812 667
41 0
1012 262
962 853
735 153
777 517
213 138
1048 1012
467 75
896 384
744 547
1155 996
843 575
594 221
1133 803
599 7
792 741
1051 825
877 615
1021 312
593 66
513 365
766 453
250 90
227 217
909 281
927 850
566 296
455 118
1157 796
939 337
423 135
1150 415
870 19
1148 624
554 390
658 512
1011 932
1038 15
975 887
439 424
897 737
691 214
1115 708
991 636
846 779
1096 77
321 3
457 343
470 223
573 77
1054 388
499 290
553 74
966 598
68 19
1117 532
860 818
1035 788
1118 1099
927 842
389 72
691 680
1087 880
1064 485
343 156
1121 693
1129 213
1097 706
1120 491
925 896
926 283
599 81
1103 0
502 82
703 369
315 103
846 473
1114 1015
999 2
1147 542
559 198
814 799
1194 61
1046 50
702 506
854 768
912 732
1081 859
1107 439
363 203
1061 313
986 2
955 741
577 42
227 182
710 471
1143 197
1009 620
786 777
838 180
916 531
1002 519
728 626
459 70
256 43
415 372
907 872
835 797
674 231
323 76
1120 42
1174 313
1044 917
1040 250
550 488
1117 786
1153 621
326 182
948 528
1006 710
1109 1028
363 242
225 71
489 98
1048 279
1125 913
891 744
1162 156
250 228
1175 855
330 136
950 717
1054 174
805 625
543 521
1197 384
804 571
1062 653
892 662
669 468
1125 3
1016 884
876 395
933 740
1141 351
564 478
285 111
430 21
882 715
381 293
1133 1055
521 240
838 172
711 443
841 179
738 17
524 301
645 504
910 432
734 629
837 51
368 10
897 104
659 202
289 44
615 251
1125 859
1192 817
335 44
253 243
917 257
547 434
303 128
210 134
933 665
974 579
602 15
565 509
584 107
1073 939
975 464
647 630
1149 691
1004 108
907 856
1070 870
867 2
1035 102
140 7
387 9
731 584
853 343
915 66
771 17
690 461
770 472
795 180
740 517
635 626
625 80
1175 230
1078 410
1143 676
921 304
326 155
1122 750
984 327
559 0
534 71
842 437
611 586
1167 994
883 222
698 121
747 699
968 427
682 201
909 435
254 75
1009 11
405 332
534 347
818 674
1050 1026
554 361
529 331
418 279
1051 673
791 1
757 575
958 774
975 616
841 238
244 231
457 421
905 100
1049 383
926 175
553 199
574 413
717 286
926 171
968 735
1168 1145
404 92
763 563
1199 300
1166 406
1046 613
762 615
761 207
414 302
1061 279
849 221
1194 578
600 397
817 337
1177 256
592 99
929 280
404 316
1091 632
349 228
989 302
1097 66
779 617
1184 1063
234 221
912 304
512 208
848 520
1027 949
772 188
958 517
1110 690
288 99
514 103
1075 443
570 56
819 53
968 494
1075 876
837 372
1180 367
361 93
1152 349
571 434
861 557
1148 44
1074 765
1151 301
598 566
774 482
548 94
214 3
611 574
958 266
836 677
1034 604
1087 389
1047 151
93 45
1177 226
942 448
406 176
994 484
1007 997
573 381
923 542
1124 424
1148 494
386 174
436 346
467 67
1038 996
951 95
894 4
796 778
1010 932
940 267
1128 946
961 108
1064 698
759 371
1068 27
1009 490
408 138
908 180
553 368
1070 1032
860 741
1077 589
525 357
1170 894
1097 799
739 318
875 130
638 92
706 579
1063 4
645 630
501 148
769 45
1130 340
572 104
609 310
905 623
856 656
960 610
1107 1023
916 543
280 167
574 153
970 400
1019 376
1178 1090
698 345
996 814
1066 186
1010 619
833 809
523 395
1168 471
1190 419
355 325
759 229
668 570
224 133
1114 991
1126 539
1179 586
1007 381
678 340
951 299
956 251
718 441
559 372
246 101
1043 373
1016 700
649 283
983 290
540 270
1037 521
482 131
498 186
1019 5
1013 265
737 143
1064 311
513 200
258 105
650 153
1183 1087
684 616
531 129
1190 282
403 142
934 760
1149 886
1017 183
475 82
765 400
851 473
1163 160
472 375
1014 565
793 135
419 59
1103 528
742 341
962 306
1199 497
955 148
1127 445
1107 858
1016 913
960 752
371 242
1063 623
561 63
1161 1061
1031 887
612 249
385 107
522 466
732 160
1002 615
828 329
1152 335
326 300
764 599
464 233
529 508
1190 418
608 249
1096 328
812 431
1068 72
910 5
515 422
778 175
839 19
760 298
1083 215
990 296
903 344
1018 891
646 304
617 173
264 224
989 438
1091 381
769 545
710 317
1171 1059
1166 614
495 253
236 80
984 888
1199 700
869 598
901 65
703 375
747 661
972 534
1164 652
830 121
866 254
1053 751
695 377
378 240
658 75
846 103
720 467
1186 975
826 414
1140 444
1058 69
710 403
459 281
1044 210
985 486
867 649
590 163
718 85
707 295
1019 297
1022 52
692 417
976 496
699 570
1051 1012
812 195
933 213
191 40
422 132
200 14
1192 383
1093 959
912 158
1099 912
1151 1107
871 479
619 297
656 318
1172 10
1072 496
800 59
1163 70
969 924
681 248
987 124
518 152
229 102
508 59
660 478
893 582
170 10
1008 914
498 6
1038 154
1044 932
402 275
960 837
820 320
687 489
647 28
933 173
1134 867
882 819
711 423
985 533
1000 289
586 507
446 16
983 787
699 237
951 712
552 125
650 465
1048 820
416 229
464 403
757 40
967 653
927 169
1194 600
172 148
1071 301
640 475
508 95
930 335
549 181
1050 78
873 91
851 392
872 84
908 385
711 92
690 5
996 776
877 88
1091 7
598 27
205 89
871 154
1181 208
572 40
907 892
398 92
1151 738
679 347
1148 371
848 163
1133 1105
277 235
829 172
373 229
644 482
1162 979
925 13
700 645
1161 474
880 608
1178 571
941 77
804 78
762 734
1142 1119
576 41
765 690
949 359
843 650
871 450
704 98
492 105
511 237
44 1
876 656
852 55
1130 1031
1008 761
289 102
526 77
870 56
598 584
1184 981
1069 950
1190 277
75 53
758 316
615 548
943 642
461 347
883 610
669 281
803 251
877 591
1108 550
1155 247
904 580
1112 775
1157 24
1093 58
988 941
1178 897
692 533
1150 319
524 445
856 842
671 144
129 78
1025 500
748 555
562 100
670 655
629 513
1029 105
937 244
667 304
672 507
479 114
859 98
1015 814
1097 504
243 14
623 304
997 677
620 257
920 413
712 370
365 199
1002 425
1063 461
589 82
1011 979
753 225
915 519
671 307
1184 556
1037 15
1165 188
1109 1106
317 286
450 282
952 352
981 416
580 358
764 556
503 454
1053 385
886 322
931 375
969 451
690 386
258 241
1172 477
1112 656
942 198
500 424
831 253
1060 965
439 34
1121 898
743 249
535 189
1017 841
1192 1001
1069 483
1113 531
651 48
798 65
360 116
1120 113
226 207
852 502
1014 901
866 846
854 55
650 616
565 183
421 338
1095 129
1003 61
1045 1
487 139
736 537
930 104
478 84
1088 364
379 145
438 270
99 68
455 156
850 658
924 765
673 300
1188 836
1001 108
753 519
560 293
1103 746
815 755
1029 785
655 87
887 544
490 100
653 168
1145 726
1190 925
301 278
752 267
663 384
636 254
1109 73
201 83
677 93
777 662
492 89
328 37
493 277
732 9
1004 251
328 162
839 330
960 195
1111 280
692 306
967 890
254 76
957 799
1163 81
675 588
547 154
935 74
320 2
1077 844
282 44
828 483
403 18
444 42
1014 484
642 91
925 549
779 291
1184 655
1191 1088
938 249
698 278
1115 189
721 610
1064 36
548 527
359 171
1123 463
535 447
1143 983
1038 907
992 157
477 133
818 307
1025 870
1072 406
485 164
1067 261
620 144
1082 478
976 89
1119 445
1152 836
1079 417
664 407
731 361
960 895
440 55
344 63
901 79
528 485
202 152
311 129
1005 421
813 777
879 778
920 205
770 90
587 468
1029 215
495 251
1013 624
1057 153
892 2
1020 796
1187 821
1056 594
825 780
459 419
1195 817
729 305
697 655
398 213
1170 194
945 298
991 763
411 45
1031 112
627 70
956 643
425 7
458 291
1178 847
774 363
784 571
696 650
768 722
920 283
1086 38
929 368
748 379
1056 28
1002 105
887 371
821 594
494 212
597 437
320 312
544 111
1113 249
259 212
810 675
1192 29
928 298
1179 891
999 765
821 385
800 732
964 42
1064 249
1185 289
188 29
441 135
1021 783
442 39
646 126
306 269
1102 21
427 83
632 150
1007 95
303 123
840 118
981 63
579 64
238 151
449 44
1162 1151
1176 836
1167 175
1164 486
990 566
1139 521
730 89
1113 953
985 465
1120 855
962 276
510 477
908 632
1095 42
553 497
1118 539
1131 594
355 223
356 349
544 314
467 174
966 34
1013 824
834 605
959 714
933 726
267 37
744 710
958 549
613 170
770 435
668 255
679 239
600 128
1009 300
893 440
1041 903
726 377
899 421
741 420
927 155
1071 210
698 531
1191 189
1199 1047
1137 152
1145 593
655 392
1181 426
607 494
778 629
544 150
1191 527
551 315
355 213
1000 358
610 554
1095 985
1128 205
1118 4
373 343
1154 567
1107 793
888 220
967 573
1017 18
506 473
302 168
453 76
418 82
808 736
669 299
723 576
1072 682
920 360
1168 257
884 459
1102 194
453 402
779 736
331 203
772 544
846 755
536 227
982 227
296 268
488 41
1092 616
801 260
269 227
750 258
276 73
1153 487
754 28
945 438
1101 175
294 116
1183 757
1142 305
1035 173
654 407
1002 426
1045 460
468 326
969 232
954 296
930 357
1058 284
809 398
700 552
629 437
245 156
1077 690
1048 800
1005 948
1079 954
1170 1078
737 387
612 312
719 675
545 272
379 229
1192 275
740 466
1140 94
771 743
883 533
934 836
1152 151
844 103
950 745
1083 511
1183 418
1085 326
1062 1058
1061 231
112 23
1097 914
1065 710
800 141
680 198
820 799
510 371
681 236
519 389
292 26
1025 1018
1095 817
935 577
590 132
932 775
923 343
938 322
931 791
597 307
273 249
897 473
1117 663
521 64
1054 356
1095 550
1108 898
741 237
1161 997
1160 524
1162 477
182 165
499 393
562 402
1038 429
794 260
200 100
1192 274
577 328
922 152
813 419
1043 314
941 383
465 97
908 618
1060 440
1075 704
819 543
265 148
545 460
556 131
1195 59
997 746
1182 1131
1193 1162
846 627
984 861
875 400
965 558
718 253
881 373
720 500
748 266
932 239
840 398
236 13
983 774
968 797
833 831
793 446
840 259
1011 987
564 218
962 341
993 29
1174 848
553 60
820 588
817 127
958 627
924 796
1016 935
1175 1010
722 635
1154 973
912 615
1141 842
1117 767
1141 144
336 144
299 196
1150 539
461 93
872 498
576 34
1018 120
441 37
885 796
197 4
1154 837
1187 372
1173 549
608 93
510 249
899 64
1003 826
1047 138
405 294
1182 56
790 96
753 528
1064 773
439 379
745 365
1059 727
932 919
679 173
430 27
992 300
261 99
893 476
799 446
933 460
233 30
1056 723
901 41
711 449
884 5
1022 225
391 302
1030 727
856 230
494 159
1198 1140
631 515
939 34
1149 705
1092 474
460 250
125 78
1148 997
826 682
554 204
1188 701
1111 478
854 413
111 73
927 110
391 22
163 121
382 235
1099 746
1022 770
419 108
58 6
305 60
787 525
920 375
864 781
500 90
1132 692
415 216
1144 1071
437 247
1198 988
1123 869
1118 413
671 101
1182 42
1162 595
526 132
806 241
1116 803
421 21
874 869
845 273
1026 38
1137 50
1122 719
838 752
830 120
1002 345
693 500
103 76
905 141
758 725
173 95
480 163
440 203
424 233
964 220
933 199
733 118
83 36
771 348
521 209
566 152
802 647
1016 750
1132 221
759 734
1106 646
566 169
801 431
945 659
712 195
712 503
494 4
1135 17
1078 808
922 120
752 144
738 411
472 428
1010 58
972 212
977 211
1115 701
953 412
774 557
554 337
1039 358
967 459
334 52
1043 712
743 44
780 708
1191 625
1038 378
745 679
557 349
782 291
874 619
677 328
536 180
968 89
504 116
381 272
1133 181
905 311
1010 183
989 482
408 242
1010 908
724 30
326 60
393 142
900 529
1124 832
1004 738
945 504
1012 167
1060 1007
661 400
982 635
1022 612
406 259
996 225
769 370
941 339
950 52
606 54
669 294
1181 1054
1190 1091
1103 335
1194 900
694 149
404 88
741 532
707 378
878 71
740 614
749 123
463 386
837 114
1098 271
692 621
537 25
1027 716
1038 324
745 441
833 133
775 305
987 292
877 654
526 525
185 96
887 33
974 134
872 679
723 396
438 257
1097 816
673 495
572 70
623 62
890 860
1043 411
102 38
114 61
1082 97
855 87
780 174
892 885
353 144
914 569
525 375
750 131
144 122
581 171
137 18
37 33
883 302
1174 306
990 312
530 81
1006 46
1052 955
256 222
1138 6
1028 142
835 821
1112 791
1004 644
981 630
450 228
278 200
1004 126
1185 1154
646 388
998 482
1162 675
1015 444
658 601
867 241
1128 131
649 571
1029 403
1006 854
779 41
981 273
550 281
712 68
1096 939
657 320
908 647
1039 450
1087 776
969 188
883 63
768 728
1088 1081
32 23
504 291
1116 775
1034 541
985 418
1033 71
487 177
375 88
841 617
1173 847
1194 681
1192 543
694 502
492 20
741 411
1042 933
516 456
251 160
845 571
1064 216
549 510
518 505
369 273
903 900
934 771
953 631
1115 187
974 885
301 188
983 527
744 299
1144 512
976 205
971 740
396 209
1186 368
686 497
578 352
1070 117
567 276
1187 631
779 16
610 448
1013 165
797 637
387 49
1093 744
645 140
1133 1005
1047 943
1127 1033
1197 725
1017 326
941 580
197 146
1105 582
1075 455
877 364
590 463
497 70
684 19
792 416
527 312
1061 6
442 89
467 221
1079 32
847 628
323 169
893 45
728 352
170 149
468 406
636 83
398 254
724 451
414 100
931 216
1178 450
812 458
685 621
774 148
1118 53
1175 525
1148 826
472 266
454 451
948 774
832 423
545 156
572 282
966 221
894 509
855 189
1191 628
1076 625
1129 1085
1045 813
825 323
840 240
1062 532
1169 619
562 488
882 767
1170 228
985 884
724 668
842 265
1007 738
878 344
519 278
592 490
1070 211
798 98
302 81
328 251
560 48
260 118
768 624
971 952
767 25
579 46
700 245
850 751
499 296
1167 1138
943 493
971 684
1053 850
530 405
677 304
1162 1092
974 132
467 10
453 105
1162 200
1146 926
1048 743
804 83
1068 43
1097 545
930 843
950 405
942 180
1020 141
1067 529
949 852
1119 442
675 593
752 531
1003 989
774 629
844 203
1079 899
1099 175
526 395
836 710
726 111
973 739
389 362
754 605
677 198
276 33
1109 600
1153 1061
561 327
962 938
872 49
423 108
1025 339
977 256
859 155
568 400
834 386
604 357
961 924
576 175
454 10
954 441
1061 900
1154 684
631 17
558 447
790 666
552 61
1120 1021
1175 287
584 240
1056 266
1120 1013
332 210
739 518
941 12
510 369
807 147
767 146
1098 734
984 568
1093 498
386 32
1178 771
537 5
1142 662
71 24
446 317
875 421
403 380
1124 727
391 27
840 287
748 690
737 294
1172 827
334 210
493 352
919 131
646 400
535 33
986 231
1101 733
887 739
588 384
570 32
1184 719
239 133
1006 108
260 224
1047 66
216 43
776 226
1010 299
1102 116
777 131
844 788
678 347
1182 264
656 313
1114 185
849 633
1033 745
1149 131
709 76
845 227
400 30
1131 527
483 113
1047 208
1096 164
1030 45
876 338
896 511
980 705
1031 860
1095 380
814 364
890 404
800 582
970 899
871 555
1017 13
593 316
982 298
986 601
647 432
1064 1059
702 531
882 873
434 35
847 547
881 819
1069 260
938 419
942 151
953 809
705 567
903 77
337 174
941 850
685 286
402 131
1181 32
1173 532
1010 271
453 422
1159 428
1093 670
210 167
989 724
577 475
888 548
1167 272
289 85
681 531
1190 881
1092 1090
793 44
342 108
1129 772
612 518
440 344
397 95
1075 351
546 162
1197 756
469 90
818 683
675 516
651 0
795 176
1106 212
1027 169
1187 1082
541 509
905 181
487 204
743 542
811 559
697 696
1034 668
554 270
1138 252
1153 246
879 625
844 344
1006 457
743 86
364 143
803 644
1105 929
502 438
669 306
596 482
681 60
1026 65
612 486
954 300
1053 253
652 326
156 62
553 545
741 384
515 347
985 402
266 255
1135 843
489 356
761 188
1088 708
622 277
887 412
356 78
1170 130
1022 696
878 350
1002 422
303 3
1125 730
291 162
1115 1034
1099 717
253 120
246 178
1088 939
123 17
1083 73
814 577
1157 49
1070 917
1120 780
862 76
1121 149
450 105
1157 139
948 540
795 543
1144 371
86 77
857 739
426 135
873 410
686 353
582 76
1075 482
945 427
266 120
814 218
903 265
1171 175
331 216
864 642
668 464
1192 130
1106 278
784 724
1170 655
838 426
1121 166
719 316
449 286
1120 199
989 536
1127 34
1129 1124
920 463
229 226
276 172
1173 345
950 187
1088 294
1197 485
871 15
759 102
845 745
590 1
1158 93
693 234
884 222
1115 528
640 16
810 211
995 394
1187 798
97 12
821 7
1062 415
1037 1012
1184 324
692 180
1172 390
1003 550
508 437
726 321
400 395
593 279
1178 256
1065 586
971 955
768 34
252 84
727 159
126 34
655 284
1144 344
789 542
1095 802
596 556
1095 538
845 534
1002 544
1004 55
802 165
787 478
1148 35
335 26
700 237
450 311
968 786
922 288
584 50
903 385
523 34
1044 744
652 351
901 596
741 612
282 97
904 468
997 621
989 575
383 271
769 569
609 437
781 367
995 906
235 48
251 223
957 841
898 286
265 45
841 73
666 417
1073 552
887 280
1154 444
1139 624
1067 450
1067 279
392 259
635 75
883 154
983 826
861 437
766 457
589 233
869 393
1197 37
1026 861
847 510
1071 166
811 742
756 168
1065 212
390 366
574 286
1085 486
1121 708
227 10
949 691
440 302
305 92
225 66
1166 81
1079 674
999 664
408 183
1141 626
1023 830
1126 640
897 816
1196 69
1023 126
1057 729
980 574
587 194
795 623
1004 931
310 15
1187 658
275 6
853 131
1060 670
790 601
1179 1130
1028 799
1051 394
839 15
489 209
754 224
865 732
843 726
964 95
1162 218
705 308
792 25
1154 158
660 657
575 524
1082 652
589 341
809 541
289 224
420 345
721 260
462 319
641 10
831 390
414 162
927 802
260 195
990 472
423 28
1013 393
733 560
915 160
1027 209
1102 801
809 684
492 57
1012 26
786 681
611 523
949 888
1173 789
981 278
1174 1048
882 539
1130 817
573 287
349 93
678 539
613 493
984 205
748 640
34 22
466 96
802 717
825 311
1083 1032
383 289
1144 742
747 18
942 704
871 319
1070 24
249 77
751 217
828 528
1076 562
740 285
1031 403
717 168
856 82
895 372
1013 640
124 63
779 193
514 30
1131 367
1165 56
804 760
535 272
918 386
783 634
558 537
575 58
1086 763
942 801
721 351
669 474
965 934
601 442
1109 555
572 259
636 608
1072 803
845 433
1142 48
739 665
924 261
449 363
336 240
923 121
1157 351
1172 323
851 323
797 210
1095 645
857 68
970 391
597 381
311 235
975 46
1164 225
733 281
706 155
419 321
944 552
962 371
356 122
727 285
1128 478
1194 816
677 355
669 276
1036 973
332 67
1001 940
1085 620
575 363
1006 47
532 179
492 472
953 349
1192 993
406 151
720 658
1009 17
985 453
1003 603
775 363
706 231
984 439
887 62
583 10
835 505
324 47
1138 942
146 8
404 215
647 16
488 248
1014 868
1035 955
730 344
911 473
220 164
1165 190
991 881
640 273
347 160
591 341
956 445
417 283
977 960
990 852
998 580
971 741
1005 578
772 579
472 180
447 301
385 305
298 160
558 507
1040 446
733 720
449 277
1066 502
295 241
686 619
820 565
766 47
596 13
694 251
1057 260
1159 124
962 751
1005 944
942 4
653 40
679 498
567 361
712 263
1064 889
964 479
872 601
203 197
929 258
1037 749
693 348
456 173
963 906
870 90
753 700
434 2
689 73
1099 130
477 391
1100 220
82 48
492 420
764 346
1019 777
682 672
981 712
977 258
811 698
1117 225
816 485
1135 1058
433 382
637 550
1103 797
1065 105
1009 270
424 35
602 413
593 42
758 647
877 220
926 6
833 613
1094 975
247 164
801 382
560 325
1131 1042
344 259
891 127
1090 500
1052 526
1063 773
598 471
427 22
568 286
302 121
793 196
1069 889
458 1
1157 1091
1179 430
1156 1098
911 788
335 192
319 97
660 485
501 254
1156 156
724 651
586 405
830 322
970 442
149 47
760 399
1031 681
1120 489
1190 598
666 353
1095 567
460 29
1161 557
1107 551
241 237
1190 1104
1088 102
508 312
525 307
208 42
734 730
127 39
308 91
105 27
1150 451
425 187
1108 632
1173 680
866 88
1083 200
715 227
687 157
1177 378
1086 330
632 549
305 102
566 166
1126 666
1063 410
790 525
815 196
611 476
1017 337
144 113
614 544
889 92
1059 808
1086 124
1149 518
677 391
1015 908
1123 519
679 472
929 154
889 150
918 177
1064 696
1098 623
1013 762
894 843
1093 201
618 294
438 368
536 190
68 26
988 229
479 399
291 146
772 745
429 102
1191 500
487 51
682 198
397 135
584 166
764 240
921 406
545 157
1154 544
716 586
1038 269
968 652
936 501
879 447
658 477
961 164
1109 202
531 216
277 176
815 668
427 345
948 866
997 235
791 255
805 203
1025 373
1087 509
806 161
422 255
342 261
896 463
666 547
700 55
946 554
368 306
1195 24
1175 858
677 434
566 184
936 633
1163 590
1106 457
504 66
766 701
700 608
566 210
647 562
1172 355
926 485
458 413
690 261
1193 740
511 103
811 644
717 672
1198 696
731 40
218 50
1043 731
805 349
215 52
890 605
859 66
621 365
1112 6
960 844
926 405
654 161
923 347
95 52
1169 310
1195 1084
928 282
889 716
954 150
1072 702
976 112
772 688
268 94
917 116
1188 562
785 537
1039 798
1043 859
749 97
830 167
37 8
1128 540
1077 230
1133 196
936 796
222 187
1186 805
342 125
993 65
992 978
1072 893
317 257
864 477
776 658
1058 557
1103 523
390 177
985 578
1075 883
377 233
1123 293
1102 720
463 179
917 653
784 316
687 501
1145 185
1022 79
1158 420
1007 214
657 443
924 137
392 330
917 355
466 401
636 424
786 58
594 401
840 561
721 341
853 208
527 15
798 758
1011 690
1069 488
1123 505
957 240
726 592
545 222
468 452
453 357
242 147
862 801
490 417
869 749
1156 584
120 85
1191 136
773 554
1129 265
1115 733
1083 890
955 66
1078 292
323 310
344 146
663 550
1089 796
712 269
1172 306
589 564
870 191
502 107
1059 948
527 14
696 571
1124 30
352 45
598 420
945 510
1187 353
696 629
1110 637
654 287
641 135
307 253
919 488
612 19
684 231
857 369
1187 491
1064 75
775 72
385 203
622 18
730 409
636 402
583 118
1028 878
853 828
1160 393
1123 88
411 72
474 25
1121 219
318 183
1173 343
1150 1006
228 172
589 424
953 744
858 551
1179 984
1040 981
974 845
182 113
930 927
1098 681
607 41
51 13
1161 611
860 743
640 164
1088 213
194 170
1085 373
1093 627
1033 294
296 103
347 56
929 57
1181 1175
727 457
721 548
1014 665
1145 922
1046 546
386 244
992 372
1035 969
681 540
203 64
756 104
988 773
474 170
707 116
1068 450
571 552
580 294
517 229
824 274
777 303
764 498
789 299
222 130
963 377
264 260
595 311
860 239
1092 409
676 412
557 392
1053 325
1157 363
969 371
1165 563
677 25
1139 1006
839 75
950 856
943 590
726 427
1118 918
709 303
1111 940
780 483
915 459
649 159
631 587
851 6
907 557
970 485
900 508
608 398
562 253
983 168
904 524
1078 815
1145 92
1140 431
307 181
1034 922
232 148
586 463
830 397
1126 673
823 641
954 556
973 325
739 41
602 564
675 559
954 213
452 164
856 189
777 546
915 264
570 22
643 164
727 149
853 552
1049 755
1141 711
956 694
363 4
864 130
803 668
1025 629
881 226
796 346
278 186
941 449
1039 61
1076 1018
1106 246
1005 580
1011 857
939 500
1100 788
1039 204
588 105
1169 536
962 309
693 359
638 419
972 919
152 76
939 383
668 435
773 630
642 544
458 283
556 460
1062 717
998 520
491 289
1014 483
451 32
915 6
1186 294
581 4
1115 1044
648 249
1046 967
778 507
1123 595
1156 560
682 630
219 102
939 285
412 0
994 669
114 106
207 200
1171 795
1163 692
1086 706
1123 75
901 128
445 357
630 92
831 589
909 175
355 252
937 280
645 8
1065 1054
876 718
835 528
864 252
1062 296
865 482
535 323
1026 420
462 385
564 182
715 565
815 634
1162 354
1186 1107
902 554
1062 732
1043 651
986 221
559 514
1174 424
1137 782
1044 164
1087 246
389 1
1037 560
298 58
1133 847
228 214
770 393
385 369
217 161
559 346
549 154
855 37
1150 578
1160 849
463 138
1053 153
1051 547
1135 841
889 65
879 197
854 810
1107 777
918 835
446 241
681 514
418 390
660 136
782 132
912 874
1139 391
874 435
155 71
626 261
554 411
984 237
344 237
651 401
1061 882
1178 592
173 137
233 71
356 4
815 97
609 354
505 500
912 177
885 585
898 453
820 168
665 630
893 660
726 715
1022 689
1175 914
823 791
964 19
1173 320
430 315
884 653
1079 1022
910 402
1049 403
902 240
970 382
842 489
394 344
943 269
751 370
1123 738
597 164
1193 819
1069 309
484 283
674 549
1198 412
756 402
424 217
925 295
384 254
1118 546
816 741
1169 745
944 244
904 666
1118 182
1016 327
909 840
1081 636
590 364
541 289
776 136
342 168
344 111
298 139
1018 922
840 540
914 284
880 292
788 642
681 360
498 372
713 144
961 499
1109 538
706 470
1131 352
992 65
727 453
1011 895
986 718
950 524
1032 559
607 214
1005 398
747 282
380 373
45 32
1122 388
1062 891
757 419
598 149
1192 874
585 29
718 656
602 441
353 315
1099 49
421 350
385 348
992 171
1059 497
662 155
1100 984
488 138
946 909
605 502
631 161
1186 660
975 944
869 291
778 6
769 714
643 385
736 676
1192 306
1169 531
373 112
593 104
1190 1178
547 356
960 603
590 284
649 144
1136 1067
677 377
1017 23
984 464
951 816
707 156
1115 977
1116 895
738 181
699 695
717 650
1132 134
1165 1158
603 269
989 641
555 232
113 11
1106 1094
868 358
175 19
541 21
1002 529
1142 688
235 234
922 420
1020 605
1018 107
911 241
816 685
1115 495
849 132
563 154
990 401
527 147
524 194
868 670
1060 397
740 512
856 474
659 51
804 373
707 661
632 513
855 730
940 552
758 526
1144 1128
1197 942
1180 725
815 131
301 197
1084 243
1104 658
1055 381
514 152
784 690
1162 928
114 29
754 645
518 132
320 208
1145 659
921 772
1147 1069
1098 579
1069 710
997 835
1024 559
925 416
944 499
900 370
942 82
800 410
1142 728
843 131
996 377
860 194
608 262
909 470
523 181
546 276
433 176
1152 406
1165 1162
971 232
274 90
1033 199
1138 914
922 670
885 817
209 207
1029 767
812 37
979 11
768 761
1170 33
747 580
893 637
282 264
754 141
778 292
847 589
1101 933
602 353
1106 286
1054 660
1082 580
1018 525
994 168
621 441
732 51
993 59
1049 959
894 371
996 896
439 73
1199 343
943 155
751 481
966 557
943 711
545 318
852 270
561 530
855 848
1180 693
456 403
814 257
1107 358
617 530
918 738
1158 482
941 735
1015 957
1183 512
1191 738
1130 287
821 369
609 34
1065 933
724 529
97 28
172 83
775 42
766 147
644 105
1001 801
1072 754
630 253
896 586
376 228
980 674
682 426
886 480
694 515
628 490
487 411
650 55
1005 33
238 108
234 105
1149 878
1164 626
1121 130
547 37
727 558
722 674
438 213
1114 443
492 451
936 692
946 781
1166 326
918 40
1102 393
548 262
707 299
1007 665
770 9
526 334
764 533
797 761
1181 1000
1103 392
369 243
886 172
366 156
889 691
848 547
458 170
676 506
817 355
701 568
546 275
240 161
1039 671
1080 830
433 161
1127 537
654 497
1018 426
1149 292
1177 560
938 145
1114 1088
1101 411
766 535
803 375
1008 98
855 520
516 274
998 154
1178 849
911 666
537 502
757 632
447 66
1177 61
408 80
998 140
1188 502
877 273
1127 293
1170 432
693 85
514 488
1199 701
1005 159
395 247
578 43
191 148
570 223
653 481
814 502
1020 770
954 430
976 575
1159 589
1169 341
638 87
1002 679
525 173
776 566
710 67
1126 422
1075 794
1055 312
1007 546
998 49
1033 934
777 639
419 136
987 71
1160 722
936 535
566 280
685 365
1194 204
169 79
863 734
303 99
1027 200
695 520
1170 569
718 230
920 267
455 60
970 597
1154 753
1017 276
991 815
1183 442
980 551
448 5
668 181
1169 943
1060 424
860 521
1042 460
402 346
224 137
1046 140
261 244
993 620
584 481
848 508
723 156
1075 572
245 133
618 400
512 199
352 246
408 155
552 493
225 131
995 727
1173 117
879 870
948 550
867 629
1155 1049
250 53
977 619
884 764
626 467
711 509
699 183
819 453
1099 276
630 213
958 414
1194 268
1114 1038
518 284
958 486
913 566
777 625
567 498
793 294
326 211
877 313
590 510
769 464
982 320
487 159
686 119
1193 971
1109 805
424 268
619 526
1070 266
758 95
641 448
1189 114
1122 740
784 376
502 24
364 107
619 59
1023 244
679 197
212 17
529 319
761 592
1107 548
1074 503
790 383
670 314
445 258
557 472
969 955
853 18
860 401
761 643
586 277
667 3
307 232
767 727
820 525
536 54
760 263
835 505
1130 78
115 83
1035 587
728 29
988 154
938 214
792 438
743 106
763 567
846 517
531 94
411 241
1096 42
1034 929
784 182
491 213
856 805
158 140
763 262
906 859
702 536
381 61
473 98
1079 676
456 393
425 156
920 266
1042 609
760 357
1068 568
839 314
1034 595
838 180
1060 202
1095 165
584 482
980 185
315 268
840 497
849 200
658 458
978 77
1195 1151
706 670
708 326
809 712
687 430
905 235
1019 124
1013 748
733 235
671 549
925 52
969 768
1067 589
152 109
1036 147
1052 907
649 202
932 586
815 44
945 611
1027 212
601 491
786 649
774 428
958 903
874 745
664 386
1014 413
616 381
763 681
708 64
519 149
811 199
366 302
726 540
1020 924
781 15
825 520
398 272
1148 528
796 85
791 359
1055 417
1161 672
726 599
1042 906
1189 1058
282 21
983 300
1139 829
1189 818
824 501
558 85
810 298
771 378
957 931
1037 956
463 373
973 906
543 16
738 60
1171 1160
1049 537
1046 334
813 766
598 500
981 370
926 36
683 121
939 226
1143 174
624 554
509 141
1161 253
1059 477
1053 240
658 30
184 10
682 12
965 278
1018 967
132 90
782 511
982 73
922 621
336 113
412 327
1120 857
706 131
807 788
1048 457
634 610
996 379
708 34
70 47
203 2
936 643
932 614
892 650
1047 893
604 277
239 202
677 526
355 148
471 302
582 341
745 73
1138 341
1114 345
978 481
1195 476
629 165
1125 64
1154 245
640 128
622 452
723 605
1147 902
959 372
257 76
728 584
966 189
562 530
553 44
1198 21
1149 840
1044 574
1030 102
334 94
887 672
1084 912
316 109
308 239
947 525
975 880
1119 418
909 184
665 443
989 988
770 654
501 84
417 42
793 738
782 545
486 333
183 95
816 800
1108 138
356 292
1095 525
516 249
731 63
1198 328
242 169
491 468
1016 544
887 356
366 126
1196 267
138 94
979 551
735 245
1140 674
527 422
153 93
593 118
850 621
1011 548
1120 594
1128 264
595 22
1191 589
465 269
731 245
1175 67
892 146
1140 818
613 491
827 246
1110 810
839 12
1011 679
747 645
835 525
961 362
1151 856
979 54
757 359
1116 726
887 285
765 395
755 43
1086 3
574 471
358 322
751 577
1151 84
996 134
745 505
344 308
1088 547
459 312
1192 298
751 68
322 175
669 38
424 393
961 229
1157 373
1004 196
862 340
622 489
165 20
977 97
590 307
1111 789
1029 223
759 721
426 272
703 103
1115 814
414 335
1164 691
1183 14
535 380
469 50
1192 931
469 41
1073 15
751 687
1003 942
843 260
763 219
916 132
1124 703
543 55
1006 458
1165 1102
1154 383
1106 127
1161 787
1057 322
665 495
964 138
1173 1070
508 507
274 164
511 367
412 68
512 216
1082 1000
865 367
402 121
953 280
1126 971
1005 370
1025 173
353 219
779 389
1074 103
958 164
1145 1092
1116 404
913 849
525 310
645 299
964 404
586 65
1098 89
505 65
395 248
462 210
707 47
432 142
443 275
769 719
823 370
1058 834
914 792
1145 69
978 108
1122 1095
725 528
960 760
1072 793
452 149
958 430
797 297
602 16
861 548
939 468
631 369
920 409
326 249
1066 38
818 218
699 419
1147 163
712 97
1097 9
654 317
379 142
982 486
1156 696
1097 260
1185 504
578 157
619 79
672 401
201 12
581 282
852 263
659 553
1002 427
896 662
1038 86
940 66
214 109
957 903
597 238
79 65
587 171
734 386
537 54
870 68
1068 845
546 128
219 145
1138 408
870 624
873 735
477 245
495 79
991 299
1069 468
934 743
621 606
1016 70
599 509
897 74
547 120
688 288
543 87
707 132
1115 896
978 945
463 324
846 287
839 94
1108 1004
1073 1050
958 538
413 332
1054 212
938 418
518 7
1023 404
485 110
1011 524
1054 1007
842 396
723 135
1011 101
865 806
809 271
882 841
808 329
766 602
896 38
258 176
463 271
839 406
1019 853
1124 520
805 539
853 311
471 228
989 466
911 467
788 450
629 472
957 56
1076 410
525 56
728 293
1111 296
120 88
473 454
685 463
687 65
1156 65
346 337
1069 257
766 16
892 152
889 710
950 710
797 89
478 151
1000 830
1009 423
701 618
809 275
1107 112
466 95
416 325
845 9
1164 504
402 318
1121 778
918 829
1015 152
830 363
1023 235
636 74
1116 323
1065 561
632 560
1041 125
631 524
778 696
1061 580
964 798
1035 588
1159 16
581 444
1131 948
520 427
1094 113
1193 1124
903 548
847 753
1198 533
837 602
1138 713
73 1
770 700
814 614
1094 428
909 108
788 518
669 47
1064 48
1039 391
1190 687
868 266
981 19
1021 197
974 758
863 724
716 211
1150 571
958 782
512 43
347 194
446 248
972 332
874 328
1075 442
426 33
971 924
284 105
870 722
1033 31
813 406
747 734
982 125
855 106
381 334
277 118
345 317
903 195
482 45
503 448
339 127
1109 258
884 570
1040 554
499 172
703 161
1111 33
861 502
794 607
906 91
1050 633
960 473
879 211
777 501
1082 704
686 142
1091 332
1007 493
965 515
1184 785
1188 618
689 199
765 410
772 87
941 791
370 206
1196 129
1160 127
762 727
243 151
1065 372
1172 896
1136 1128
1169 13
822 714
486 256
602 592
1139 199
693 232
516 12
601 553
530 255
1011 973
867 792
846 437
600 551
1146 1107
727 662
772 169
700 569
701 612
1072 52
839 129
1158 1013
1182 187
346 214
1038 485
1121 1078
1046 638
562 253
1004 867
348 131
990 383
1081 540
291 95
853 30
857 313
421 109
1067 964
826 520
1191 23
732 539
1114 801
938 506
598 56
638 462
880 751
682 76
765 329
1127 84
271 184
970 54
668 667
1182 946
128 79
968 280
1081 632
924 406
781 213
542 300
137 97
845 780
514 116
986 765
1164 703
946 348
484 263
1198 966
1115 822
747 216
864 694
662 235
1039 714
853 283
813 691
1038 622
343 273
736 628
199 41
842 87
923 775
639 428
1023 660
664 602
1166 270
283 143
757 737
928 460
739 129
322 8
982 756
890 851
946 655
925 684
197 175
859 128
532 461
461 132
965 81
760 156
357 142
683 360
745 188
1136 699
1076 173
1156 976
272 28
1164 471
817 713
1123 923
334 277
886 126
1022 750
974 382
597 180
1173 572
406 92
276 6
558 210
1002 235
947 472
1005 291
656 321
297 291
212 180
639 120
813 21
886 728
1044 908
754 48
1044 60
1103 209
679 416
953 269
120 48
603 159
1088 8
564 126
840 715
322 304
748 617
1097 880
1170 1085
460 350
913 75
846 9
748 474
836 144
1189 1012
698 406
981 876
841 730
213 105
1151 151
301 17
268 263
1043 717
152 94
822 558
1006 600
116 111
786 157
892 773
1023 853
1031 63
882 556
1041 1010
816 92
443 90
1103 1020
1081 716
200 76
1138 513
655 594
691 369
993 429
596 586
1128 1026
564 542
1110 1028
767 469
247 82
1058 662
1015 807
1036 2
1093 119
707 634
207 125
1062 655
530 173
1108 929
235 113
820 473
806 249
786 211
824 88
146 13
1190 29
1008 847
574 261
350 23
698 513
1047 377
1163 543
791 684
879 866
787 551
1051 621
986 709
1177 748
272 102
917 695
784 235
948 379
954 56
1137 1048
513 498
467 129
498 70
953 868
987 498
1181 798
518 94
1089 327
826 720
891 173
1172 687
614 568
924 341
683 318
242 172
683 641
691 619
1110 185
406 85
583 389
1140 21
1073 94
917 843
1096 169
972 524
562 116
62 54
710 202
1181 976
950 508
720 255
1105 143
1112 22
681 494
1134 39
815 242
993 761
585 34
876 736
638 564
1112 1027
1193 573
603 456
1079 176
1039 452
715 148
1187 1060
872 313
555 526
879 611
1008 579
971 333
1167 539
282 89
1064 512
100 83
269 252
1107 496
1114 84
316 103
1161 475
364 207
447 276
1039 784
542 538
1066 314
1093 1086
1169 568
1048 46
935 590
504 286
694 20
990 235
1082 691
303 82
222 79
949 679
1114 156
1055 543
632 395
783 551
946 743
846 661
1119 371
853 773
1090 356
665 261
568 436
628 37
1181 971
939 255
34 10
892 464
940 78
990 776
844 746
961 424
927 670
680 316
947 848
531 110
934 874
454 162
607 128
1037 819
962 85
1110 503
1085 39
1040 447
781 469
460 256
1193 122
491 70
180 54
786 712
1019 522
782 578
424 146
744 696
460 61
594 170
1027 590
438 11
758 478
978 581
359 27
940 237
585 179
917 214
1022 128
986 478
886 581
402 249
1013 973
967 675
384 373
179 48
965 603
1137 522
784 224
515 476
997 821
1085 613
430 410
1187 809
735 4
1119 550
497 459
409 189
373 142
1144 124
165 98
921 873
1160 165
1140 466
603 379
771 157
749 372
450 50
594 559
811 393
803 711
590 497
873 739
921 322
1048 951
212 9
936 490
781 44
240 13
998 84
1013 750
775 538
1037 443
984 436
1169 299
365 215
987 268
1009 927
104 76
479 23
1135 502
572 458
1104 193
974 36
727 437
1182 245
113 4
1081 860
1174 40
509 224
606 544
716 172
1126 871
910 721
983 170
707 335
1088 423
1090 100
830 743
854 569
1003 375
527 436
1084 509
165 120
1094 883
1002 989
714 700
974 387
271 54
1089 287
716 261
948 411
873 342
972 791
1135 609
1123 1111
1000 303
1164 459
775 402
1094 611
1183 274
1168 323
815 21
634 198
1162 886
1115 239
1144 883
565 551
439 316
925 399
472 319
612 123
700 79
926 125
1088 47
1114 846
565 38
1084 204
564 358
580 194
659 552
861 609
934 282
789 203
1144 307
894 344
1010 410
523 205
446 136
439 93
503 39
861 419
223 131
752 524
184 13
738 646
1131 823
1085 771
1013 472
1033 149
343 200
1174 810
847 439
787 600
418 88
1023 452
377 125
304 128
1117 1008
1192 130
420 189
126 57
836 201
999 285
1068 931
833 400
716 240
714 5
745 661
400 301
412 391
464 264
477 127
1079 181
909 557
694 446
850 487
756 18
649 210
1125 870
480 22
985 54
1165 897
97 59
773 431
383 355
853 595
740 698
317 198
808 97
215 164
711 155
1194 62
167 50
926 46
963 593
505 265
1015 748
111 1
238 109
1118 320
826 651
997 552
909 858
607 54
1052 698
1048 493
840 312
568 351
773 423
1002 613
715 426
363 170
987 38
707 521
795 232
740 23
467 150
792 83
808 670
1020 548
1101 597
688 651
900 24
735 314
1135 346
780 226
977 207
286 198
253 246
905 603
796 226
1020 984
776 398
500 17
908 317
1171 102
223 193
639 334
996 380
1032 348
384 191
957 594
571 129
958 332
881 269
959 679
854 831
942 892
1025 592
1040 558
781 588
970 798
938 375
1149 469
1160 403
1041 292
715 473
826 81
896 393
832 261
995 559
1190 333
940 562
717 619
1139 472
748 229
822 133
730 118
1150 852
1045 735
627 227
574 325
399 314
912 898
1045 292
787 719
857 634
1190 137
730 690
435 267
1002 541
751 422
468 25
851 712
840 679
786 581
802 72
1036 631
1102 432
1025 156
709 641
1128 695
1138 220
864 512
1076 351
1107 476
1100 489
922 191
504 127
830 622
1049 715
867 203
1092 418
579 200
823 755
1139 665
1185 1120
622 13
283 282
747 69
1199 793
1154 946
780 396
507 196
893 652
761 440
1175 13
781 512
1119 54
611 600
1179 519
938 892
1003 297
1094 1001
1008 403
845 643
1065 529
1066 342
490 135
638 153
780 215
908 122
1007 684
609 406
1089 165
848 329
1092 980
977 471
380 29
912 667
753 597
1138 812
663 557
585 569
65 23
867 334
1048 389
961 455
934 243
432 199
1062 869
910 816
917 689
963 303
731 72
291 44
481 217
1119 781
188 132
1153 17
1063 518
579 439
1158 749
1120 843
376 237
1014 671
283 59
156 92
1093 1070
541 304
714 352
356 337
659 623
440 71
1022 760
615 346
487 353
699 89
519 278
188 149
516 342
1160 235
969 786
746 265
418 279
1181 581
847 686
278 68
411 359
1104 126
953 389
1089 1029
1186 957
1083 694
917 817
1053 775
1150 844
602 51
180 31
495 203
972 734
947 627
668 132
578 475
561 389
975 147
1156 445
317 55
1131 345
1168 109
799 315
802 288
967 813
329 245
862 516
748 262
328 198
779 745
1014 578
877 35
1113 158
788 367
852 477
321 86
909 470
847 199
1177 1011
1120 6
962 589
1145 914
1126 354
501 45
429 218
760 39
1040 170
710 409
1060 1013
719 513
995 27
1046 888
851 457
574 404
1148 856
113 53
974 298
704 223
1174 352
1056 88
339 239
1123 108
617 428
1194 1023
511 9
1137 8
940 628
1117 541
142 84
935 717
1091 502
286 128
782 701
356 77
1120 170
694 234
824 226
754 185
1054 567
936 242
818 774
402 293
429 215
757 693
947 871
735 51
869 66
346 26
501 338
672 86
655 370
1091 328
754 493
449 352
953 717
1162 320
1174 158
1150 302
726 566
463 328
1129 431
1131 865
907 193
1002 938
922 689
888 591
1064 341
377 52
938 484
564 12
986 554
492 472
441 189
1079 440
355 133
395 394
687 199
636 324
416 230
1110 575
1009 733
362 261
393 45
583 419
1097 562
797 92
618 103
1193 719
635 76
1118 908
738 314
593 13
873 155
954 21
412 237
612 132
891 616
790 70
1090 725
889 242
1042 530
1043 279
910 83
844 509
1006 826
930 407
1080 679
504 452
992 958
964 215
514 97
615 565
254 75
903 292
624 280
920 138
674 303
841 98
988 62
131 78
1034 36
704 116
541 96
935 226
559 90
765 469
1001 487
1143 760
775 231
1085 810
662 185
337 121
1064 314
762 332
845 577
1175 997
1084 940
1121 1040
795 694
1183 766
545 362
325 205
953 706
603 248
288 29
517 300
1135 793
1197 672
852 529
523 56
708 6
982 117
1111 223
1106 545
907 220
1195 596
1051 760
556 507
716 472
798 264
212 206
280 267
412 90
192 47
1038 560
1163 460
435 163
769 655
816 409
786 516
991 442
1093 518
572 238
454 135
1116 1011
825 10
294 167
983 816
863 33
1036 829
781 414
1129 666
537 415
432 428
1048 482
1112 628
882 246
406 143
1066 23
547 478
1021 1003
447 14
363 78
640 523
773 105
655 375
972 742
1062 461
797 450
953 603
1085 741
379 138
951 859
955 343
449 288
693 177
721 26
577 225
1186 1011
128 48
574 314
625 474
684 122
945 863
399 266
571 47
1067 490
1110 579
368 358
1061 863
1039 211
608 232
539 488
675 440
701 104
1193 202
895 661
991 164
998 69
981 599
1162 365
673 446
793 565
1035 755
1000 337
906 205
852 479
963 278
189 103
1149 617
547 116
1118 983
1101 268
911 223
1122 473
574 172
979 508
1139 112
1124 1096
860 417
755 486
110 13
475 293
591 359
733 129
519 398
831 137
370 261
1167 128
1049 1001
1132 1043
991 241
975 348
999 487
1000 333
262 255
920 814
977 102
1164 1066
1162 93
572 16
1062 666
802 677
327 51
795 577
948 733
263 27
751 553
1110 777
1112 228
714 516
729 306
785 295
1099 765
967 964
446 341
750 161
510 325
940 97
876 805
457 54
1100 234
1074 200
639 160
1093 131
736 192
1060 276
925 472
695 635
1137 104
858 843
738 21
739 65
673 367
1138 40
875 350
710 133
1187 578
1039 341
966 44
180 59
973 417
1188 323
1009 100
1000 62
1011 609
603 494
982 710
514 29
365 331
1039 798
880 710
970 547
630 288
886 764
693 346
914 766
832 431
1042 872
910 758
1130 257
871 112
646 144
819 266
688 636
675 401
614 21
1157 915
323 247
705 460
376 364
1057 471
549 370
926 559
1072 569
898 545
849 198
805 462
867 707
1121 905
678 279
681 513
1091 1077
1176 109
648 0
791 128
722 635
403 144
814 324
1094 218
568 519
973 189
788 109
411 238
982 135
116 52
1016 821
600 139
1078 1038
1117 854
904 78
920 355
1124 420
1114 897
826 580
772 599
965 848
456 229
1136 1057
792 36
1071 44
560 207
689 621
729 646
1124 88
1080 860
847 557
612 235
917 545
1016 235
627 535
632 79
1160 432
673 572
485 107
825 709
678 267
719 599
1183 381
851 542
772 238
1180 416
555 62
598 406
468 94
1124 321
564 546
480 406
1030 550
618 29
985 759
928 494
927 475
413 171
558 520
494 135
835 748
1080 485
970 529
796 733
338 124
225 185
1037 699
1020 386
886 532
1099 378
1164 326
253 173
776 773
1129 306
455 96
758 466
1064 889
1161 696
920 551
905 112
927 106
719 324
298 2
460 51
853 769
1005 318
1111 401
1133 583
1160 370
522 399
955 222
327 115
1111 779
443 406
711 196
136 40
963 922
1195 113
455 166
901 480
920 903
1135 1090
667 227
725 194
671 180
327 266
307 276
559 496
1141 110
1071 771
729 4
525 334
807 41
500 441
685 245
457 169
1077 844
566 222
401 349
716 499
676 106
960 758
1178 621
984 236
524 189
717 367
318 29
495 61
562 169
1028 1019
856 592
985 954
854 179
190 20
995 813
1013 894
1072 702
1027 227
1005 109
682 198
147 139
1173 900
372 134
1031 451
1017 838
850 405
16 7
948 858
627 357
210 121
615 596
779 669
1181 407
478 278
796 58
226 200
395 350
399 300
1041 828
577 544
387 261
674 550
1117 193
992 157
245 148
361 292
1036 531
834 140
1051 448
1173 596
972 313
867 467
706 555
1090 358
194 70
1007 221
1034 827
179 175
643 330
424 246
147 26
1144 1073
959 859
701 655
738 300
409 388
1140 557
1000 621
1197 185
755 710
180 7
979 764
1029 40
818 239
950 212
599 571
990 371
1197 711
987 448
533 357
777 745
719 431
743 683
839 191
235 86
1000 604
926 513
296 94
351 36
975 477
219 150
1166 427
1082 501
1165 934
478 222
871 732
683 378
521 447
775 381
1053 150
823 85
341 166
1098 320
521 513
589 79
684 121
1083 335
456 451
774 491
903 22
302 44
687 570
359 77
615 584
1125 548
740 123
1091 529
280 19
794 503
900 772
867 859
1108 916
812 361
975 414
763 70
380 204
1129 587
583 471
1115 779
422 225
1054 709
670 116
1078 952
919 762
1023 433
973 903
955 661
976 129
593 189
1038 192
1181 816
567 188
869 641
768 65
330 318
939 229
926 517
964 788
1079 885
913 528
379 235
1131 271
971 795
368 224
1010 681
475 207
783 354
969 376
1127 332
1142 102
1042 802
1130 660
690 379
1127 443
1057 40
1167 774
308 0
787 712
1139 80
830 288
707 649
1011 678
822 486
1089 907
408 120
1156 864
248 44
1187 853
1035 723
777 471
1025 906
1064 441
841 729
1080 468
1017 443
860 23
955 354
551 464
639 156
356 314
434 19
349 28
542 56
568 399
177 94
652 402
998 722
647 319
217 175
1099 934
1048 823
323 131
1058 1051
651 282
1185 1027
689 197
956 806
1121 685
505 172
1136 267
1131 104
451 390
737 232
106 27
586 323
728 429
1170 221
1053 966
589 435
1197 501
154 24
1132 282
1035 719
1084 487
984 833
869 92
481 132
432 114
1079 84
606 478
578 235
553 372
1012 671
598 187
659 169
829 400
1154 1083
712 139
783 771
1075 420
1089 212
1022 275
516 241
746 194
926 6
1007 26
1073 320
272 132
888 860
1034 848
856 52
1104 652
384 8
888 267
800 413
530 8
940 546
1136 120
680 540
1016 605
1062 105
758 251
942 488
811 775
408 49
584 540
1082 46
974 440
633 215
642 180
726 595
1091 90
868 398
1068 750
290 161
992 46
248 224
702 382
1084 850
1052 662
1056 227
980 275
563 183
1152 531
1050 585
906 51
860 559
848 6
1109 120
979 565
1042 323
1082 11
1021 422
1191 506
714 337
1166 490
769 318
871 174
1098 398
1095 819
762 394
970 27
837 306
835 612
1196 434
554 266
909 140
794 393
958 133
835 651
1072 108
774 107
468 304
1074 864
515 473
753 644
479 112
1179 896
1041 762
987 974
901 471
916 304
511 183
996 847
898 809
425 166
1035 975
758 365
396 109
330 203
743 364
738 269
796 128
962 451
1053 994
1022 665
664 177
451 184
1199 244
1046 201
823 754
1014 778
98 45
907 670
313 158
1051 670
878 433
312 290
879 83
1012 254
215 5
1109 154
891 678
480 347
1122 990
936 807
511 333
1034 327
1026 570
904 420
725 304
915 518
1055 835
330 90
1007 257
533 272
916 168
656 29
385 27
1093 854
1189 366
826 457
1179 108
1075 1074
973 578
1018 297
380 370
1187 70
1169 439
1081 73
792 503
982 327
546 126
1125 899
890 8
1029 260
1097 371
960 144
1172 87
236 90
966 860
622 170
846 129
374 220
1054 260
591 562
1195 535
94 88
651 207
1090 1087
473 310
452 228
886 84
1113 192
833 169
1052 861
1033 34
360 7
1026 368
277 151
793 471
1164 22
817 119
434 130
1025 990
902 842
1141 255
848 823
452 325
840 822
378 220
1177 956
965 458
236 190
948 423
799 675
353 95
901 815
998 139
144 97
1198 22
1054 44
665 28
798 666
1181 1121
58 54
1018 14
346 292
754 307
302 147
987 5
1128 478
984 506
513 66
1025 253
1153 406
947 392
1011 196
539 19
1176 899
1187 290
835 75
1039 13
901 53
835 403
1084 303
1105 429
1018 793
933 532
632 418
1193 198
701 643
740 158
1178 490
649 384
392 205
873 268
525 61
1055 474
1090 121
815 582
385 103
1076 776
866 354
1045 966
1059 386
1059 533
1049 447
598 457
851 488
1076 1023
1146 967
1062 953
944 456
87 45
460 183
588 21
820 638
727 585
448 99
951 871
619 574
1098 397
1058 802
920 318
745 529
885 608
232 223
773 592
1041 446
1173 43
524 217
1146 920
1018 220
832 593
576 101
1184 1096
820 612
703 18
935 418
917 507
341 213
782 706
602 96
979 862
799 212
681 475
999 421
689 137
1096 426
906 76
863 495
416 128
1138 744
1105 1103
1122 753
1085 263
1068 672
708 319
132 79
613 432
997 96
893 159
730 683
890 386
495 307
1120 586
651 438
1100 452
607 260
535 473
635 552
162 0
117 97
307 80
345 60
1159 532
982 511
584 365
586 445
914 166
274 169
836 395
1183 65
742 30
1166 323
859 301
1195 121
962 211
539 327
1123 423
824 536
1137 713
622 567
241 176
940 515
615 500
329 139
123 50
518 508
988 937
783 422
1035 17
1027 371
799 99
909 274
817 574
995 66
931 174
110 15
1112 892
1124 955
315 256
251 199
664 376
804 266
658 551
628 61
438 13
257 250
1059 923
924 376
1189 735
1117 390
775 133
893 439
1004 675
1177 88
1010 829
1079 569
884 626
1186 416
852 619
1161 755
400 132
1075 517
619 560
935 654
253 199
1096 256
763 381
969 245
1076 424
1161 606
1193 788
737 732
1067 870
1178 972
704 659
369 106
828 301
670 304
1097 685
553 54
1027 483
1046 1002
1010 63
1112 377
982 611
1113 316
1050 338
730 525
1039 150
1030 567
687 288
917 382
900 708
602 74
718 285
957 703
1023 447
884 607
753 718
1070 252
436 236
1179 1121
439 341
833 397
802 743
1054 341
1175 843
895 739
419 189
1056 554
858 626
1180 638
1024 958
293 81
1192 779
914 199
784 262
271 199
1199 865
994 329
1160 383
1094 28
1127 205
1171 538
303 189
494 142
963 196
844 603
779 372
1064 709
699 269
538 298
1138 438
968 207
1127 74
560 282
669 527
837 613
1132 401
1088 139
650 222
1173 112
1150 363
888 812
910 605
696 285
991 920
1055 914
928 99
951 927
912 189
1133 1116
1108 324
821 660
1098 917
854 497
1060 926
1099 145
770 362
884 102
700 69
961 286
1114 771
902 427
957 626
550 43
1123 326
632 431
510 49
673 519
1124 189
1035 489
514 440
259 49
954 73
1006 692
911 570
1096 76
537 345
331 283
643 18
375 156
838 127
770 686
777 620
874 643
809 210
1179 684
475 193
898 839
1107 296
1179 146
897 395
715 421
465 300
523 446
1063 119
1084 578
714 103
914 832
728 586
886 267
927 733
1114 618
1047 1009
653 370
905 124
590 587
454 159
828 631
459 69
290 50
728 122
863 101
497 402
1018 400
903 59
968 507
1148 773
180 93
1018 580
1076 685
719 224
281 104
1196 518
1032 158
196 171
142 114
1026 639
245 75
1113 80
1110 1078
907 376
348 108
328 132
724 401
499 316
974 486
1158 576
877 246
967 820
476 93
907 24
889 596
1062 524
948 473
847 109
740 370
911 18
950 764
1060 546
715 122
995 230
787 469
405 118
404 403
1002 326
825 578
1120 452
351 26
673 43
318 87
581 206
1167 921
613 294
709 313
1166 659
820 27
669 414
954 673
377 159
202 81
701 512
770 233
1194 581
1078 488
603 259
971 673
655 261
401 362
1163 231
150 22
1193 644
1042 665
786 408
983 751
1184 226
1173 700
742 393
761 709
1094 339
1172 946
425 142
157 104
545 18
943 613
1003 176
893 684
1159 823
823 293
382 322
603 141
356 104
1034 734
759 508
1032 657
537 53
960 203
935 250
680 379
775 148
1192 143
863 523
515 271
224 71
1113 281
1128 1021
1079 125
1067 868
843 837
375 26
213 81
333 157
695 348
531 233
1008 70
913 256
698 20
1042 917
396 34
726 530
444 186
817 114
790 434
1013 274
317 146
633 605
851 847
384 289
431 214
1062 274
876 60
1044 792
1093 812
1012 44
1107 54
968 390
944 133
1005 296
544 200
431 182
1062 166
1107 364
930 116
655 0
707 92
1031 670
1171 161
249 120
626 193
899 52
673 436
974 858
1070 5
1185 426
572 424
1147 843
543 166
1140 90
663 602
467 175
947 575
1190 938
248 25
737 601
542 479
1163 856
384 44
1135 1037
531 217
485 348
612 201
1085 778
615 371
596 436
976 452
1174 339
1086 994
977 802
843 248
474 459
888 118
1058 507
1054 78
202 149
1038 605
531 185
742 41
844 763
563 360
390 140
376 223
976 509
333 120
1061 394
681 656
774 581
725 416
859 369
1077 67
717 462
1074 986
605 271
477 125
62 50
308 298
720 44
1177 172
797 580
773 114
828 140
620 166
588 94
1177 962
870 756
970 824
725 440
209 65
1004 281
407 213
778 139
688 647
228 74
1149 860
457 104
1046 475
561 462
1163 910
473 3
813 457
1169 300
671 384
945 242
342 53
968 20
505 412
1155 1006
1057 914
565 460
995 259
530 352
411 402
879 263
587 302
986 613
204 151
768 236
1000 573
868 716
983 775
747 124
404 211
68 10
718 712
359 257
1159 1028
926 782
556 407
919 659
511 381
666 569
990 916
1107 574
717 643
932 103
380 191
1045 75
1157 750
944 123
912 166
927 326
691 455
593 315
1039 540
973 775
863 366
343 208
518 159
1134 578
1154 936
788 108
1161 629
724 201
956 230
708 348
1030 600
364 313
1171 689
370 345
1186 57
1121 152
826 270
594 238
959 239
501 122
915 843
338 122
794 724
1033 971
1174 362
748 59
808 218
649 80
991 357
367 188
472 440
746 587
668 464
716 338
1088 981
268 159
764 408
723 520
118 81
670 454
268 240
889 859
1176 1067
1063 867
923 729
1000 943
363 11
991 24
240 53
725 541
427 5
170 11
772 347
1043 903
1062 884
1050 671
689 513
473 425
849 21
75 4
753 490
950 620
715 29
1120 629
521 74
209 147
455 383
701 452
366 209
368 49
343 263
571 319
1092 557
1155 1031
857 235
724 58
1026 686
971 617
686 450
1083 753
1031 799
941 82
683 502
1148 2
750 173
659 545
1174 8
743 212
1087 953
747 680
765 680
1128 218
763 105
807 409
654 449
437 202
498 156
978 116
967 326
919 783
584 413
228 37
731 143
1123 917
1132 752
702 681
687 5
869 533
116 80
1002 126
81 21
1133 869
1126 95
1164 1059
1135 644
396 255
842 89
1078 482
776 47
928 663
594 201
563 430
1068 444
894 590
695 68
428 288
623 613
943 38
760 605
960 37
755 345
830 497
847 698
1059 932
1088 836
1179 938
692 115
341 202
860 220
785 609
559 342
971 559
480 146
670 473
1016 130
946 506
967 357
553 185
454 124
958 820
922 563
481 443
1017 256
1128 577
1186 644
535 484
967 283
1012 741
857 591
1179 1135
542 324
1187 249
517 231
609 490
149 68
1041 963
1124 1080
567 241
1060 170
731 655
1052 959
563 400
903 728
723 88
1199 1091
670 45
752 373
977 725
629 140
845 457
835 760
613 469
1168 1022
576 220
314 229
1143 1117
1028 877
895 43
480 372
1009 700
410 348
1042 649
498 81
629 309
688 552
847 717
941 375
661 145
550 261
712 605
1040 324
800 339
1181 497
823 319
580 429
488 124
1154 604
926 729
628 139
480 94
705 226
913 228
520 26
897 832
1090 931
1015 384
594 413
359 52
994 68
1106 655
1013 604
1198 563
735 540
1072 487
744 61
675 460
426 113
1099 1062
988 315
359 315
582 238
781 93
1113 514
977 402
868 176
1190 1012
1095 83
635 330
807 757
1115 919
877 549
968 251
275 44
136 79
554 94
593 339
655 560
707 211
908 666
643 380
687 48
887 314
692 595
1074 895
609 327
1037 277
577 207
992 976
1031 257
277 76
62 20
1048 776
880 385
1134 139
1118 998
1131 816
860 339
465 198
899 801
769 348
903 198
1024 362
207 205
426 393
1110 999
650 500
626 455
847 706
907 179
407 167
401 162
1025 138
1104 818
750 573
911 834
1034 879
1057 481
162 134
241 123
811 94
644 250
1137 1119
1054 359
1191 1143
1142 1033
1037 631
587 550
298 12
854 637
1172 1001
1198 175
386 94
1141 971
989 651
1158 225
989 829
609 480
836 704
799 299
1130 851
1017 1006
643 224
1196 1104
883 706
950 712
1089 416
1123 301
250 66
778 726
466 346
1132 782
389 33
772 241
1134 844
1072 845
435 81
586 232
687 587
1176 400
826 568
829 457
1007 215
1037 296
753 703
1025 190
1044 725
1061 273
643 489
1030 999
738 463
1010 96
842 738
551 238
1028 383
781 745
760 240
622 129
646 390
854 702
1097 133
1040 576
225 27
1031 207
579 363
963 356
874 871
157 154
921 461
426 320
1020 427
737 554
408 327
341 116
998 915
405 296
1160 146
1099 1057
1172 623
958 215
1034 334
1129 626
1177 529
343 264
57 9
1096 940
1158 356
976 860
1164 1102
705 14
443 270
651 21
960 474
940 309
431 299
766 67
989 897
770 624
1178 438
764 275
726 506
312 8
367 92
494 266
876 92
1106 152
779 158
489 289
871 128
1089 851
701 49
233 152
1038 660
860 814
605 23
633 430
507 487
878 582
1016 107
267 5
1129 976
603 467
971 818
681 388
472 217
1194 101
126 44
1108 270
918 256
715 310
759 285
929 797
674 371
1194 13
1109 119
426 173
384 136
991 213
865 686
1011 929
1190 1093
976 10
951 540
1031 1014
1161 188
1024 255
357 123
706 600
535 519
1133 805
758 618
832 680
1104 1003
579 167
614 605
988 225
839 101
863 531
427 46
157 22
852 756
938 227
1111 209
651 198
1020 686
822 605
420 213
1063 458
1046 542
1022 190
1078 560
1043 206
812 662
1015 641
1189 297
1101 759
611 92
684 609
1019 220
69 48
1199 224
1065 528
1119 641
954 655
817 741
539 486
335 43
233 79
764 585
400 288
758 370
862 303
355 1
810 475
957 27
898 579
95 25
759 755
776 302
369 114
913 796
785 300
1153 77
1183 751
621 392
285 248
732 15
993 311
1016 415
982 450
887 666
688 302
561 166
379 322
537 24
844 781
775 49
611 465
284 84
804 222
739 670
1011 201
810 503
747 120
1097 342
708 689
851 200
681 403
474 338
818 102
1043 944
790 379
789 124
1086 954
997 904
371 359
1173 392
859 587
550 123
1169 1157
1182 250
797 36
1075 138
486 204
923 154
951 361
811 389
349 73
1025 282
