7 
0 0.5990000000 0.5907360000 0.5927810000 0.5903320000 0.5917810000 0.5909990000 0.5894750000 
2 0.9370480000 0.9382480000 0.9384390000 0.9395290000 0.9352880000 0.9361250000 0.9357590000 
4 1.2839350000 1.2837270000 1.2861750000 1.2867940000 1.2817210000 1.2824890000 1.2820360000 
6 1.6289880000 1.6237380000 1.6335000000 1.6377530000 1.6251710000 1.6734450000 1.6256240000 
8 1.9638890000 1.9584950000 1.9586590000 1.9589530000 1.9590300000 1.9697310000 1.9586990000 
10 2.3092100000 2.3109370000 2.3132730000 2.3127190000 2.3188030000 2.3073160000 2.3113800000 
12 2.6107740000 2.5863660000 2.5838740000 2.6110230000 2.6653390000 2.6887790000 2.6902390000 
14 3.0375410000 3.0548990000 3.0432280000 3.0080010000 2.9995460000 3.0027670000 2.9978120000 
16 3.3545940000 3.3507150000 3.3553680000 3.3570690000 3.3569280000 3.3655830000 3.3580710000 
18 3.7169600000 3.7163710000 3.7354930000 3.7093640000 3.6975290000 3.6957160000 3.6968520000 
20 4.0824290000 4.2298060000 4.0845320000 4.0858860000 4.0866890000 4.0810750000 4.0956790000 
22 4.7645010000 4.6903800000 5.0393170000 4.6944660000 4.6966640000 4.7376260000 4.7271520000 
24 4.8702390000 4.8951730000 4.8759670000 4.8827010000 4.8601170000 4.8885390000 4.8772980000 
26 5.6265690000 5.6274090000 5.6461850000 5.6451010000 5.6839280000 5.6477100000 5.6687980000 
28 5.6120760000 5.6270570000 5.6120250000 5.6091040000 5.6060140000 5.6049200000 5.6162880000 
