7 
100 0.0149780000 0.0180160000 0.0155890000 0.0170440000 0.0203430000 0.0171700000 0.0165490000 
150 0.0323730000 0.0332730000 0.0307340000 0.0300450000 0.0308440000 0.0294440000 0.0319380000 
200 0.0498280000 0.0503470000 0.0512400000 0.0501240000 0.0504530000 0.0501260000 0.0488380000 
250 0.0785360000 0.0753670000 0.0767160000 0.0758590000 0.0773240000 0.0759470000 0.0761420000 
300 0.1026290000 0.1038400000 0.1070960000 0.1065500000 0.1067080000 0.1057100000 0.1069050000 
350 0.1424350000 0.1388380000 0.1407580000 0.1430070000 0.1386660000 0.1413060000 0.1430880000 
400 0.1825490000 0.1792560000 0.1806650000 0.1840230000 0.1855740000 0.1840640000 0.1803520000 
450 0.2308620000 0.2272620000 0.2311220000 0.2334410000 0.2301290000 0.2307680000 0.2321620000 
500 0.2842790000 0.3471570000 0.2857010000 0.2829150000 0.2814840000 0.2832210000 0.2848620000 
550 0.3389750000 0.3386230000 0.3371660000 0.3409220000 0.3398930000 0.3405890000 0.3380870000 
600 0.4056150000 0.4003590000 0.4039990000 0.4013390000 0.4042130000 0.4038100000 0.4047730000 
650 0.4870350000 0.4810020000 0.4878590000 0.4775180000 0.4705290000 0.4721180000 0.4789510000 
700 0.5486680000 0.5444750000 0.5458380000 0.5483480000 0.5464450000 0.5470340000 0.5501010000 
750 0.6305350000 0.6289240000 0.6253510000 0.6294540000 0.6307750000 0.6287610000 0.6282680000 
800 0.7136790000 0.7131100000 0.7114340000 0.7141000000 0.7184940000 0.7147860000 0.7156250000 
850 0.8066960000 0.8013260000 0.8033820000 0.8060670000 0.8028600000 0.8096690000 0.8024690000 
900 0.9017210000 0.8996110000 0.9006010000 0.9020000000 0.9029420000 0.9057220000 0.8999630000 
950 1.0075670000 1.0070730000 1.0054880000 1.0053240000 1.0062080000 1.0222010000 1.0120070000 
1000 1.1127080000 1.1127210000 1.1100930000 1.1139590000 1.1109280000 1.1137720000 1.1123520000 
1050 1.2257790000 1.2279940000 1.2263930000 1.2253670000 1.2267030000 1.2248900000 1.2253310000 
1100 1.3433580000 1.3429680000 1.3418190000 1.3455790000 1.3417490000 1.3449060000 1.3427890000 
1150 1.4733300000 1.4703660000 1.4734220000 1.4748270000 1.4722660000 1.4729150000 1.4718720000 
1200 1.5947860000 1.5926720000 1.5959810000 1.5946230000 1.5948890000 1.5972660000 1.6025310000 
