20 60 600 2500
15 5
10 6
5 1
12 3
15 14
17 6
6 2
15 4
18 11
14 10
15 10
9 3
15 3
2 1
12 9
11 1
11 4
18 13
18 0
15 11
17 7
13 8
11 2
16 13
18 16
17 14
7 6
17 0
14 13
11 3
8 2
14 5
5 3
12 2
16 10
15 9
12 5
14 11
4 3
17 3
12 0
13 2
14 12
13 1
13 11
19 5
15 1
1 0
17 16
18 14
19 11
18 12
18 10
9 7
6 1
11 5
10 4
15 0
17 13
16 12
495 354
472 470
287 228
490 139
282 267
281 276
377 149
556 178
566 517
377 159
498 207
252 225
464 0
508 380
123 70
517 303
568 2
493 272
419 17
458 394
546 211
473 16
307 277
535 393
408 148
591 87
562 322
234 0
275 100
444 58
457 413
483 112
237 89
270 28
176 47
406 47
571 193
59 33
421 170
391 106
525 86
595 519
124 55
216 23
168 36
255 42
542 56
598 356
347 113
367 330
500 122
387 351
287 183
448 19
437 101
304 116
204 27
414 236
488 66
65 4
345 254
358 286
488 340
536 353
258 121
411 334
538 33
516 187
449 75
344 245
566 178
581 443
89 69
100 65
418 278
475 120
299 111
296 174
375 309
545 357
214 74
313 97
518 488
72 26
504 236
490 80
521 452
309 166
229 55
590 23
389 27
225 195
561 38
591 68
393 72
538 316
268 170
325 163
583 511
508 69
581 124
453 189
238 71
445 392
273 112
430 367
398 249
481 317
337 289
470 103
318 214
205 31
505 12
472 438
457 279
560 355
499 287
522 249
417 231
341 254
415 179
505 70
486 78
434 58
146 24
335 260
327 302
324 157
413 101
247 146
82 38
488 80
484 270
532 357
88 10
475 391
421 145
495 456
305 211
499 435
535 251
335 53
352 112
524 365
525 91
498 193
481 128
579 525
427 61
183 47
474 51
558 109
98 41
539 215
162 104
526 76
322 57
462 374
566 366
436 315
307 182
536 361
594 487
180 29
516 509
226 11
546 75
385 29
303 197
196 11
39 28
442 422
142 11
540 436
443 396
455 19
507 393
494 133
440 302
265 189
318 91
404 52
337 281
231 164
276 114
598 259
318 266
579 33
282 81
457 85
250 1
362 88
476 354
570 449
347 17
280 106
244 105
577 89
549 540
147 1
578 97
335 99
579 453
491 124
317 86
128 96
306 293
457 408
429 168
573 192
475 355
587 372
540 310
114 28
259 231
513 30
589 205
459 24
577 320
151 29
330 232
259 140
497 234
295 289
550 59
493 150
354 146
457 440
572 306
228 213
528 276
528 359
263 155
267 112
435 382
233 227
486 403
121 36
462 187
469 318
549 353
303 166
503 47
541 153
228 171
372 241
364 359
311 154
464 48
268 78
151 54
462 268
315 22
220 102
559 393
472 30
150 65
360 266
291 235
503 72
488 342
352 31
323 274
485 371
563 116
323 168
522 429
396 45
403 331
442 138
221 130
331 284
32 19
348 103
391 76
590 478
549 376
321 143
340 249
437 349
441 436
586 495
512 350
354 318
462 417
74 41
448 374
453 131
439 292
431 372
528 281
561 19
324 287
377 188
560 549
300 200
352 252
582 177
295 34
317 206
288 130
589 46
463 415
111 101
367 206
495 237
595 35
395 92
574 364
286 215
384 299
88 74
314 32
533 45
183 102
184 110
575 357
414 210
598 456
522 426
509 159
553 15
374 135
408 50
585 411
134 76
290 221
445 164
208 205
204 83
390 152
439 423
278 123
534 181
404 212
486 428
204 200
348 161
414 262
537 17
237 149
355 135
519 390
598 481
388 349
430 81
315 197
543 215
282 30
436 320
260 177
334 5
595 460
265 59
524 53
115 55
506 7
553 465
551 257
473 160
196 46
431 72
485 425
385 264
491 167
62 48
581 208
421 279
425 33
189 165
404 390
373 300
369 24
558 151
451 192
491 73
372 32
178 157
465 419
399 3
516 372
501 479
440 35
505 407
256 137
444 424
103 55
363 252
598 577
287 177
265 191
457 155
490 60
446 20
560 142
363 74
369 290
343 52
486 426
504 413
401 337
551 44
319 5
535 484
488 247
395 126
457 316
261 191
132 115
288 242
258 134
531 141
508 215
474 388
398 216
335 6
446 42
141 52
311 251
507 224
468 157
384 34
358 20
50 41
529 328
539 348
359 255
567 32
530 39
328 125
383 226
453 440
527 368
343 213
563 220
572 150
496 384
564 197
584 344
533 506
113 77
495 433
463 355
418 361
373 31
185 178
549 428
513 450
579 332
250 184
460 312
438 352
96 34
342 236
212 81
413 46
577 350
593 84
404 323
582 488
372 137
544 299
525 20
387 107
412 48
174 139
351 71
242 73
565 121
230 161
350 139
556 120
188 101
426 220
485 263
412 119
527 243
283 8
567 289
313 28
593 174
544 82
367 298
188 36
566 261
520 361
560 172
391 100
248 100
591 99
529 345
203 22
552 74
392 250
259 93
373 302
513 149
526 35
246 183
341 105
472 359
578 430
422 3
410 10
345 255
380 365
177 2
595 90
425 206
556 359
272 212
492 449
254 159
522 497
558 283
484 306
237 42
116 87
547 128
492 181
311 309
557 402
241 151
139 91
538 449
442 253
185 42
387 28
375 99
589 463
272 114
505 46
236 89
104 70
181 6
475 426
597 390
236 205
402 177
146 62
357 293
387 300
415 151
351 170
455 293
380 332
220 178
186 134
95 93
214 37
476 431
532 307
438 252
406 258
590 354
198 110
576 278
477 178
115 98
316 46
599 264
238 16
457 212
392 97
214 135
501 453
531 50
547 298
303 186
386 124
103 47
296 99
196 146
561 543
222 73
257 240
378 211
365 53
144 52
318 264
377 82
248 126
530 10
580 241
243 164
197 27
237 202
506 264
586 416
478 148
400 281
337 270
394 332
306 67
470 453
98 30
435 76
233 69
412 308
295 161
590 316
160 95
326 170
295 277
391 218
565 20
296 146
507 323
259 132
50 24
577 228
226 59
423 92
156 107
561 259
405 43
461 285
542 176
300 166
557 433
540 10
561 552
486 190
408 77
249 222
137 102
435 420
309 150
349 39
326 4
577 576
342 293
509 409
344 189
389 12
458 405
231 178
402 121
598 349
495 388
218 66
532 163
485 321
314 31
349 65
149 52
431 380
404 196
240 41
501 344
13 4
563 257
540 284
540 16
96 18
557 66
123 36
433 311
587 228
539 378
596 264
596 443
529 317
347 133
238 91
539 476
260 252
259 214
63 57
537 468
262 117
540 157
556 513
592 369
380 306
461 232
235 77
59 44
178 22
172 154
321 41
278 168
513 507
150 112
478 53
326 126
448 5
556 187
422 85
334 193
534 527
480 85
178 172
309 164
270 209
382 122
154 103
251 170
429 53
206 202
457 441
203 67
213 174
490 419
265 4
307 114
72 15
587 444
375 195
307 211
348 330
557 385
574 372
262 65
376 71
54 37
302 133
457 250
361 289
211 44
424 207
337 252
451 114
483 399
352 226
580 4
431 59
518 58
195 19
226 35
445 5
571 19
441 418
255 158
242 137
182 167
357 121
295 181
548 115
596 257
474 358
161 106
470 139
589 290
193 91
436 252
578 557
390 193
481 87
240 196
327 223
524 266
247 44
575 73
534 359
590 400
567 30
473 423
466 296
275 177
534 167
570 155
416 95
131 7
506 0
171 81
286 17
271 49
94 54
570 358
371 306
484 108
529 443
434 146
327 68
504 70
582 283
486 246
242 39
446 212
7 0
339 243
371 109
400 337
488 58
308 76
460 282
219 104
401 150
411 277
448 173
520 31
247 140
508 62
589 231
434 324
570 85
236 232
463 179
539 235
422 50
46 35
531 257
321 12
191 2
520 453
404 139
364 194
22 15
504 78
510 467
598 98
328 7
468 188
576 37
133 28
591 228
317 64
523 82
450 91
372 346
500 211
522 72
341 118
161 105
129 71
566 55
351 36
455 152
542 233
428 178
504 235
353 168
398 312
590 234
222 48
569 82
403 84
344 207
298 283
279 4
239 173
110 63
552 99
520 22
594 112
494 63
510 161
370 254
375 361
487 129
443 277
354 96
334 125
214 12
512 141
158 71
368 207
416 306
530 506
245 21
545 21
204 192
527 493
437 28
351 231
239 168
330 180
477 246
498 251
95 1
353 163
394 279
477 32
317 29
334 275
375 130
579 4
524 170
516 203
448 193
340 114
22 10
545 324
120 81
550 492
446 367
291 246
446 330
531 102
554 18
549 260
185 24
588 466
229 205
148 106
518 111
359 274
358 229
427 338
346 32
358 24
513 265
342 325
478 99
192 31
256 245
465 75
502 364
120 11
456 120
554 105
489 102
541 297
582 167
576 240
108 99
544 48
328 122
421 226
228 75
588 65
507 426
596 163
569 53
431 393
385 49
313 270
121 43
533 49
559 379
581 543
355 184
338 24
383 349
530 319
213 176
322 284
294 278
500 8
487 56
373 53
184 151
489 189
138 107
548 278
573 540
232 202
515 138
331 39
387 146
397 350
413 361
445 35
384 170
58 16
244 103
462 144
408 226
301 38
450 98
474 138
320 11
525 441
392 132
554 493
560 80
90 3
550 510
361 16
212 174
120 32
487 223
184 21
251 66
432 301
535 517
265 153
436 380
277 270
506 210
319 263
322 171
560 503
566 81
472 163
514 154
486 81
544 152
597 107
512 150
292 61
40 23
315 159
555 214
368 179
235 92
244 41
219 157
534 4
408 27
489 424
408 274
378 111
578 42
585 64
483 264
124 45
141 112
581 43
155 130
584 484
374 337
412 287
376 264
155 119
440 438
259 57
461 179
390 328
599 43
253 131
454 144
337 166
471 449
110 42
345 340
251 115
450 257
252 30
518 450
416 141
401 134
584 452
537 523
241 70
508 424
480 77
541 175
550 364
567 139
327 297
333 237
164 90
373 66
421 348
405 78
464 375
431 295
391 338
571 60
411 211
371 303
371 129
438 413
473 191
557 110
352 297
419 285
514 63
380 276
327 244
316 160
427 24
453 452
539 5
329 187
398 86
267 54
347 197
366 210
141 83
497 119
372 348
502 29
510 59
155 13
262 78
575 409
315 208
338 120
389 112
437 229
496 202
245 218
420 95
314 287
523 33
323 281
346 139
263 121
542 145
331 300
595 157
353 204
155 100
526 109
598 169
498 319
93 59
164 66
286 1
229 195
391 87
457 38
340 192
589 377
400 72
196 100
412 380
182 181
466 156
561 153
539 180
130 129
194 0
38 16
343 89
436 234
577 199
44 2
512 132
526 86
287 212
122 114
73 60
548 171
518 294
593 23
531 238
572 218
279 156
586 2
499 372
502 37
594 244
547 385
521 188
571 311
295 83
369 97
565 8
409 221
333 144
533 359
313 34
448 6
293 60
83 63
578 356
289 162
315 243
324 45
393 193
464 61
555 28
317 83
559 17
394 76
356 68
473 323
453 92
584 396
528 349
351 152
449 439
53 42
546 435
426 343
470 124
376 24
414 306
503 478
334 208
353 228
115 68
549 197
191 159
137 39
516 111
441 146
411 113
362 124
570 559
593 530
519 445
558 328
539 444
516 170
449 263
471 61
175 58
395 386
572 508
279 35
582 449
579 511
506 84
401 274
185 28
593 308
584 56
532 230
494 462
425 99
234 56
206 92
319 139
495 419
138 80
466 336
363 38
467 142
364 196
512 448
339 11
341 267
528 329
335 248
253 184
156 32
593 234
528 71
584 289
411 263
427 218
474 145
268 92
324 55
298 212
319 156
596 565
516 358
407 257
582 337
563 254
549 351
449 61
292 108
138 122
485 197
126 63
492 262
151 136
484 59
498 387
328 294
473 228
506 459
341 141
393 382
506 283
403 245
397 29
231 179
445 155
446 363
527 208
519 299
519 55
398 206
386 313
510 129
434 237
468 138
255 135
389 101
579 349
177 79
386 385
239 210
487 138
113 17
272 128
412 6
592 434
463 61
519 169
535 96
512 232
196 109
188 43
389 91
585 474
324 312
498 94
592 114
323 126
348 64
578 555
522 200
78 3
507 339
552 243
387 230
290 189
545 264
548 290
428 97
522 288
555 157
395 84
245 85
499 379
451 241
414 196
137 58
545 127
544 128
198 5
563 231
289 82
421 36
391 57
292 236
353 281
437 217
340 169
468 39
474 154
463 399
252 127
345 143
12 3
560 325
48 13
355 6
280 247
498 399
332 292
209 63
393 74
88 44
498 221
390 167
374 370
566 238
211 70
107 52
331 290
548 467
555 276
592 427
595 347
390 353
135 69
298 133
571 443
276 260
481 460
495 156
181 68
571 374
597 479
463 353
130 127
435 193
556 145
572 325
433 269
296 61
202 156
320 52
350 14
592 545
208 23
369 150
92 68
413 102
435 100
174 83
264 203
477 352
394 280
200 173
327 125
481 162
254 75
588 392
334 331
567 261
360 164
505 499
481 183
504 457
457 156
573 179
474 99
302 175
225 22
276 262
357 42
123 102
557 539
305 56
145 142
230 108
553 47
399 266
478 88
99 79
278 50
120 67
380 62
232 148
334 48
108 41
446 54
339 279
599 160
511 78
239 197
579 550
371 101
523 426
450 269
472 65
310 219
498 42
104 29
486 417
426 305
495 296
98 95
186 54
553 180
111 53
234 112
560 478
444 198
303 50
565 195
314 225
401 235
211 86
524 302
343 254
308 12
539 486
258 97
318 240
428 421
304 152
396 284
364 325
226 125
302 231
502 501
401 111
194 85
58 6
298 216
227 5
487 264
482 415
242 99
441 54
329 328
307 257
471 96
249 171
264 205
574 56
557 389
340 112
213 185
563 212
133 16
319 107
362 144
103 95
347 136
373 229
326 306
497 487
224 49
537 409
353 337
385 202
247 8
378 161
480 210
433 24
569 267
83 82
336 131
539 238
325 142
373 183
459 225
437 108
536 203
412 130
321 53
476 18
476 307
564 323
566 190
244 10
573 551
415 295
591 356
441 28
536 358
540 95
119 92
172 83
236 125
167 142
470 31
128 35
400 196
188 32
378 357
571 95
553 249
376 352
387 238
306 150
537 111
514 398
555 382
295 46
483 128
429 73
480 401
552 267
414 55
381 21
451 375
194 22
533 229
531 47
500 101
374 9
572 448
580 362
356 272
317 309
562 551
355 331
261 81
582 38
439 333
591 41
411 202
434 214
323 312
285 136
233 210
540 332
508 201
432 208
141 46
576 252
286 28
184 141
448 97
512 133
427 138
426 91
486 219
106 19
581 121
488 112
573 325
342 146
548 535
547 435
564 504
591 266
579 17
328 282
429 341
457 260
449 402
365 48
597 330
318 46
273 70
316 249
523 154
469 6
222 216
150 114
297 99
543 225
380 239
479 447
504 166
597 89
369 148
428 166
192 144
504 420
162 138
219 97
492 144
64 30
598 483
408 305
376 356
506 317
376 241
508 313
351 225
364 10
150 36
278 167
233 100
595 197
235 8
470 374
493 358
120 89
363 92
481 411
167 33
379 67
595 196
331 65
529 509
580 391
286 95
236 20
563 58
399 72
351 350
284 142
264 62
471 409
444 393
535 274
339 126
468 280
561 210
542 102
248 27
318 205
47 33
295 266
478 377
461 233
588 377
587 415
174 52
460 366
473 450
579 362
320 255
172 112
541 136
244 56
335 8
419 42
551 249
560 192
571 449
476 239
585 583
511 439
521 348
436 134
525 366
526 409
187 114
259 216
442 64
441 149
321 164
541 514
576 82
419 359
561 298
448 159
57 40
225 71
363 116
566 239
361 354
560 527
525 480
123 28
555 457
128 102
591 304
291 16
240 19
200 86
162 15
62 46
132 11
405 145
496 122
579 85
81 38
568 100
354 151
472 291
550 382
389 10
497 369
452 312
102 9
226 138
399 166
245 37
526 205
562 364
552 513
401 120
327 139
282 114
564 139
471 28
399 260
595 89
348 25
541 134
492 343
447 260
571 223
206 192
334 221
408 221
576 428
233 164
585 50
520 475
510 272
510 45
78 6
252 1
221 135
414 26
513 108
522 223
586 300
539 267
342 86
592 334
276 122
227 104
590 424
285 97
328 227
549 102
50 32
421 151
503 250
580 85
596 85
494 68
165 130
545 323
526 31
370 153
57 38
82 47
258 59
226 53
276 124
376 229
499 356
563 91
441 358
429 373
336 192
522 461
498 489
496 61
282 75
224 62
422 34
335 237
492 383
598 164
151 72
325 308
331 215
244 227
448 285
397 227
256 105
93 48
579 114
394 214
586 562
556 427
580 343
365 37
308 116
526 294
310 116
238 224
298 268
265 187
496 273
469 69
593 582
152 11
500 480
270 128
341 230
562 498
475 308
390 40
182 15
525 89
526 309
204 157
597 44
569 169
300 254
588 450
591 204
197 1
554 357
509 16
340 139
530 154
437 432
372 347
409 77
487 380
430 379
408 327
487 397
436 180
388 339
549 276
548 375
445 79
581 162
420 241
309 137
37 36
529 141
440 30
524 250
366 260
387 170
590 125
406 99
525 56
298 128
565 479
413 374
519 313
359 9
151 74
409 150
404 303
452 443
422 28
516 194
360 63
574 440
208 85
497 4
435 142
567 125
594 19
412 266
258 146
533 322
107 44
345 30
326 123
579 240
385 180
437 239
165 154
492 271
581 244
191 18
571 305
417 331
418 106
347 5
202 14
91 88
368 357
440 62
555 336
440 145
381 304
573 414
581 11
189 164
550 361
217 216
575 164
554 308
477 355
574 140
368 115
543 483
550 141
598 596
293 49
460 191
105 37
220 83
101 60
423 55
536 132
298 257
551 542
479 99
515 357
270 227
307 245
573 292
352 184
211 162
523 478
554 9
549 490
295 97
367 69
597 427
140 83
533 238
251 105
474 118
583 304
561 230
386 110
316 40
589 344
467 236
495 443
435 329
505 55
529 205
83 25
550 309
304 108
483 224
586 516
535 350
475 385
490 398
526 218
480 4
42 7
502 440
582 260
224 86
275 52
392 348
181 72
259 212
568 165
294 288
566 299
327 106
281 114
145 91
378 231
246 74
75 13
85 7
345 123
389 330
204 130
386 111
584 263
381 202
548 453
557 366
223 198
515 73
357 272
591 175
404 136
225 179
229 174
443 356
356 72
538 259
53 37
521 178
411 336
335 273
432 228
509 340
341 97
235 37
410 197
371 137
452 271
571 151
554 496
480 18
546 96
594 565
326 227
472 282
468 224
572 71
421 246
318 290
418 117
477 341
298 51
194 61
215 117
528 277
588 529
312 164
455 141
584 243
585 69
99 93
320 8
113 76
328 25
571 362
115 54
412 337
540 507
377 145
557 376
371 354
583 411
316 42
261 61
505 74
381 314
574 289
563 291
338 223
294 48
362 354
485 211
445 59
522 280
518 301
497 379
549 156
541 519
389 377
325 16
464 18
347 204
573 134
501 456
473 365
519 395
257 30
510 371
145 69
486 374
385 14
590 583
478 15
563 459
492 444
175 163
557 63
553 464
537 322
121 112
323 40
54 36
447 317
531 143
388 245
305 10
328 49
148 81
79 26
468 263
497 101
378 287
561 559
405 65
250 7
535 121
210 201
422 381
516 11
369 222
213 178
352 349
459 440
390 323
384 253
150 48
340 187
415 216
569 173
246 145
469 192
410 212
484 339
481 250
524 238
580 22
577 133
400 85
597 58
568 12
492 245
378 59
498 420
590 429
536 366
352 129
278 98
128 23
258 66
397 88
56 1
486 242
440 156
590 551
540 99
385 218
531 399
482 69
452 426
596 17
121 94
338 247
557 222
349 154
453 96
564 444
79 58
492 130
578 412
524 72
476 91
158 138
116 73
397 247
524 315
233 88
538 206
591 334
393 164
563 26
341 219
252 53
592 125
517 180
255 97
575 539
334 113
513 476
368 166
333 231
542 291
98 61
422 152
385 259
435 365
398 105
520 163
237 41
297 156
419 211
251 18
418 188
592 180
506 176
460 59
98 64
305 43
81 44
427 366
239 166
520 207
448 42
163 157
491 317
405 33
419 145
266 6
330 53
440 60
439 384
577 122
331 139
373 100
375 183
313 197
311 240
513 296
491 103
424 42
424 149
594 249
301 116
418 403
461 114
211 137
574 485
567 476
276 194
119 75
573 187
278 154
260 7
79 7
521 455
368 0
587 292
131 16
461 188
497 63
566 456
99 16
507 219
459 13
596 498
416 68
481 103
508 34
577 74
575 207
364 307
476 122
272 38
443 45
452 436
545 277
599 170
501 98
513 203
425 93
521 399
529 395
536 424
220 4
256 207
277 232
550 383
519 271
391 105
303 201
369 362
485 69
417 44
395 36
379 85
449 139
535 428
211 190
348 169
292 4
263 248
342 85
224 72
206 47
488 476
361 238
122 117
477 100
359 180
445 400
532 29
432 292
280 3
378 361
447 56
552 412
546 278
171 70
386 311
220 78
403 366
480 61
335 320
520 505
563 353
287 12
81 7
369 139
453 152
217 14
281 92
318 82
381 22
216 165
319 0
499 237
356 75
74 59
511 77
588 366
179 138
222 31
592 17
470 192
212 18
432 247
354 247
439 86
534 524
491 176
522 428
469 333
316 190
562 51
161 157
221 117
171 165
379 111
411 218
319 49
283 265
494 73
345 259
256 12
506 158
427 90
492 476
345 142
320 48
322 9
587 503
240 171
184 147
342 213
401 323
443 419
553 10
195 40
403 15
590 278
263 197
288 272
201 27
319 97
188 159
205 69
113 87
181 131
183 10
347 223
515 467
511 210
230 134
344 209
512 49
466 186
505 425
443 429
581 508
584 310
512 85
508 145
317 133
336 223
472 89
538 474
556 394
409 83
316 304
244 133
579 549
530 1
207 100
227 83
508 19
259 205
372 268
520 460
474 58
207 205
155 75
458 7
562 142
499 200
581 97
214 190
517 213
407 170
598 494
541 194
339 143
304 99
414 17
343 66
557 9
154 148
358 275
465 73
489 448
379 262
399 235
523 255
436 335
571 390
231 89
426 353
277 168
472 2
348 144
140 40
418 119
377 0
263 78
422 295
523 318
242 138
499 449
461 127
545 333
484 255
189 187
435 408
422 318
568 559
358 6
543 245
427 391
532 472
518 312
558 358
500 51
480 276
546 276
512 166
349 28
477 404
427 197
438 136
347 254
568 492
432 57
541 540
393 66
502 62
542 539
510 198
359 60
242 227
264 252
563 229
259 190
113 81
154 108
385 325
411 367
240 135
442 192
391 9
523 181
196 63
513 391
506 189
524 444
232 134
244 43
304 93
515 74
374 343
160 134
480 425
372 195
209 124
524 297
572 428
171 53
436 4
439 0
378 67
474 56
427 305
167 99
324 133
563 93
371 326
456 102
231 62
500 365
262 257
272 165
561 340
334 290
462 208
519 35
525 345
567 269
565 482
336 305
592 360
312 66
577 197
542 157
315 67
317 316
169 105
493 458
593 162
