10 30 600 2500
3 1
8 0
5 1
6 0
7 3
8 7
6 2
9 0
7 5
8 3
8 5
9 3
6 4
2 1
1 0
9 5
7 4
6 3
8 4
9 4
3 2
7 0
4 1
5 2
5 4
9 6
7 6
4 0
5 0
9 8
595 461
372 78
202 133
227 156
264 190
470 344
569 301
394 315
548 88
479 206
509 302
176 153
436 199
359 32
379 153
293 264
518 132
417 138
453 5
487 162
522 114
376 117
470 60
361 301
433 372
197 17
569 390
373 30
521 266
271 16
332 40
338 29
260 137
474 331
303 186
443 297
580 285
573 316
542 81
342 253
65 63
249 209
588 526
404 56
432 136
344 53
536 277
586 209
215 49
511 165
553 547
180 134
583 101
524 99
156 114
317 120
126 13
172 146
549 433
425 322
429 192
575 547
583 480
542 216
491 212
392 247
386 298
504 145
553 142
220 87
456 141
270 213
410 36
324 85
473 213
534 333
347 292
482 392
499 440
239 76
360 320
125 14
463 320
452 291
383 175
541 121
308 127
467 417
561 413
447 114
578 80
278 190
524 493
368 124
498 160
382 130
337 32
244 23
372 247
562 61
224 63
249 34
123 107
432 189
470 192
517 271
484 395
572 513
264 175
424 105
511 269
461 401
355 254
286 3
208 177
402 326
553 22
371 244
255 111
163 49
576 171
87 13
472 205
259 137
438 21
297 55
492 443
53 52
354 251
395 151
335 142
490 190
379 21
363 277
353 215
419 82
569 252
225 128
477 99
508 440
360 151
552 19
501 264
507 500
558 187
245 88
505 381
368 39
374 188
288 69
596 287
283 261
188 111
441 334
387 247
178 18
95 17
416 212
568 536
593 285
376 307
460 387
590 277
375 93
195 117
400 215
200 107
538 490
553 132
419 230
231 122
69 51
373 324
462 374
402 286
480 213
544 122
338 208
587 63
551 219
446 162
570 41
544 247
485 224
572 122
148 37
580 45
391 269
450 56
464 25
409 73
509 298
538 293
586 453
368 90
454 331
95 19
90 13
180 160
496 138
326 181
522 277
406 130
297 42
454 335
283 193
572 320
252 60
537 412
525 114
508 225
478 457
199 10
360 63
366 44
294 227
256 188
570 161
133 40
246 73
568 479
371 188
395 226
457 263
365 102
324 29
585 59
482 427
488 312
441 408
584 155
147 0
540 379
586 476
432 114
407 353
593 234
425 25
267 166
463 458
576 117
520 197
347 72
301 206
393 173
542 142
59 33
105 90
590 9
127 114
585 14
550 394
368 202
418 90
454 190
139 99
80 8
143 118
312 191
183 130
201 24
560 29
519 477
571 390
199 42
357 157
62 61
339 334
520 241
99 62
547 191
541 184
234 145
232 25
591 590
428 231
553 454
274 117
122 26
594 564
94 75
433 420
180 121
170 19
471 373
166 29
483 409
341 185
313 111
504 330
577 517
238 218
586 497
410 13
465 228
389 222
471 259
516 495
552 326
448 434
538 189
448 349
533 294
175 47
569 91
544 230
262 106
515 282
380 28
566 255
288 259
153 77
305 60
300 190
433 8
147 49
266 76
192 152
564 485
308 187
154 125
364 225
476 168
186 19
490 425
161 143
339 133
581 88
533 468
475 377
413 28
348 134
206 29
33 27
404 137
345 185
293 174
524 59
529 341
416 185
489 367
498 450
572 470
284 260
567 361
277 210
364 333
61 42
421 35
153 116
586 250
390 388
533 69
368 312
128 127
509 316
394 284
496 245
471 160
391 109
464 447
439 79
165 63
501 254
566 237
251 222
426 309
406 193
561 224
309 6
561 156
351 327
411 173
236 193
556 71
231 89
552 292
528 436
595 367
523 405
502 377
158 20
522 210
230 206
398 191
499 414
370 103
427 97
539 465
559 84
490 0
479 35
531 166
338 198
221 6
547 104
577 104
595 480
381 354
263 154
235 170
514 64
150 95
476 159
467 103
457 337
441 330
141 25
430 236
573 240
539 92
562 38
356 118
594 400
463 461
308 281
576 43
408 125
582 159
554 92
542 264
129 29
164 142
477 160
419 28
371 334
312 84
308 26
582 531
374 178
456 7
132 107
362 235
507 450
532 483
430 195
521 300
121 20
329 302
199 71
462 400
332 238
325 106
574 520
357 254
555 45
572 40
586 45
538 436
147 25
448 333
581 349
266 7
144 20
514 100
131 36
479 286
436 9
561 195
133 86
318 205
299 126
135 29
435 29
144 87
194 22
409 283
549 425
469 12
578 263
472 451
287 73
262 84
500 241
519 0
558 316
470 134
248 161
592 195
576 560
102 80
535 112
229 63
403 37
573 236
253 95
598 353
448 210
60 49
347 93
416 389
444 243
518 334
328 8
592 569
484 408
307 35
589 422
304 87
103 63
546 387
544 516
545 491
402 315
229 228
486 13
593 346
251 192
421 103
267 39
529 205
97 47
522 262
581 216
448 58
526 389
99 46
227 72
504 472
456 94
529 55
509 194
366 128
253 133
526 68
430 241
548 128
366 267
437 108
217 199
555 289
299 197
420 361
594 30
101 56
390 47
461 145
118 29
516 219
177 62
222 140
341 29
425 234
588 337
335 168
515 244
448 381
75 50
538 155
311 58
95 40
420 143
556 456
488 439
500 243
309 292
545 71
447 324
560 65
147 44
533 316
550 493
441 433
506 351
249 154
253 52
268 179
250 130
563 133
166 108
253 43
572 61
504 208
432 10
191 44
520 296
492 415
595 476
504 7
584 399
516 387
391 46
206 54
585 238
485 482
381 277
590 433
50 4
244 35
402 289
175 78
412 345
281 11
196 65
456 221
562 313
442 191
421 298
201 23
504 192
532 450
84 31
412 49
526 424
96 84
591 301
272 159
138 124
535 510
119 73
164 87
181 131
599 366
525 418
510 74
491 270
363 65
564 354
211 116
278 61
479 371
239 231
240 208
368 105
249 115
330 140
418 156
213 50
405 281
386 187
535 34
204 50
456 99
566 109
496 299
542 409
410 67
474 238
458 346
250 140
358 205
430 227
566 143
79 5
363 75
438 41
320 80
310 27
507 335
410 206
501 322
272 6
510 374
276 67
367 83
590 443
233 78
327 119
369 278
356 117
590 189
88 39
97 83
486 463
109 60
446 186
233 63
521 353
245 73
599 18
552 58
82 47
542 279
243 228
131 64
397 120
312 225
523 515
116 92
457 70
248 17
509 59
519 81
419 114
409 174
166 0
346 197
428 70
95 29
469 201
432 264
153 10
531 266
150 48
213 193
279 122
279 45
232 116
372 49
466 119
560 390
69 42
475 187
424 409
130 85
275 103
552 445
466 306
582 388
565 262
448 367
496 31
412 339
378 156
526 209
301 279
197 138
412 194
580 262
321 55
574 546
250 28
500 13
552 318
192 188
558 151
138 51
449 19
282 59
347 338
563 114
187 75
427 395
561 439
544 529
445 111
534 456
262 42
320 75
482 74
378 236
489 58
434 431
386 283
334 122
115 69
552 146
519 515
332 214
467 380
297 107
516 439
443 192
425 107
598 213
195 4
592 550
446 107
360 90
435 345
199 29
334 81
457 343
497 44
342 310
305 268
537 389
286 44
209 181
582 190
383 168
565 549
539 95
492 62
392 225
561 52
448 340
138 2
110 63
468 85
308 173
594 253
504 1
562 15
362 83
429 335
599 183
266 110
255 128
436 373
107 39
454 373
562 134
476 334
493 282
299 83
448 236
352 192
177 131
324 242
469 287
95 71
163 29
507 209
233 232
342 197
436 136
172 44
454 447
517 492
345 5
413 155
436 184
590 155
529 98
283 253
135 17
462 203
587 4
458 123
264 32
78 26
571 568
250 98
371 21
576 367
171 24
390 144
418 66
449 137
373 353
502 404
386 168
597 518
334 307
399 373
590 17
471 382
357 299
225 209
385 32
177 143
544 225
498 181
531 19
557 271
534 465
164 41
172 120
536 162
311 139
436 138
375 71
579 133
347 247
291 59
457 280
313 98
493 165
553 306
579 193
481 359
180 78
57 27
452 249
144 44
152 36
398 347
180 14
513 403
424 369
580 4
504 207
280 261
255 145
453 6
86 3
354 32
529 318
323 127
493 143
370 189
136 46
468 402
563 196
364 103
457 358
410 383
569 13
207 133
520 75
305 257
406 211
519 65
584 101
458 83
587 324
551 499
262 109
563 516
311 24
495 197
532 67
540 240
485 37
286 230
560 379
469 175
522 147
376 102
515 337
364 121
575 462
271 153
447 298
370 69
304 287
534 127
524 216
355 193
350 11
259 100
529 239
491 184
399 361
328 121
556 443
223 49
233 110
573 407
120 95
571 76
219 119
542 280
531 236
95 28
523 58
490 70
511 486
520 270
179 54
591 332
458 137
549 274
326 41
445 216
371 355
540 290
44 31
555 340
395 343
406 250
380 198
404 121
491 182
554 299
401 156
338 336
517 261
506 211
585 470
296 62
250 13
483 342
461 73
355 145
546 477
306 26
545 297
590 588
475 467
197 185
265 103
244 90
447 0
514 30
316 276
392 137
585 171
53 40
322 312
380 278
532 399
592 79
396 65
546 457
261 75
228 190
478 289
485 266
55 33
317 2
448 20
107 73
567 238
393 337
245 194
435 109
332 2
458 49
487 377
428 72
580 75
578 79
480 330
216 173
354 106
429 357
341 158
182 105
324 18
360 233
461 12
366 90
107 20
223 91
577 228
377 261
296 215
434 88
562 103
107 67
324 258
196 102
567 53
555 312
110 80
548 150
425 54
449 440
474 202
374 19
464 260
268 49
578 321
312 219
266 103
340 332
488 389
561 64
565 392
389 303
467 219
426 413
450 277
577 5
426 337
336 140
568 174
102 27
589 498
356 90
182 131
317 261
340 188
527 229
469 409
418 283
317 258
433 364
507 135
543 148
453 90
589 160
205 177
435 315
242 39
268 162
165 91
109 31
594 160
508 170
210 139
255 206
580 120
309 125
259 27
382 367
581 136
430 9
275 14
351 96
552 443
431 420
583 448
120 111
152 146
428 366
328 194
378 36
253 139
565 61
438 435
313 261
550 516
318 297
599 351
467 258
453 182
381 325
138 94
313 15
593 337
288 115
474 394
543 491
367 68
242 60
199 1
543 531
220 8
299 277
478 41
531 259
580 403
566 49
562 213
555 387
369 77
412 159
343 275
396 283
587 78
323 146
415 211
322 172
232 87
44 18
457 133
409 53
47 24
520 325
163 82
549 2
450 391
137 115
479 215
437 117
227 26
598 263
407 204
315 221
548 434
279 193
458 393
388 20
533 7
72 24
541 109
545 490
479 177
437 368
537 381
83 78
402 149
22 14
172 42
470 404
11 5
460 88
396 89
371 366
527 353
388 192
500 435
326 36
485 129
352 332
414 264
584 111
448 401
312 15
479 78
380 350
389 107
343 126
498 54
439 396
201 124
556 335
272 16
491 128
547 366
85 20
434 162
562 290
561 181
569 489
401 44
454 278
436 111
524 60
374 18
338 127
373 143
488 410
350 316
141 52
505 253
503 147
365 89
480 170
306 42
423 37
589 130
226 65
544 279
507 306
534 501
512 213
497 101
560 50
594 493
403 190
505 29
411 117
91 26
359 160
546 455
325 31
599 449
375 15
444 369
286 162
462 404
223 132
446 47
332 324
486 61
427 54
150 43
220 201
423 306
289 147
412 63
221 211
400 138
504 181
206 48
309 286
138 54
524 348
546 506
460 257
74 5
289 246
518 268
431 200
448 239
460 270
170 109
541 227
199 193
235 192
89 0
176 139
515 432
345 63
395 138
325 133
536 441
266 15
447 191
442 58
598 250
477 397
316 182
291 62
419 173
535 364
507 369
369 265
358 109
352 292
515 234
210 93
306 33
528 475
64 28
491 277
467 36
488 166
522 64
519 382
341 10
457 225
292 25
141 101
424 13
238 208
381 137
570 175
561 241
347 331
400 29
411 373
450 181
261 177
471 16
512 64
436 122
528 337
372 245
439 307
531 217
487 4
194 171
379 232
186 10
574 241
187 92
298 71
64 21
222 208
503 263
471 21
589 447
80 11
391 383
599 579
385 251
591 423
308 19
313 218
595 384
498 187
205 134
339 67
269 76
481 36
404 274
418 155
545 500
309 131
542 83
157 77
129 89
284 119
107 68
297 220
551 93
538 479
272 217
480 31
351 202
312 41
400 23
427 251
566 86
295 29
398 117
566 13
583 247
326 207
497 152
385 138
544 352
475 55
598 460
472 104
376 107
91 34
146 9
372 89
527 22
276 53
479 236
531 310
418 267
351 258
486 77
456 414
591 480
560 467
547 477
396 90
493 206
413 260
513 125
595 579
407 210
584 32
182 147
546 23
567 225
304 150
111 58
433 222
516 168
578 488
184 149
268 56
382 163
541 152
518 103
502 470
529 409
536 379
364 89
169 163
156 154
316 153
358 159
405 301
283 102
185 70
461 97
65 33
539 58
582 50
483 74
582 34
482 165
380 321
374 93
549 178
517 427
319 217
403 265
399 251
372 368
330 74
150 88
303 77
597 162
351 94
542 23
543 344
524 334
269 210
527 347
174 64
243 137
124 112
520 472
362 88
313 269
265 230
133 37
443 85
588 425
142 21
439 438
538 6
473 307
396 364
535 335
443 189
498 85
310 241
499 31
154 120
479 36
242 166
407 159
447 64
562 350
370 57
599 206
302 8
590 564
597 287
248 39
550 272
520 214
475 126
178 171
171 4
418 355
572 178
463 443
548 119
577 114
489 211
597 194
507 457
534 41
375 269
322 133
428 130
499 282
278 79
547 8
450 83
315 26
468 455
425 377
493 184
100 65
531 445
532 154
380 377
400 160
201 5
389 366
566 208
267 41
423 95
536 476
355 196
587 112
448 61
527 389
224 177
511 134
202 73
522 324
524 392
395 185
398 339
406 154
564 282
338 291
586 440
338 15
498 430
464 223
411 39
294 192
337 63
380 88
578 301
451 93
411 141
578 72
566 432
482 169
433 19
293 280
414 146
366 113
397 271
412 121
497 116
497 25
596 63
498 93
555 366
434 297
544 53
437 430
475 185
456 318
562 99
533 142
281 46
204 175
311 231
464 249
311 20
541 66
451 427
387 354
457 47
487 21
282 227
593 353
320 29
468 271
269 175
289 60
487 189
546 372
440 213
524 401
528 496
582 131
405 230
96 45
522 187
487 164
527 169
522 138
96 19
167 74
592 253
559 174
506 230
412 211
418 380
550 78
356 66
494 469
471 353
303 122
306 154
568 397
139 53
525 184
306 223
471 331
437 250
496 465
273 158
335 288
511 293
315 198
501 133
277 38
389 75
459 425
519 467
320 259
397 196
595 568
465 384
330 195
277 17
496 250
251 197
219 143
586 4
364 274
477 429
539 160
452 29
176 40
482 432
71 13
305 35
435 191
173 2
353 36
390 378
586 299
587 383
595 81
416 81
574 204
90 25
367 73
306 132
372 176
429 160
343 133
516 202
108 1
270 266
317 200
271 25
504 129
373 159
546 110
442 84
128 41
514 442
285 271
362 94
544 410
409 31
570 31
582 534
227 223
409 93
127 26
595 174
280 204
479 141
475 36
520 22
518 498
484 114
99 19
509 403
582 415
144 81
558 522
502 225
312 185
254 140
338 14
329 158
273 209
374 20
505 161
410 23
363 211
434 247
393 240
463 454
467 378
501 173
100 42
339 200
466 250
596 169
527 413
519 395
387 242
350 105
399 335
596 85
440 170
531 160
220 32
490 363
477 417
333 145
596 221
266 43
568 537
595 408
328 319
204 34
576 136
492 243
592 128
505 162
575 165
378 178
439 285
221 65
209 194
593 580
333 4
249 25
569 213
590 68
472 51
160 38
187 131
381 173
214 97
403 54
311 113
516 48
520 235
343 32
439 362
127 120
295 227
254 229
453 216
594 65
201 186
516 477
537 93
366 270
534 531
396 123
595 95
338 215
290 279
511 156
358 144
525 36
537 435
359 282
330 18
542 40
488 177
428 386
442 364
541 191
454 217
163 1
156 139
506 38
220 125
372 282
592 30
124 80
314 0
96 2
351 39
578 402
578 341
459 136
593 144
574 405
513 339
319 257
548 47
254 90
595 134
399 77
426 265
559 514
500 183
550 337
582 460
304 67
437 8
237 205
457 40
372 213
364 129
517 6
218 169
151 115
289 83
386 275
595 407
487 39
495 377
408 312
557 35
476 267
341 297
179 167
439 383
580 575
46 22
400 208
291 83
514 373
470 386
352 206
179 15
530 361
121 23
439 8
193 159
513 69
469 111
314 61
354 285
582 178
169 142
217 75
537 39
57 22
298 197
501 357
458 145
495 399
356 226
519 188
479 433
535 14
434 261
512 502
270 264
339 332
290 80
401 38
238 136
263 5
552 538
495 467
414 208
330 29
422 15
305 258
329 295
527 399
527 308
217 132
549 213
187 99
555 478
382 174
510 349
283 68
471 56
427 308
322 277
106 9
290 153
462 305
530 318
560 305
509 353
502 294
123 77
455 128
378 146
475 304
532 528
117 102
409 286
423 12
126 72
109 63
220 185
405 388
508 300
342 57
181 152
318 40
51 46
413 259
489 94
305 197
382 146
462 191
225 69
462 387
186 56
383 162
577 537
499 321
497 363
530 451
399 133
327 155
214 204
479 118
440 226
245 192
425 32
587 401
238 178
109 13
581 249
229 113
547 480
404 60
197 75
307 73
321 280
533 517
482 356
575 96
315 200
558 328
578 454
586 98
520 55
514 209
199 159
321 192
578 374
309 107
110 14
552 382
364 36
440 393
423 107
576 55
496 159
324 61
573 501
405 334
505 288
553 11
546 118
540 42
562 129
159 37
161 37
188 172
559 240
580 392
365 317
550 185
510 422
358 214
563 558
378 297
490 19
560 251
122 80
489 7
89 49
234 60
486 141
560 257
561 168
342 47
247 161
485 211
592 546
516 465
512 492
508 9
506 493
130 63
321 110
295 144
408 229
552 76
170 143
287 34
477 468
347 91
540 403
388 64
102 94
532 453
394 56
428 167
380 323
565 74
474 150
388 122
328 7
556 117
571 423
522 519
430 251
343 273
368 50
462 113
538 480
466 299
458 430
392 228
566 169
325 163
510 134
365 99
444 15
136 42
333 36
445 331
314 79
200 193
371 116
429 30
426 51
548 528
505 86
366 130
564 347
590 74
496 392
531 276
398 256
410 73
403 344
538 420
374 149
486 344
432 286
372 222
317 251
477 108
167 119
543 372
400 302
547 505
453 102
533 398
533 256
376 360
419 402
485 102
292 225
548 133
402 342
495 60
248 186
547 383
247 62
331 251
230 160
219 95
365 293
332 187
591 312
321 158
537 419
536 116
461 191
95 75
503 213
594 569
346 255
516 397
520 201
531 313
536 462
311 104
117 41
549 355
500 32
505 167
494 212
370 305
455 373
326 49
441 137
387 243
569 233
130 59
345 294
562 496
460 127
344 82
143 7
231 36
406 37
407 40
577 332
2 1
361 33
585 284
543 37
112 21
106 3
233 37
560 534
571 330
559 187
571 549
585 305
559 479
411 22
452 423
462 397
285 0
371 319
398 71
424 77
459 236
468 115
366 143
170 36
425 310
561 129
352 67
443 431
568 427
397 78
502 410
515 6
434 174
410 142
327 112
520 485
531 450
293 30
548 278
410 26
320 250
402 163
592 444
582 392
410 239
314 29
567 337
287 200
501 478
525 288
298 52
456 191
430 299
476 361
577 126
398 160
92 30
447 292
518 228
353 148
526 368
385 203
499 263
594 201
367 91
586 261
507 480
473 424
364 43
588 55
318 3
124 118
570 494
305 149
434 328
589 211
399 309
322 89
393 116
548 137
532 522
569 493
359 318
423 277
214 92
553 36
506 250
451 159
512 249
497 395
459 176
477 49
506 466
562 537
209 83
432 123
403 335
177 118
307 142
509 67
197 32
269 238
80 13
126 116
221 187
483 270
275 61
380 283
555 507
346 327
390 252
407 87
316 27
550 421
202 100
309 301
271 179
438 384
483 166
448 187
513 460
310 54
417 279
479 62
387 278
75 53
369 113
594 425
324 156
434 207
557 118
485 362
68 34
308 267
530 209
591 469
197 30
30 15
541 94
83 55
521 440
541 516
103 95
318 209
153 50
350 249
596 572
235 167
300 107
578 345
539 213
245 47
486 231
384 243
488 88
595 189
530 269
315 240
523 340
223 92
502 178
247 77
494 409
394 244
362 68
333 113
155 147
327 120
72 56
315 144
285 253
552 256
278 21
546 33
527 384
589 226
319 63
593 233
425 88
536 95
228 144
521 195
237 40
83 15
177 107
468 15
469 30
83 26
456 303
511 276
154 66
337 45
480 57
171 120
402 303
508 323
438 169
440 263
561 188
471 51
166 116
267 179
444 367
390 79
523 52
244 93
125 18
100 48
458 351
463 193
396 218
563 488
199 155
433 95
130 40
409 301
180 89
397 310
443 66
487 293
151 119
412 39
390 321
159 108
405 112
334 227
487 478
502 131
587 367
349 222
498 31
497 432
213 76
355 287
472 173
439 188
546 192
55 25
372 189
590 457
507 87
599 321
456 438
498 328
451 167
21 6
144 99
534 48
510 114
514 174
529 119
394 27
593 568
574 238
581 362
365 329
56 49
401 189
494 479
420 210
319 190
312 102
544 377
260 18
556 492
354 240
532 417
451 164
574 39
467 310
509 28
572 467
475 277
554 109
498 86
495 0
510 452
344 155
282 123
123 70
414 343
304 118
346 56
409 25
444 74
483 145
522 34
571 41
565 430
493 16
176 23
265 125
522 487
536 513
566 391
362 96
442 194
561 25
353 105
517 63
60 30
317 21
502 312
209 145
548 224
302 162
496 226
347 10
476 73
507 442
323 218
482 231
374 306
248 159
550 58
247 133
455 181
250 236
230 190
475 397
565 340
446 257
509 296
273 130
518 178
367 160
521 463
387 341
569 460
85 84
359 6
305 161
591 220
521 83
330 183
112 41
224 161
418 374
358 232
479 112
460 323
305 281
464 75
384 181
542 506
399 97
504 228
243 57
538 48
445 226
377 4
556 267
585 294
296 90
407 212
372 333
300 159
591 493
101 0
439 327
203 169
99 94
520 163
528 180
549 194
121 16
477 404
236 180
488 475
444 154
447 256
183 102
512 252
185 64
188 66
385 231
533 183
445 107
309 155
552 35
489 362
380 190
219 206
468 441
479 223
434 66
506 456
402 329
348 179
216 137
464 331
456 229
359 324
543 146
184 54
427 73
389 61
479 261
446 441
358 272
365 345
550 283
458 207
407 119
217 123
313 74
433 366
410 68
583 130
545 505
460 340
482 65
129 38
249 161
283 72
