55 165 600 2500
49 28
49 14
37 35
53 32
46 24
31 3
38 3
48 3
18 11
49 19
49 37
45 39
27 10
2 1
48 38
40 12
53 38
49 18
36 13
38 17
34 28
41 6
29 14
34 17
49 9
20 2
33 23
53 51
44 25
53 18
27 1
43 9
33 15
34 24
53 5
15 9
36 9
50 44
20 11
24 4
12 0
37 6
45 21
44 5
42 18
53 35
15 1
40 18
42 21
23 17
50 43
51 36
39 9
9 7
28 13
20 12
53 8
54 10
43 7
25 18
28 9
28 11
17 5
29 2
31 21
38 37
38 14
8 5
33 29
37 36
7 4
40 1
38 7
44 19
13 4
29 28
33 14
38 5
23 2
51 39
49 17
50 47
49 46
6 4
44 16
9 8
37 32
16 11
42 12
54 42
22 7
23 11
52 17
46 25
18 4
33 27
39 8
43 35
49 39
43 5
33 8
35 24
53 29
45 33
26 14
31 27
28 17
31 26
36 8
41 19
46 4
10 3
11 6
32 10
20 0
12 1
49 24
37 21
48 23
47 15
37 30
52 22
50 26
40 19
34 0
51 28
54 17
35 17
29 13
47 44
47 1
40 2
50 45
32 0
19 16
50 15
45 12
53 16
49 48
49 0
53 24
30 22
37 18
39 28
52 10
31 29
44 2
49 25
38 29
47 12
52 51
46 14
23 13
33 4
21 0
18 8
46 3
41 2
53 3
13 0
13 7
16 15
36 1
27 5
52 19
311 293
427 46
593 387
482 237
125 12
572 198
307 21
221 69
223 167
318 116
235 233
596 590
253 214
451 75
571 457
63 62
531 377
437 42
132 76
455 258
546 534
157 13
132 91
254 253
459 225
410 182
516 170
534 102
209 190
204 52
185 137
489 362
94 63
513 62
557 391
474 163
587 101
249 55
562 467
280 153
555 305
595 510
133 16
98 7
225 152
291 156
572 200
593 257
402 220
590 156
520 517
482 14
488 186
234 95
472 407
222 167
539 143
346 345
585 492
127 108
595 32
446 443
411 353
497 261
393 207
306 252
219 164
491 288
353 152
477 322
251 164
432 171
590 359
353 39
429 291
540 385
425 379
420 208
517 229
262 253
440 139
428 234
221 134
484 157
593 523
350 90
120 65
156 102
135 9
575 572
554 40
519 321
255 152
501 27
294 215
108 38
411 6
570 390
393 34
111 29
350 254
312 52
333 121
461 401
182 127
170 80
480 71
351 299
241 82
264 80
444 374
416 68
470 456
220 124
532 345
598 525
412 296
584 296
345 220
485 225
90 82
217 158
481 417
521 392
338 126
518 274
340 142
568 343
483 213
200 83
369 25
503 164
447 298
529 113
243 84
424 198
545 508
571 110
544 153
493 248
567 66
222 54
481 86
409 22
133 69
466 279
479 227
528 392
47 19
260 32
538 153
590 481
473 220
554 533
466 218
247 179
389 276
370 167
465 17
587 111
573 492
166 78
387 357
513 158
120 53
563 492
499 176
332 87
220 42
591 461
358 10
490 85
527 462
304 111
322 255
596 562
410 273
506 348
432 240
140 63
462 226
533 72
287 214
144 142
263 115
331 287
529 291
252 19
591 121
259 229
276 140
516 25
538 533
171 57
329 23
191 101
476 464
560 68
396 174
201 76
499 235
463 414
447 399
454 363
589 347
496 425
402 211
590 522
585 280
379 175
508 361
555 56
487 247
527 106
544 61
589 392
420 51
466 392
524 50
543 477
191 190
258 129
332 213
545 234
334 21
337 179
598 238
536 108
437 418
326 172
536 6
301 133
412 281
535 305
388 140
163 68
538 254
515 311
279 140
597 34
555 382
596 340
261 122
382 108
450 163
355 345
359 313
136 94
434 252
351 131
195 116
409 372
572 51
316 309
363 106
552 295
514 241
173 123
472 70
463 65
211 36
301 242
292 66
156 13
419 123
547 72
588 48
454 31
596 575
405 152
112 15
429 31
324 219
485 203
417 363
225 160
580 314
435 394
453 30
322 271
344 200
408 399
288 119
494 20
599 459
540 69
565 316
488 461
379 67
327 290
513 474
232 41
390 74
295 29
401 235
211 107
554 113
528 164
463 409
482 273
124 109
384 20
505 186
394 162
549 245
412 140
349 81
33 18
562 353
358 278
599 417
486 134
167 17
475 404
111 67
579 340
313 307
326 283
420 296
262 52
286 78
165 102
345 294
320 130
206 122
416 280
469 91
403 376
255 20
554 48
195 169
568 238
469 209
474 387
430 408
482 223
513 329
215 6
579 385
568 50
577 548
191 3
502 326
371 325
82 72
500 287
571 253
291 253
390 107
533 170
313 241
293 59
518 414
503 100
482 48
518 269
357 220
509 168
173 12
324 286
515 400
143 140
433 397
276 121
550 297
176 152
511 195
188 178
302 289
365 115
414 79
588 583
58 46
166 82
412 372
223 207
498 222
371 80
427 324
432 383
494 385
405 47
541 45
556 398
378 285
401 365
572 40
541 81
378 105
129 84
378 246
85 0
244 82
381 35
536 458
379 34
367 92
452 318
572 121
276 199
558 543
417 11
375 22
78 76
368 164
205 131
370 183
482 436
574 430
360 243
476 134
514 109
192 130
392 76
382 354
476 228
396 286
209 127
509 299
303 9
110 86
316 222
340 248
352 5
550 54
325 210
350 264
532 75
284 278
475 235
398 123
550 116
437 337
371 24
229 3
234 136
180 0
249 161
148 101
574 352
308 250
405 44
94 75
468 454
351 80
374 60
566 396
284 159
178 16
319 20
353 156
578 223
355 12
390 180
462 203
530 440
569 197
378 95
357 94
437 227
329 309
544 517
496 458
326 3
487 21
548 157
298 193
566 338
333 33
287 39
485 337
379 115
566 345
360 237
310 143
405 170
523 252
517 515
299 31
363 0
408 35
588 146
435 233
533 510
560 205
508 265
69 25
459 332
494 125
192 79
70 33
558 344
23 0
483 284
325 271
272 86
419 314
497 407
583 230
375 318
503 431
449 256
315 280
466 175
453 296
328 177
307 252
416 337
386 76
595 272
429 114
213 83
506 177
435 57
529 124
371 136
81 6
487 191
481 450
406 350
598 469
249 39
459 303
408 320
233 26
563 27
371 18
209 187
303 195
542 473
213 167
444 278
297 24
489 73
440 231
370 285
234 108
226 164
528 249
426 268
381 85
559 27
504 181
290 198
414 255
460 272
595 15
425 64
415 244
477 172
556 222
442 275
143 73
550 166
370 366
575 372
418 98
255 74
381 121
444 153
409 217
509 73
474 10
278 54
203 125
555 439
418 268
564 403
468 248
477 353
516 156
330 54
263 30
366 54
118 100
164 161
478 320
545 217
246 46
246 108
559 186
261 211
469 418
518 213
332 215
552 514
155 141
526 352
428 392
564 492
546 379
543 512
227 115
574 117
547 471
505 437
367 85
212 121
387 132
393 94
378 352
87 85
273 54
459 435
592 503
555 44
525 234
488 457
384 143
389 19
427 210
580 52
404 170
199 179
61 54
382 128
376 64
488 460
448 425
152 29
282 95
510 29
545 233
561 168
356 290
467 26
409 169
349 312
399 48
493 355
333 127
222 217
256 13
416 115
526 202
417 263
294 283
507 433
594 369
561 378
355 288
288 191
427 265
387 260
421 138
460 420
488 393
312 132
510 160
369 211
590 327
446 421
410 406
385 284
580 180
349 341
234 110
594 300
370 13
419 133
368 230
336 233
279 22
521 45
487 229
82 42
217 86
572 568
360 267
560 491
489 249
376 38
342 265
518 498
528 92
277 166
304 233
441 277
510 143
222 135
570 144
427 91
557 550
464 448
396 373
188 43
591 186
590 379
280 16
413 43
380 216
462 27
471 19
273 155
265 169
351 265
391 255
218 40
309 186
291 88
524 25
454 150
271 189
468 362
284 99
252 99
293 282
275 53
588 204
512 189
385 178
336 46
464 198
587 566
439 149
523 511
219 204
139 135
558 525
167 109
598 134
305 10
288 21
580 328
590 537
296 28
390 163
545 178
542 279
459 117
456 224
66 7
426 82
190 120
381 24
375 157
263 140
186 82
402 115
376 230
406 4
394 392
517 34
404 349
590 52
355 23
581 175
192 33
439 115
460 436
598 343
466 404
176 52
456 288
425 387
236 223
546 40
397 333
389 164
344 130
315 309
449 178
420 37
419 157
506 22
396 181
358 236
523 248
225 48
526 287
433 133
207 114
589 21
527 289
580 338
93 75
560 52
368 294
328 74
321 90
313 243
411 173
468 285
486 284
292 219
515 197
495 69
542 265
599 330
327 176
274 192
460 384
580 240
59 20
383 365
506 487
447 18
565 440
334 312
281 227
514 368
297 256
232 1
559 17
516 417
550 203
348 34
511 201
293 159
556 375
359 1
507 122
530 293
386 385
497 197
157 103
467 451
341 230
194 92
269 193
499 5
442 210
445 406
435 92
508 203
541 503
329 65
266 209
402 54
402 262
477 256
596 224
326 234
198 113
362 198
203 86
429 371
447 92
307 225
506 171
482 214
207 115
501 67
272 64
565 336
535 378
181 175
299 3
308 67
423 210
141 30
580 311
522 377
506 222
458 340
370 118
414 376
386 344
248 135
470 272
442 131
421 125
554 342
158 75
399 333
374 38
257 124
125 92
509 328
538 394
71 34
174 62
343 241
344 45
473 274
295 222
573 546
236 79
286 130
450 260
342 189
484 36
472 254
339 154
279 29
225 30
316 301
538 244
401 184
389 267
309 90
269 249
406 7
484 381
541 64
538 436
60 14
539 131
14 5
317 312
333 198
336 98
585 84
489 91
443 311
401 180
460 245
463 118
595 383
361 223
500 468
416 241
552 144
454 155
242 104
433 95
527 460
505 125
270 156
486 353
422 406
428 257
412 251
227 147
230 199
326 155
381 238
536 504
233 121
171 89
334 274
431 73
540 276
494 484
200 39
541 145
314 100
442 211
245 64
487 76
547 496
520 417
69 22
319 38
536 29
407 90
555 441
301 190
512 295
205 148
506 38
284 19
542 3
466 325
578 199
399 345
564 31
561 91
506 57
590 67
452 303
582 514
516 476
231 166
545 181
469 311
535 251
597 219
386 129
225 123
335 11
263 162
452 30
479 54
312 39
543 534
597 254
400 391
505 488
556 545
198 71
530 197
570 111
480 347
494 104
224 58
449 134
328 268
416 209
164 70
308 10
313 297
385 125
574 354
495 454
169 18
508 40
208 195
109 85
590 515
586 584
563 4
431 254
361 125
467 439
488 80
449 44
199 125
395 202
408 253
515 447
398 156
493 319
149 56
520 304
577 337
195 113
325 69
559 261
430 374
247 166
337 103
168 80
592 517
518 377
154 45
548 408
438 11
271 25
346 148
67 27
262 23
538 225
230 201
369 253
212 189
555 500
551 41
533 81
383 30
507 31
305 192
489 153
598 101
559 220
270 144
358 272
510 380
544 382
592 184
552 526
497 310
159 10
467 28
108 10
347 29
503 413
457 19
587 140
501 208
542 129
514 342
337 221
176 139
582 144
508 29
236 213
519 165
390 133
364 227
386 214
520 265
527 490
195 125
426 18
537 50
486 102
551 316
570 113
440 362
435 155
124 18
304 87
186 141
331 112
580 554
174 104
261 16
397 53
94 84
522 410
589 229
118 25
439 256
396 395
136 17
379 98
403 333
253 154
318 242
294 18
419 401
444 163
287 187
559 501
442 419
580 214
370 174
582 149
347 212
189 113
543 412
519 100
597 466
320 267
237 191
353 224
596 428
285 75
530 261
549 541
372 108
582 566
321 58
383 213
510 23
467 88
429 311
272 7
270 151
113 84
263 254
531 204
330 107
554 231
560 281
502 170
425 223
486 319
597 276
167 41
578 444
576 400
365 66
507 182
562 212
395 14
329 4
296 143
534 411
107 13
542 467
412 6
448 102
589 425
489 247
381 284
408 60
172 26
484 26
484 335
390 86
598 489
156 100
503 275
410 258
229 175
403 46
448 188
200 74
570 229
82 56
588 533
587 414
275 130
505 323
170 168
570 160
242 132
404 244
401 201
464 402
209 54
482 196
595 509
419 371
105 8
313 190
536 352
575 297
501 464
492 77
145 98
403 187
197 20
429 56
355 33
376 304
164 22
362 27
446 308
478 392
536 25
439 108
197 113
435 229
547 231
583 176
519 121
559 277
571 295
594 71
455 62
239 227
423 229
333 51
381 17
555 370
341 305
146 88
171 154
592 276
584 248
583 46
397 91
94 61
594 308
35 11
272 144
207 182
466 450
572 414
143 115
274 171
171 111
432 317
270 226
598 323
401 383
285 9
398 283
222 79
349 21
421 246
351 295
142 93
75 73
278 226
306 38
245 187
490 69
495 381
407 184
543 236
554 475
81 47
553 4
592 412
421 142
274 244
505 67
243 142
471 256
254 171
522 359
218 214
581 130
591 141
406 107
488 279
461 185
589 543
537 241
418 374
313 288
409 253
376 152
446 283
419 183
472 52
15 1
530 269
476 142
506 464
535 478
344 54
415 204
489 392
279 110
360 256
562 188
512 57
378 39
583 159
427 59
194 75
469 38
354 110
220 98
394 124
522 462
423 150
538 414
284 252
474 56
134 100
313 46
389 368
543 280
293 110
215 58
165 52
304 79
430 360
393 246
369 112
383 361
307 62
477 114
305 162
578 570
379 280
400 247
486 234
462 55
545 398
529 236
327 249
411 254
537 19
443 236
571 562
361 176
203 87
243 204
280 173
574 99
296 181
510 75
372 167
319 56
536 466
272 262
315 88
534 458
542 247
445 317
557 496
174 43
572 530
503 295
341 196
387 179
378 194
452 160
405 9
548 22
523 133
552 89
257 212
592 104
543 452
455 199
136 86
298 283
488 378
506 457
113 67
29 13
478 46
178 131
593 260
531 141
548 392
549 437
535 400
236 226
129 72
595 446
561 151
274 159
339 71
250 190
157 119
567 407
334 182
347 30
580 572
264 130
473 104
299 88
593 254
424 145
326 43
529 456
578 63
219 39
287 21
401 288
95 75
543 465
304 15
287 213
545 520
562 250
334 284
415 118
546 410
480 267
595 517
538 525
510 492
577 148
531 101
476 105
456 339
303 163
288 114
214 209
241 4
536 303
382 310
529 245
479 394
243 158
408 186
482 70
539 350
532 262
489 147
478 352
330 43
516 191
466 190
137 42
594 408
533 268
479 180
482 108
465 83
332 79
140 29
227 2
196 82
331 18
435 378
512 453
468 303
418 126
495 477
466 186
300 132
478 465
378 61
276 263
336 100
394 312
174 135
77 48
462 88
580 139
460 278
469 4
131 45
368 297
513 488
299 76
316 32
299 219
345 240
552 217
356 317
460 403
366 342
533 505
529 172
312 218
521 218
491 264
362 96
549 268
514 405
288 32
212 81
361 40
461 348
155 151
318 234
316 266
34 10
271 38
564 200
599 326
479 451
521 42
190 173
580 83
587 118
501 203
92 57
507 301
485 365
397 141
323 133
561 215
485 180
572 398
408 183
509 507
449 365
431 54
446 330
581 503
543 134
207 80
326 65
578 66
514 420
569 227
540 102
588 231
531 93
501 393
250 217
504 440
419 327
411 373
294 120
564 372
264 0
208 63
362 187
507 345
332 191
329 217
594 500
441 278
227 16
293 224
559 466
389 339
513 135
367 321
594 368
479 300
477 174
416 211
547 105
500 282
561 143
414 183
419 409
343 321
118 9
455 55
167 128
290 106
259 84
466 432
522 424
298 104
341 279
510 493
476 439
135 94
532 322
330 48
225 28
534 476
557 221
364 192
520 500
473 367
46 23
599 584
578 31
160 26
241 156
358 122
208 44
576 519
571 341
466 155
515 110
400 106
210 9
597 150
511 51
540 307
574 205
480 272
234 24
351 332
571 387
517 47
280 121
265 23
345 245
422 219
469 143
491 230
585 528
285 118
260 217
566 273
531 429
287 145
519 123
472 210
403 148
450 70
479 16
527 253
553 450
542 407
381 256
381 32
582 501
530 58
345 295
92 76
343 210
326 298
196 102
341 287
398 128
288 240
189 53
314 36
483 122
467 160
291 26
152 95
90 89
351 78
381 185
183 107
208 155
488 381
410 25
533 223
243 14
490 285
259 222
493 207
401 25
167 51
371 78
557 455
231 48
454 122
310 148
272 271
224 182
214 193
531 474
414 339
453 72
167 148
444 89
329 3
391 144
320 219
319 11
533 66
371 68
553 410
558 176
436 349
561 554
256 255
597 6
314 164
465 422
491 265
475 9
530 36
521 459
396 167
457 310
444 240
91 5
433 110
582 146
598 7
64 15
162 8
366 308
586 221
593 80
534 528
116 36
548 108
403 173
255 220
365 65
580 301
219 101
537 384
473 215
241 166
327 253
492 123
66 40
556 72
590 27
335 76
480 119
597 168
215 181
440 372
184 181
387 344
498 311
199 61
478 115
409 355
510 163
176 169
372 146
182 0
533 17
428 18
272 136
373 256
434 36
208 52
540 16
458 211
583 477
322 29
551 531
274 208
532 446
417 367
372 89
585 517
246 67
538 239
476 43
539 218
574 87
346 86
499 448
286 70
358 283
322 182
202 36
304 41
512 396
500 429
556 266
372 186
132 87
564 452
487 166
297 183
244 14
491 118
426 340
282 107
597 564
355 228
112 8
360 172
464 35
558 432
356 45
287 53
486 170
359 15
93 1
357 332
363 344
167 11
353 254
551 518
159 104
508 34
441 407
588 257
543 329
309 59
537 122
247 138
357 199
553 456
566 148
578 378
588 373
580 257
357 339
339 126
402 170
471 210
85 66
572 543
336 59
594 97
472 306
486 465
391 302
259 147
486 172
577 175
84 21
576 177
588 397
403 330
462 345
499 10
278 152
211 68
112 17
534 393
350 92
523 63
152 67
547 523
569 64
446 329
287 26
443 377
416 374
598 236
402 293
181 102
485 318
227 19
330 1
468 348
524 316
459 103
202 11
308 14
548 87
131 55
339 133
504 107
155 32
342 182
534 377
590 144
239 68
499 4
454 116
209 139
442 3
540 365
328 202
368 153
384 273
289 70
429 397
382 359
588 581
176 50
371 89
85 17
518 28
436 381
515 477
595 212
257 96
561 526
319 201
551 85
512 200
171 126
542 405
432 51
323 211
585 411
543 372
423 139
450 145
199 36
530 439
229 126
283 109
58 21
380 290
453 375
527 370
389 123
292 108
514 37
473 84
231 71
471 452
485 66
480 243
592 164
562 177
435 298
441 231
372 41
480 30
552 270
296 266
586 270
513 91
338 150
355 243
196 131
415 202
404 281
410 234
489 245
463 147
238 19
500 79
343 282
525 2
134 126
584 228
298 223
587 453
503 465
406 310
446 187
534 29
244 124
285 45
473 196
380 277
247 153
169 130
426 281
383 107
473 392
290 24
338 315
521 341
363 318
517 359
544 347
361 170
513 115
582 81
452 45
554 402
274 69
423 92
565 138
194 132
558 416
338 311
501 58
120 98
388 2
495 297
548 63
282 137
564 338
383 224
595 64
229 191
568 484
245 41
587 447
563 233
516 215
197 184
272 92
562 407
239 219
587 280
575 548
118 81
498 276
246 183
384 153
576 98
74 8
205 64
424 281
494 309
89 82
336 287
101 9
491 454
212 116
57 31
469 174
530 368
255 239
460 169
445 38
426 304
299 176
191 141
443 284
542 182
204 180
579 309
488 128
358 315
572 55
382 87
585 186
511 444
497 83
274 87
589 554
479 477
410 329
396 8
573 129
456 449
485 118
177 110
583 158
183 150
374 336
360 90
370 20
318 66
413 378
402 108
390 278
541 378
379 256
319 213
555 128
51 20
348 284
555 472
446 415
331 221
331 194
531 125
279 173
351 342
84 16
541 529
266 141
256 149
510 196
593 282
566 155
366 320
155 38
344 287
560 401
249 207
434 312
575 426
577 273
432 217
426 371
502 0
505 350
357 50
267 69
592 497
315 71
403 355
242 181
224 189
348 243
494 493
145 139
319 84
362 286
527 13
547 346
328 205
1 0
152 94
570 480
397 337
592 245
403 235
426 89
571 285
589 227
494 482
275 247
410 333
469 462
447 308
596 234
222 13
592 450
333 255
563 495
414 71
272 202
271 144
460 53
577 262
380 272
334 185
395 276
485 327
541 288
522 397
569 474
508 157
535 114
471 35
335 197
247 120
277 106
477 422
120 85
443 35
481 324
475 269
416 122
355 197
332 240
97 47
364 269
87 7
579 323
279 71
429 42
334 167
501 340
296 103
404 115
598 535
324 153
503 102
599 89
211 50
214 191
107 93
328 219
323 44
525 309
401 301
527 457
579 120
346 221
348 343
420 156
167 134
290 78
561 104
290 26
309 74
488 143
561 553
309 113
94 69
390 273
465 93
189 23
180 10
304 296
446 437
390 360
329 210
372 52
414 175
598 11
348 69
428 246
480 378
484 27
465 413
378 176
318 181
248 242
180 104
598 391
352 330
413 191
351 4
296 156
575 164
599 443
226 22
18 14
550 97
235 200
194 101
558 166
595 213
343 266
246 98
519 70
566 246
222 33
548 209
83 9
510 298
369 168
539 119
130 93
517 216
337 217
323 219
262 21
418 336
346 314
348 315
389 11
252 245
445 25
234 113
556 412
590 273
563 392
205 120
325 320
476 366
553 3
239 196
427 196
399 0
226 32
203 54
583 472
360 231
372 140
560 55
568 526
353 3
244 51
533 152
343 202
324 58
189 170
173 43
423 40
422 132
252 193
521 405
134 20
306 75
447 141
268 70
302 47
71 0
566 325
261 94
499 191
257 160
558 300
414 266
420 183
561 390
568 102
207 84
322 36
450 317
369 124
510 133
550 252
563 377
78 62
490 406
263 80
466 95
518 132
296 166
486 358
264 14
262 101
253 239
151 11
503 426
480 344
354 48
477 453
162 22
387 362
222 95
547 4
214 69
422 398
457 304
364 321
437 68
277 63
478 314
346 316
347 207
305 183
296 20
597 256
182 115
393 338
376 374
583 198
447 109
545 17
385 132
529 216
446 320
470 125
529 340
523 194
342 331
268 9
438 264
193 105
218 186
442 261
435 222
510 259
346 67
508 142
312 69
248 167
371 266
184 128
461 289
101 66
129 38
564 302
307 55
540 43
376 370
247 128
84 46
433 25
470 8
561 74
459 55
554 175
419 289
214 162
500 187
484 161
354 321
503 460
498 136
532 333
366 89
530 187
541 168
410 274
524 239
538 532
422 279
481 151
196 47
549 407
407 165
479 185
379 336
267 38
423 381
543 99
332 290
235 0
152 91
588 296
308 194
400 187
581 276
467 82
241 95
387 298
334 82
433 192
264 173
409 32
401 145
165 25
356 243
574 152
332 187
319 116
172 63
557 429
37 26
511 123
155 59
351 210
365 75
305 215
569 149
226 104
545 15
282 191
428 373
517 127
239 179
476 182
420 60
532 174
435 78
566 274
528 27
441 344
257 43
401 146
424 249
418 411
305 41
531 185
276 96
552 176
468 228
192 6
290 219
210 111
452 142
588 38
289 43
461 411
568 384
480 273
353 174
598 84
435 314
529 317
587 404
591 371
210 2
389 46
540 297
47 37
344 207
380 102
468 100
355 123
344 289
556 118
348 219
108 107
573 510
395 287
164 86
436 193
538 412
298 259
433 287
462 217
423 306
229 164
260 47
481 182
512 473
528 335
309 212
385 96
407 153
512 214
530 391
450 334
583 394
268 149
208 97
527 120
453 149
395 39
288 266
543 318
546 99
588 569
527 22
557 272
231 168
523 16
313 168
317 146
519 257
134 104
239 154
232 200
67 2
580 394
591 241
101 22
276 165
296 84
408 400
516 411
158 84
490 135
82 34
522 57
271 213
581 541
192 0
341 154
249 63
344 99
586 19
377 169
479 265
473 396
511 131
189 153
273 243
561 335
515 380
153 97
403 84
213 82
571 255
559 128
470 468
