15 45 600 2500
14 1
10 6
5 1
12 3
7 3
8 7
6 2
9 0
7 5
14 10
12 1
9 3
13 5
2 1
12 9
11 1
11 4
6 3
8 4
9 4
14 0
13 8
11 2
5 2
5 4
9 6
7 6
11 7
14 13
11 3
8 2
14 5
5 3
12 2
3 0
13 9
12 5
14 11
4 3
7 1
12 0
13 2
14 12
13 1
13 11
442 391
334 112
486 27
234 166
543 182
492 332
286 158
458 338
200 180
221 91
396 52
518 79
411 107
98 69
437 366
527 390
488 340
137 18
267 100
171 116
239 164
161 36
371 207
357 224
308 54
88 22
540 327
538 156
220 217
587 364
432 159
392 183
90 79
244 194
591 574
454 404
570 390
378 110
520 75
425 361
167 117
299 224
535 435
310 122
594 425
364 129
557 492
356 345
539 195
143 59
437 169
241 83
548 547
342 65
494 257
481 112
503 136
181 40
536 377
271 8
594 492
103 42
348 259
595 200
341 177
581 224
304 177
592 134
527 75
496 54
345 303
497 349
396 59
390 82
446 278
259 5
534 425
160 157
586 476
568 179
598 144
424 226
511 177
523 106
325 202
381 105
14 12
543 126
486 463
536 363
265 95
103 38
578 79
483 295
455 432
425 207
387 35
381 24
592 470
578 458
430 303
530 364
541 307
481 312
504 478
597 51
269 181
471 345
274 81
369 131
168 88
518 120
103 9
590 76
170 35
118 73
165 85
577 329
329 219
404 224
574 551
530 17
483 263
541 52
554 400
517 427
391 100
533 242
280 93
319 187
558 72
315 284
235 103
127 40
576 39
492 346
576 238
61 56
394 174
517 19
557 547
484 322
442 14
496 11
539 456
226 90
357 2
554 215
306 150
500 282
413 290
390 192
125 85
557 105
473 235
488 139
350 317
553 234
453 239
519 342
253 190
433 430
429 191
214 114
570 201
579 229
292 172
327 95
546 84
449 306
549 411
566 537
385 116
424 221
158 28
562 304
327 303
326 254
191 123
425 25
447 9
304 295
482 65
204 37
379 259
389 250
480 188
583 41
330 125
175 63
116 78
404 107
572 395
250 166
83 33
502 374
72 63
512 273
323 108
598 64
549 472
570 397
463 65
431 410
239 163
54 16
593 501
360 173
598 453
290 14
456 159
309 193
508 318
205 106
421 305
587 169
504 75
592 298
435 132
462 284
163 61
504 293
240 109
563 236
586 95
345 69
314 22
576 173
542 281
206 179
393 219
318 293
531 521
279 156
91 16
490 382
202 188
156 4
521 220
497 285
312 235
266 225
251 60
324 20
487 315
398 2
450 366
389 105
336 57
499 286
532 83
352 306
355 153
240 136
317 196
494 114
470 326
174 17
304 111
473 65
464 402
532 530
279 0
569 221
396 377
568 520
297 25
443 195
211 92
598 248
553 60
249 115
179 10
140 22
454 134
287 115
461 5
558 396
223 209
554 371
498 116
591 42
259 70
586 69
467 437
178 65
486 69
361 13
220 32
340 221
328 41
506 496
90 56
388 227
442 370
401 210
300 130
561 284
320 289
167 128
539 420
389 263
537 256
530 123
384 295
596 486
464 409
9 2
265 182
47 22
334 96
448 208
513 45
348 277
404 247
596 308
586 536
376 181
489 479
398 289
481 451
512 7
542 145
217 34
542 410
377 158
294 132
480 410
455 146
355 79
352 58
419 9
367 147
442 117
482 21
113 14
468 325
591 47
265 143
579 392
581 91
566 507
593 411
285 127
444 248
526 211
500 133
559 23
248 41
352 349
514 507
364 304
559 306
341 201
595 272
476 218
384 66
588 545
168 158
544 291
297 256
598 146
371 2
455 52
510 253
483 156
51 49
284 34
243 72
386 349
352 216
530 212
399 195
553 105
247 168
383 296
319 118
418 103
405 80
453 134
490 439
335 30
462 273
504 232
250 229
211 109
377 367
519 402
338 25
182 111
515 4
289 4
476 445
409 307
473 135
381 122
436 382
243 12
416 331
142 97
427 251
520 8
498 114
422 255
526 489
272 64
478 3
578 94
468 242
443 298
438 245
290 82
398 100
537 287
542 266
509 314
156 45
157 117
442 349
526 384
530 303
291 220
317 250
599 404
470 173
416 234
489 164
304 141
289 104
498 224
518 176
215 207
550 488
542 181
151 91
597 76
130 31
48 47
538 387
522 230
538 332
348 213
569 136
98 72
467 280
254 252
406 372
428 400
368 19
556 417
348 311
510 36
437 293
521 420
415 104
173 128
316 294
467 245
126 7
180 124
316 202
197 34
168 79
270 193
527 298
510 480
460 350
469 364
236 128
434 233
278 67
469 25
362 148
130 77
284 161
454 43
586 378
331 205
230 9
472 347
292 25
381 256
133 131
360 197
544 542
441 290
214 207
329 325
398 8
271 142
317 154
505 163
576 13
536 225
282 111
151 30
103 53
347 102
335 331
593 348
514 103
312 75
403 170
559 337
451 43
552 319
400 185
172 18
299 279
534 267
422 292
593 421
355 191
261 152
199 4
529 241
501 433
522 93
222 18
508 283
594 48
491 461
225 146
420 32
386 277
496 209
575 148
521 57
416 18
386 216
571 439
133 102
570 174
199 60
347 209
338 216
495 434
222 46
446 225
553 266
558 202
500 121
528 181
585 161
503 36
556 28
301 64
490 481
598 575
143 103
587 178
200 94
579 393
76 38
472 400
516 190
342 310
379 171
592 221
219 54
528 45
565 30
339 331
332 207
386 217
365 26
288 143
422 409
584 140
87 53
566 379
269 138
277 128
416 404
383 266
415 369
345 14
478 99
466 108
119 80
370 69
585 251
577 281
532 197
567 60
490 360
502 498
506 345
526 163
382 186
370 12
591 119
522 265
488 229
554 116
373 317
597 34
508 46
507 454
547 215
585 157
423 403
586 251
567 233
330 294
298 100
417 169
56 49
429 229
598 385
593 120
550 285
177 171
363 184
234 144
327 59
266 94
441 342
203 45
302 43
388 93
525 87
576 384
517 316
572 290
425 4
266 165
517 65
419 377
248 124
517 204
344 190
181 113
283 214
420 104
479 397
374 334
355 3
279 187
503 66
443 20
243 133
470 457
479 372
594 181
460 364
490 4
457 291
389 126
598 562
97 41
385 370
415 337
372 264
482 315
178 54
521 404
556 62
525 348
486 125
429 130
599 568
189 19
486 225
227 86
338 173
226 86
99 51
412 384
583 217
351 346
465 152
373 83
312 135
472 70
529 290
112 28
293 157
105 6
430 253
469 317
436 363
531 234
344 205
536 412
485 109
543 382
350 257
577 447
308 149
262 41
363 293
288 110
421 340
516 296
333 289
533 134
228 156
314 103
360 108
478 269
160 132
579 383
317 89
583 90
573 60
458 390
464 15
401 362
455 181
526 329
527 380
435 46
246 146
427 328
596 23
239 125
295 95
472 108
538 360
389 60
263 130
427 124
304 66
555 453
282 276
546 357
567 253
536 320
376 167
480 258
422 217
22 3
323 200
442 302
382 348
276 21
442 403
159 45
55 46
566 280
595 19
577 412
121 28
337 302
290 183
471 300
581 108
534 251
229 6
442 233
577 73
303 130
118 83
282 212
513 248
367 117
577 35
498 299
302 96
439 137
437 67
453 193
223 165
187 31
212 158
417 407
493 283
253 162
240 100
373 89
480 80
145 40
391 325
542 271
574 375
325 2
423 216
573 311
529 235
546 321
253 232
384 324
235 172
229 84
553 489
593 103
344 243
143 70
491 21
401 231
592 294
249 188
296 49
485 352
571 236
391 239
293 186
414 222
411 148
58 46
431 264
543 25
578 520
228 27
317 103
417 225
494 129
399 373
405 236
239 43
533 258
581 205
512 406
566 164
548 358
472 279
389 317
300 21
83 70
530 280
534 492
497 414
517 212
439 124
258 5
580 487
323 30
492 38
569 147
475 395
252 78
428 331
543 362
576 90
260 198
541 135
549 3
261 13
179 73
593 445
241 188
404 67
350 70
120 32
303 93
402 284
446 285
558 274
469 275
56 11
527 203
397 115
446 37
390 369
465 223
280 114
270 64
554 484
426 246
430 165
171 72
340 339
419 73
452 344
552 358
150 123
416 317
280 11
418 238
451 55
442 348
549 264
500 337
545 131
320 290
453 80
536 375
532 151
570 438
249 92
363 345
430 170
496 435
526 18
555 47
284 174
531 110
368 52
451 369
557 460
565 21
498 288
571 77
375 119
587 270
113 7
509 282
268 1
504 132
350 224
403 156
493 352
590 417
471 69
323 238
473 451
519 89
258 79
326 291
381 145
450 98
501 5
480 68
307 104
355 39
589 238
420 0
451 425
299 116
238 197
558 96
206 151
472 19
373 241
470 24
449 289
392 228
26 19
341 140
469 226
557 221
535 133
557 117
420 121
153 112
537 492
322 64
195 138
598 424
374 89
113 10
524 120
466 404
589 540
555 361
330 166
553 281
59 31
173 17
331 248
515 454
89 85
506 251
428 41
174 95
370 311
465 430
84 35
319 254
504 449
338 104
524 355
230 210
592 324
512 130
530 357
532 288
510 184
223 122
537 83
452 80
179 53
388 340
477 163
569 294
345 118
436 16
544 241
91 20
518 235
564 367
551 135
158 122
235 174
309 150
517 233
552 436
378 125
519 193
510 470
163 53
173 22
187 139
353 25
314 256
311 59
483 63
451 326
538 314
488 103
315 88
371 267
596 401
504 273
137 80
345 179
485 367
397 396
537 86
425 401
357 15
551 2
486 167
157 50
406 341
372 166
482 186
268 232
547 191
420 360
524 408
406 236
482 466
454 197
519 441
193 156
577 161
574 117
263 23
449 372
571 102
583 536
213 120
291 63
407 134
213 101
243 126
371 199
137 113
314 38
266 202
196 91
451 407
565 365
204 79
338 98
591 376
383 69
419 190
523 360
207 29
258 142
157 5
406 185
198 194
475 312
578 435
510 389
314 258
466 409
54 45
575 387
392 369
369 307
237 23
135 89
430 82
556 490
532 403
568 19
526 42
488 101
460 183
313 32
457 240
421 59
511 65
598 494
218 182
302 224
506 41
485 208
582 92
272 135
168 45
562 298
354 226
506 307
291 44
421 270
379 11
538 286
551 492
544 369
297 49
445 276
516 315
365 234
472 127
379 40
596 9
233 171
571 99
455 319
370 73
162 4
285 167
390 5
338 266
271 163
263 188
93 45
432 150
474 10
222 45
327 232
340 329
528 234
330 253
251 36
587 290
560 258
324 265
380 279
372 45
267 110
434 370
281 217
258 111
474 431
381 60
453 347
254 161
552 523
446 299
295 233
381 370
261 114
536 258
304 149
579 382
233 230
302 227
547 229
478 90
191 107
33 2
460 394
358 156
138 77
401 339
407 172
497 107
556 185
325 97
470 223
389 296
343 218
300 239
468 27
560 142
487 475
491 207
168 0
215 33
342 154
477 265
452 169
235 53
160 11
487 444
299 293
481 444
584 530
501 490
532 133
240 30
532 62
571 450
244 88
340 49
484 435
400 390
277 217
463 366
391 384
143 116
505 241
599 35
412 193
514 318
288 107
577 156
572 150
413 384
339 110
577 117
556 64
394 202
394 381
342 161
236 208
168 6
496 301
570 281
105 31
505 308
511 76
438 215
97 25
463 156
456 170
261 107
330 143
156 95
58 50
469 393
137 63
561 105
582 136
175 39
413 16
443 254
409 203
331 293
572 293
324 44
425 233
559 209
328 281
478 117
502 46
546 543
342 4
439 183
237 55
386 297
533 491
533 42
350 10
107 3
575 406
380 250
420 213
251 75
257 19
234 184
376 257
462 90
295 17
281 67
389 352
284 29
586 217
301 192
582 75
571 241
93 40
188 107
379 363
389 92
350 281
598 206
353 162
311 113
465 165
466 210
432 360
424 117
178 154
485 119
119 34
189 183
489 316
536 268
294 281
215 98
402 274
388 350
396 93
402 73
282 98
464 267
326 0
449 267
457 442
505 190
317 75
508 36
205 126
241 138
448 337
212 204
237 136
142 6
594 374
422 82
321 30
506 467
352 44
327 71
563 365
561 525
274 227
287 131
590 2
320 73
376 54
571 176
491 230
409 155
464 312
260 210
536 155
482 416
407 119
476 322
556 47
125 42
406 329
165 105
405 278
414 113
421 74
301 242
57 10
529 209
562 345
43 32
406 80
535 72
367 5
444 421
195 126
539 415
316 213
247 134
403 390
519 423
213 24
244 207
477 324
393 106
258 160
469 246
456 50
418 338
394 74
590 109
328 92
325 82
291 206
120 61
474 5
490 9
453 242
557 93
534 350
311 141
389 365
561 249
128 4
250 186
488 244
535 505
425 291
286 192
576 450
427 176
486 434
526 309
157 130
569 167
598 388
479 37
423 299
238 64
346 73
543 477
554 174
533 8
340 153
193 101
580 292
331 70
335 189
374 138
173 165
416 202
497 307
484 61
485 36
552 65
425 195
558 305
306 286
422 304
287 32
562 143
316 18
520 189
440 139
327 276
319 111
161 148
560 87
165 32
259 252
440 237
421 167
376 138
509 328
268 139
435 222
417 147
599 574
594 66
536 449
561 457
176 172
554 390
181 95
247 137
356 177
337 92
308 281
488 465
455 65
542 237
563 132
393 279
231 76
486 16
112 67
483 72
581 301
287 47
406 142
391 309
351 70
402 98
377 287
76 40
385 238
437 159
266 36
575 551
560 93
459 253
489 374
478 470
129 84
395 52
143 101
343 263
202 4
540 241
583 60
484 207
475 351
547 312
591 12
521 163
420 66
422 221
512 36
597 254
582 178
472 244
473 66
481 100
99 80
413 182
573 413
450 17
421 398
314 81
429 282
253 200
546 174
415 78
593 84
197 174
454 7
333 40
563 409
349 2
511 321
126 106
458 51
331 146
452 132
547 463
450 420
474 228
575 343
520 222
578 110
392 311
285 55
527 332
239 217
581 398
491 212
231 38
539 55
389 15
395 350
466 79
358 25
443 262
486 6
566 274
437 351
361 317
173 57
161 130
311 284
377 318
340 149
271 127
102 2
422 405
262 164
521 187
221 200
473 267
224 183
529 434
278 48
402 92
515 28
494 16
449 203
378 315
593 145
487 308
409 5
257 114
304 148
359 45
330 84
50 1
197 127
436 4
471 313
430 313
599 190
404 225
532 328
222 78
596 110
459 11
103 77
523 496
583 259
260 182
571 103
332 74
480 300
561 448
192 152
135 125
581 206
517 318
329 297
565 379
226 131
242 36
328 42
449 287
318 206
543 292
302 147
271 110
211 210
401 247
163 38
542 200
398 12
134 4
490 132
322 31
382 236
513 216
257 226
473 429
459 119
292 239
191 26
134 109
508 352
411 387
538 483
508 97
336 125
468 467
147 66
571 71
132 111
46 9
425 226
146 91
549 270
432 403
579 30
292 284
510 11
13 9
168 113
291 157
533 51
578 267
457 233
552 545
406 0
402 115
379 66
487 94
277 190
577 200
532 102
378 236
283 24
500 147
491 439
186 62
333 160
466 59
419 130
225 3
316 280
287 203
235 130
527 155
592 407
469 348
348 197
593 320
412 101
394 42
574 334
396 11
524 253
420 370
524 127
258 128
95 12
472 193
462 372
434 404
532 335
433 387
414 250
529 382
438 127
522 489
461 295
411 335
340 197
229 171
547 56
343 93
535 426
511 273
308 197
382 302
438 396
588 282
595 300
298 82
491 453
518 240
460 215
586 319
521 85
220 122
162 48
263 232
523 364
541 488
594 554
386 272
540 128
177 0
231 28
154 6
524 95
516 126
117 39
504 491
195 13
298 292
516 358
461 100
573 112
312 218
350 278
308 43
287 104
459 186
454 452
366 105
467 404
461 120
483 372
512 205
149 31
572 280
475 177
281 13
552 271
544 368
193 117
213 61
532 291
459 14
478 364
387 81
593 493
57 34
441 91
497 135
367 356
531 78
518 91
552 347
583 105
514 418
542 255
596 544
215 93
422 32
435 386
585 544
488 388
452 221
205 26
455 33
513 122
384 91
415 52
570 71
303 22
329 217
553 2
565 295
431 105
342 16
567 455
318 209
336 104
22 21
440 178
275 109
297 172
380 205
436 159
588 18
460 310
506 210
270 256
302 161
331 202
151 7
592 408
451 16
144 125
325 313
244 213
547 493
428 320
311 88
582 114
204 174
537 33
516 322
420 271
537 236
249 178
454 170
557 232
439 426
230 72
494 246
245 87
539 160
565 78
400 197
271 262
149 147
300 66
246 208
444 389
350 106
301 197
579 176
459 74
379 131
488 442
392 201
552 483
543 20
532 301
329 67
209 131
231 8
464 329
170 125
380 34
484 185
210 118
326 35
368 46
514 215
98 6
555 187
390 304
383 312
433 362
340 270
445 254
499 371
344 128
480 475
455 20
395 146
592 52
588 73
336 216
428 367
517 359
358 177
579 554
521 479
545 332
583 395
351 149
417 121
256 104
548 193
553 243
267 179
287 144
499 463
183 16
406 283
242 156
581 200
530 59
155 23
504 450
441 390
341 279
588 470
409 266
272 206
574 262
298 83
221 142
259 86
506 11
424 51
177 89
595 47
405 403
584 114
228 80
287 145
64 32
364 50
478 203
598 481
593 414
177 34
477 149
304 240
204 121
439 312
407 59
344 252
352 235
341 256
432 402
134 78
328 145
580 183
260 66
577 137
525 214
542 172
573 366
304 257
545 473
143 4
309 290
399 170
289 230
377 309
475 249
419 58
594 501
492 211
545 94
362 97
551 481
356 151
418 376
566 549
417 130
518 501
591 330
467 139
478 307
493 379
55 45
263 142
523 281
418 93
329 150
423 262
172 160
495 155
572 450
574 378
565 127
308 238
464 39
296 125
549 510
381 84
401 258
197 102
423 103
413 191
278 177
484 384
442 270
487 366
425 169
284 10
591 156
251 124
399 28
531 47
538 481
462 177
523 311
534 100
595 320
588 287
448 326
372 186
484 305
411 205
188 183
99 46
360 37
384 243
338 31
534 250
426 349
117 116
376 341
412 228
314 191
123 104
558 172
599 247
575 417
587 458
495 443
363 64
447 243
502 262
599 272
513 215
544 347
400 17
494 415
279 223
552 383
250 163
437 264
501 226
294 262
563 127
198 197
329 254
361 98
158 13
460 287
452 268
559 1
119 39
450 83
244 210
372 30
396 373
551 456
138 6
539 253
350 303
584 374
422 216
516 222
495 133
289 141
376 85
532 371
545 464
581 491
544 297
195 165
435 293
251 171
229 138
415 234
325 190
415 128
481 292
336 300
494 316
533 322
557 303
471 462
586 576
584 62
586 330
117 106
426 307
596 245
492 350
432 114
527 260
583 177
395 136
199 13
561 160
147 127
564 17
478 234
88 43
478 111
377 179
233 34
387 189
391 170
312 82
320 192
556 57
572 500
377 16
115 58
114 81
524 482
559 409
386 343
355 131
392 386
565 232
459 227
325 191
402 32
586 188
300 95
557 418
439 62
360 119
566 432
456 449
452 304
455 318
43 6
253 224
432 196
189 28
405 36
333 322
418 357
304 147
526 121
516 172
367 180
550 16
474 264
413 82
431 187
158 0
276 107
297 26
480 472
576 58
385 2
405 216
157 22
428 188
412 402
403 310
360 253
234 218
557 16
558 191
471 370
547 524
398 27
421 211
467 438
444 208
35 20
249 194
510 64
588 203
471 366
178 42
93 56
209 173
565 140
226 83
453 186
330 165
451 427
272 50
577 289
376 243
273 269
285 219
514 176
435 70
376 96
234 152
360 277
573 149
196 99
246 43
338 183
233 109
484 64
545 186
342 198
376 22
598 501
65 30
112 2
455 271
326 4
532 105
319 43
470 257
275 157
279 100
380 287
568 211
484 137
531 184
428 317
304 17
343 229
494 423
540 288
420 335
264 219
330 140
485 4
179 22
367 144
448 287
551 262
491 431
336 141
544 349
375 0
280 160
311 32
151 90
257 249
305 19
392 387
503 443
435 210
568 294
489 61
385 344
519 177
357 250
405 124
534 177
590 227
173 56
557 190
486 473
138 53
141 109
388 291
406 178
410 239
576 433
68 42
247 53
192 39
566 346
333 122
572 428
568 267
487 126
537 375
559 374
584 219
459 436
474 403
502 425
253 49
255 21
582 338
473 24
465 235
390 174
285 162
468 321
584 481
467 320
245 83
361 66
408 79
406 310
343 104
496 30
35 14
547 21
407 389
533 247
254 139
372 371
292 47
157 81
363 266
95 33
375 286
570 445
456 240
582 32
233 178
541 276
183 37
406 41
464 357
326 323
392 209
362 231
494 486
254 86
448 278
316 304
388 148
543 266
115 42
442 249
150 112
146 79
484 262
387 289
593 159
301 260
295 167
422 188
478 107
376 48
502 96
490 151
171 100
596 291
445 101
233 113
452 392
459 348
449 132
404 119
238 0
414 248
577 217
439 305
378 113
235 138
500 357
64 3
381 30
546 448
54 22
139 40
232 206
199 19
532 11
564 46
500 53
534 380
480 79
256 248
588 278
434 391
408 87
596 430
400 32
310 205
133 71
532 19
235 170
202 136
445 121
365 217
533 342
323 165
225 108
189 173
476 415
539 416
531 162
573 221
566 30
62 32
187 85
362 112
224 177
542 421
123 6
493 362
300 104
370 54
441 148
576 319
342 105
333 197
234 82
371 276
575 293
105 63
392 340
190 55
555 113
590 445
529 224
478 460
554 533
146 81
356 41
383 311
564 122
335 29
521 102
420 411
187 153
210 165
208 119
541 374
551 212
502 323
289 242
528 376
138 63
320 271
349 131
271 141
169 94
244 5
235 91
491 392
89 9
131 11
515 322
331 209
461 431
555 409
475 296
443 210
402 192
453 303
594 538
140 93
435 427
262 165
440 221
268 84
470 188
171 5
488 478
551 113
508 466
469 358
261 203
249 238
591 318
495 182
415 190
305 204
408 53
314 184
297 264
138 110
268 198
404 192
352 187
585 293
421 276
361 316
316 21
402 114
273 173
426 394
370 308
556 470
430 65
360 113
532 157
484 316
539 286
299 292
103 4
350 115
541 112
462 433
399 42
325 194
547 470
513 8
171 26
443 413
227 196
562 538
389 27
472 58
426 148
383 66
456 236
580 418
157 45
593 217
563 465
433 300
410 190
81 46
577 375
157 40
486 39
328 284
489 188
411 342
331 265
469 198
534 202
379 307
401 170
507 478
594 157
572 309
211 165
506 212
443 198
419 213
573 363
282 258
554 458
594 28
418 125
294 184
565 186
530 404
59 46
133 118
48 2
271 53
451 394
448 298
168 149
496 486
445 32
107 80
195 182
132 85
248 220
597 304
571 113
576 420
542 168
57 22
436 253
570 342
367 323
413 252
370 25
288 61
463 370
432 378
568 159
474 324
511 174
445 355
367 88
542 530
429 294
261 208
