7 
0 0.5808770000 0.5797860000 0.5842590000 0.5791930000 0.5796010000 0.5801750000 0.5799290000 
2 0.9147650000 0.9122220000 0.9088050000 0.9131380000 0.9133740000 0.9149490000 0.9129980000 
4 1.2482990000 1.2463790000 1.2475360000 1.2466380000 1.2454750000 1.2476920000 1.2488740000 
6 1.5788740000 1.5758000000 1.5769670000 1.5765240000 1.5763840000 1.5773610000 1.5805290000 
8 0.0098760000 0.0066050000 0.0108110000 0.0086170000 0.0107890000 0.0089460000 0.0090390000 
10 0.0019310000 0.0017090000 0.0018580000 0.0019310000 0.0015050000 0.0019370000 0.0018620000 
12 0.0004520000 0.0004520000 0.0004500000 0.0004510000 0.0004750000 0.0004530000 0.0004530000 
14 2.8988100000 2.9000570000 2.9006010000 2.9100770000 2.9073250000 2.9146870000 2.9075030000 
16 3.2603330000 3.2435720000 3.2486100000 3.2516900000 3.2479090000 3.2466560000 3.2481810000 
18 3.5970890000 3.5891630000 3.6019700000 3.5962960000 3.5770150000 3.5774590000 3.5822060000 
20 3.9637820000 3.9514090000 3.9497260000 3.9697000000 3.9566420000 3.9500350000 3.9554930000 
22 4.5333790000 4.5595320000 4.5408250000 4.5337230000 4.5315740000 4.5344300000 4.5330090000 
24 4.6993290000 4.7080750000 4.7053020000 4.7030040000 4.7197790000 4.6974350000 4.7094510000 
26 5.4096210000 5.4068410000 5.4224050000 5.4482650000 5.4150920000 5.4373510000 5.4090370000 
28 5.3931040000 5.4081000000 5.3939280000 5.4149330000 5.4241310000 5.3876140000 5.3896990000