120 7140 300 2500
80 26
49 14
85 23
94 71
69 54
31 3
38 3
87 13
18 11
88 84
88 51
93 57
27 10
111 82
109 97
82 16
53 38
49 18
101 6
77 47
56 35
74 54
29 14
68 40
109 95
63 29
79 59
58 34
95 8
97 24
118 104
102 27
110 63
67 44
79 41
86 16
114 21
110 80
78 50
118 27
12 0
37 6
81 28
95 28
103 22
114 96
102 0
101 84
88 72
23 17
50 43
51 36
98 11
115 15
103 55
114 30
53 8
114 33
118 112
85 26
106 98
28 11
17 5
86 69
94 27
101 78
38 14
8 5
56 6
101 2
7 4
40 1
38 7
57 41
115 112
29 28
33 14
62 4
100 26
106 21
49 17
50 47
49 46
116 46
117 111
9 8
78 55
77 52
96 75
74 57
113 102
117 96
73 32
90 16
116 5
33 27
119 110
68 1
102 83
43 5
114 13
107 49
83 68
103 99
64 28
105 36
101 89
90 44
36 8
113 23
118 11
103 28
11 6
32 10
90 61
12 1
82 62
37 21
90 1
47 15
91 90
99 45
107 51
103 62
73 8
90 41
54 17
82 79
113 0
82 40
65 32
101 66
64 47
103 80
97 96
50 15
45 12
95 22
65 42
102 34
85 80
112 25
104 6
39 28
61 1
87 30
90 75
49 25
89 24
64 20
88 27
72 25
72 57
98 37
75 74
18 8
90 73
105 8
99 36
84 19
117 28
16 15
61 43
103 24
52 19
39 4
24 0
39 29
29 8
91 2
117 95
97 77
68 34
86 79
61 42
99 30
71 29
61 28
116 115
28 4
77 12
77 69
26 21
94 34
83 65
52 11
16 1
94 29
113 62
88 64
60 46
99 78
77 15
96 84
84 45
105 62
12 4
117 55
36 35
115 31
42 40
65 14
101 63
96 26
75 6
92 76
61 14
104 56
86 28
114 36
90 15
49 26
100 14
24 3
104 24
118 107
28 25
110 20
47 13
112 22
70 52
53 17
44 42
114 42
69 29
57 37
107 86
110 36
116 58
35 11
66 4
95 73
66 49
105 16
114 23
64 32
36 21
31 12
62 55
85 65
30 16
111 4
78 30
110 26
32 15
59 9
76 8
119 38
115 5
87 23
64 23
42 34
104 99
102 3
76 51
49 29
108 90
111 35
94 41
51 11
68 23
96 6
81 52
82 44
52 27
37 11
114 38
57 19
87 47
105 98
90 70
14 4
27 19
46 12
117 83
113 104
71 68
70 69
89 85
70 9
46 22
76 56
102 42
43 34
25 17
48 42
104 101
79 31
76 52
108 37
92 20
116 27
107 41
118 86
115 30
60 9
46 31
66 16
44 38
93 81
74 68
107 43
35 1
63 35
54 23
88 61
85 8
88 44
64 44
64 63
105 55
114 72
111 56
57 48
96 70
103 21
119 74
74 12
59 47
68 37
64 11
92 78
104 54
51 47
112 74
74 49
88 59
77 66
117 73
96 9
38 34
22 17
51 17
108 60
20 13
107 39
115 28
115 53
52 31
72 63
116 110
85 32
83 39
98 95
112 27
48 32
114 18
111 55
93 6
63 1
102 52
73 42
85 42
107 45
78 24
116 56
118 66
114 70
96 72
115 71
119 57
101 60
51 14
97 51
102 54
85 46
110 87
119 18
106 64
40 31
57 32
37 14
70 12
106 33
104 22
91 14
116 94
101 99
76 3
109 36
79 37
116 24
94 11
117 72
96 45
119 4
114 56
19 0
61 2
72 27
34 19
6 1
101 58
68 33
42 27
42 29
22 21
43 2
72 64
118 53
60 49
83 53
11 0
79 71
67 10
99 27
118 41
42 19
65 20
63 52
96 66
104 61
71 23
46 38
103 66
26 11
97 78
107 72
62 45
108 36
101 45
70 10
93 16
95 29
68 53
81 54
100 99
14 5
84 81
89 80
82 50
107 4
24 18
56 46
100 48
89 19
53 11
68 15
31 18
97 30
54 2
104 63
109 60
93 67
93 61
77 71
77 32
26 0
35 26
92 16
114 52
97 40
75 25
108 1
116 61
119 25
119 77
48 10
82 53
111 75
103 91
68 45
63 10
106 70
47 20
111 60
116 44
69 23
97 10
47 27
40 30
113 57
25 5
23 18
68 35
56 5
22 11
71 39
88 70
45 15
108 79
66 52
80 58
114 53
85 30
101 1
65 44
99 61
111 17
78 17
119 12
58 21
110 79
48 28
106 40
54 36
81 64
52 30
95 54
88 29
91 71
117 19
67 65
52 14
107 10
88 17
89 64
25 6
69 56
72 28
88 40
23 9
106 75
83 82
96 18
116 15
48 17
42 28
21 16
46 15
86 8
41 23
102 68
112 36
65 34
67 16
86 2
29 10
84 15
84 62
57 44
87 80
96 64
46 42
42 2
89 53
76 12
38 6
60 19
113 33
103 25
109 23
65 63
89 68
62 36
59 13
103 14
23 0
52 12
74 16
80 47
84 70
56 15
46 7
30 25
84 6
111 95
117 94
76 43
92 83
69 47
103 59
27 16
76 44
72 52
41 1
83 79
75 35
41 21
108 58
90 56
40 33
116 29
58 1
112 68
103 37
109 19
80 74
50 27
118 113
35 21
81 22
12 9
112 97
111 26
97 79
68 25
55 34
96 47
17 7
75 10
74 67
89 88
91 60
87 10
119 82
119 95
96 79
119 36
21 8
104 93
84 79
90 64
116 113
105 14
108 83
85 25
60 30
95 71
38 25
80 7
79 28
101 44
95 91
92 30
30 17
48 8
82 15
118 62
101 94
93 23
82 80
111 30
103 26
114 7
92 64
112 38
92 66
117 2
50 22
113 75
117 115
59 38
100 78
112 20
37 7
30 11
5 4
98 38
57 31
40 32
91 76
85 72
86 20
106 84
99 50
71 47
93 19
98 52
112 6
91 70
97 76
57 11
96 19
57 30
53 43
27 9
84 59
91 11
98 18
72 49
68 10
69 41
61 16
42 0
86 46
105 31
114 41
66 42
50 36
33 19
29 15
73 10
97 22
69 40
98 70
119 43
74 50
111 58
117 116
114 68
76 31
97 86
80 46
106 65
37 22
102 70
100 12
55 22
68 62
109 74
109 57
26 4
74 42
71 49
91 57
104 57
22 4
114 34
115 104
112 40
97 68
73 33
95 62
82 58
73 3
42 26
15 7
105 19
74 48
64 58
101 25
68 58
109 47
69 37
46 13
65 16
100 96
105 6
30 2
82 13
81 10
115 51
76 50
107 95
94 67
87 56
50 49
109 37
24 1
70 68
47 26
109 78
113 51
87 79
41 0
102 63
78 26
80 16
93 35
43 25
114 66
79 15
81 23
62 52
50 0
92 12
13 10
98 23
64 39
116 14
88 21
60 25
92 4
108 100
110 88
85 11
89 30
105 59
66 46
109 56
111 38
9 0
15 4
109 102
88 1
24 21
98 68
87 43
74 5
114 40
22 12
82 76
89 18
88 14
119 58
101 75
105 61
70 41
37 12
117 17
77 1
104 29
77 48
116 65
53 2
98 84
91 75
100 10
68 19
59 33
116 59
76 11
112 47
86 4
93 68
67 6
102 28
51 31
88 73
111 76
83 71
71 70
104 100
96 44
109 82
76 29
72 44
92 7
56 52
82 47
17 4
100 3
106 92
111 25
46 23
85 55
94 15
93 26
78 60
57 5
115 16
57 0
112 99
69 67
87 21
37 26
78 57
62 51
119 56
27 4
90 37
103 73
63 6
91 36
109 66
75 1
43 17
24 5
45 29
113 85
76 68
22 14
85 76
107 65
98 76
82 28
115 44
75 49
64 42
82 4
74 47
91 18
28 5
74 59
112 13
51 21
59 23
49 38
70 30
66 56
73 55
93 10
53 7
80 9
94 54
27 15
109 59
32 2
109 61
112 48
117 11
58 49
118 64
62 12
107 2
95 2
91 46
74 43
23 6
89 37
8 0
26 3
17 15
19 13
109 16
99 89
81 9
94 6
89 43
118 34
89 67
91 85
101 48
48 39
109 107
114 15
118 70
52 20
86 59
112 21
110 96
46 6
62 13
84 46
38 28
92 59
73 31
117 109
36 27
17 13
117 91
82 35
92 27
114 73
71 41
119 52
106 54
77 31
69 2
87 49
56 36
53 39
48 19
113 25
94 0
87 58
43 13
85 68
76 67
26 15
101 52
99 5
98 71
39 30
111 39
112 1
65 25
38 16
96 81
32 7
112 61
117 4
100 33
35 23
72 66
66 19
111 52
35 25
80 50
116 53
80 79
63 61
41 13
118 88
104 91
21 9
35 6
100 47
106 59
98 56
87 65
102 94
111 88
77 61
45 41
115 100
68 17
102 5
112 95
66 48
99 14
114 35
79 50
118 82
54 20
40 39
112 77
65 23
45 14
24 13
70 59
109 52
98 60
89 42
109 43
69 64
90 80
39 33
96 55
62 6
28 21
101 56
105 75
84 69
112 32
107 11
40 20
56 32
45 10
75 47
86 19
27 17
7 5
79 35
78 31
23 4
105 22
117 27
42 6
64 19
99 66
107 97
108 94
98 66
32 24
119 10
100 59
107 73
15 8
118 25
88 7
118 2
36 24
108 45
90 72
92 44
72 2
112 8
85 6
85 48
67 17
68 51
23 7
98 43
78 22
93 45
77 14
73 23
95 19
99 8
97 93
73 59
101 73
86 22
113 66
94 91
78 1
56 25
119 116
103 7
51 16
99 63
84 55
94 38
94 1
105 65
93 85
90 29
33 32
99 39
48 4
110 56
105 89
98 2
105 29
68 16
38 20
67 49
67 48
28 24
87 85
27 6
92 74
33 1
76 1
8 2
104 3
91 82
45 18
66 3
45 37
25 1
43 26
106 81
78 46
106 12
87 62
81 30
84 64
72 47
62 8
60 56
75 54
92 53
118 63
119 86
48 26
106 31
72 23
67 8
62 26
92 19
70 3
20 5
109 45
36 31
95 23
109 1
106 99
106 25
83 25
106 97
27 0
98 78
53 52
103 27
48 43
94 88
104 31
96 67
81 46
114 90
101 24
117 13
76 13
78 16
114 0
96 23
80 49
104 48
116 101
73 45
113 95
79 23
9 2
43 32
104 36
104 55
75 70
34 18
48 25
101 41
27 3
93 55
107 103
83 49
90 71
16 13
115 76
104 27
117 54
109 39
95 77
34 13
44 36
115 61
63 4
67 66
42 25
101 15
39 35
72 59
34 26
94 39
94 86
110 71
112 15
80 11
71 33
32 1
38 13
119 28
50 16
98 96
96 51
97 38
66 15
36 28
42 4
78 41
64 51
97 45
106 73
43 22
87 44
104 14
83 23
28 23
66 34
91 66
34 7
65 60
110 66
119 30
119 75
101 97
110 49
80 30
93 17
31 19
108 40
45 13
96 24
15 5
108 17
94 18
38 12
109 40
46 35
110 59
117 6
83 0
101 36
90 45
90 33
10 5
51 0
103 84
70 18
67 37
95 11
107 14
49 23
66 44
103 69
81 43
81 32
8 6
47 9
87 72
52 39
101 30
58 46
115 2
63 3
35 13
71 18
107 99
58 24
112 45
110 6
111 29
89 44
111 78
102 61
103 56
68 38
53 27
106 83
49 1
106 5
80 52
107 101
22 15
21 6
72 15
26 8
25 15
85 83
51 12
88 24
65 2
111 43
116 57
99 31
96 0
118 115
59 12
71 45
82 17
98 25
82 27
64 3
111 71
28 1
109 6
46 17
117 76
113 103
118 26
58 55
63 38
85 28
91 84
115 114
105 74
50 31
61 56
104 69
56 45
83 34
77 42
56 24
92 38
77 9
28 6
67 55
75 0
108 55
6 0
81 59
105 48
98 90
77 19
94 30
72 6
56 26
41 38
35 33
96 76
53 21
33 6
109 62
111 90
71 3
93 60
88 69
99 7
100 19
56 12
116 78
64 62
39 13
110 43
71 20
106 29
87 46
24 12
83 30
86 78
41 8
93 66
44 1
96 1
82 38
77 35
97 84
54 11
23 22
36 25
115 109
41 20
98 49
93 54
75 53
115 26
89 34
102 46
88 16
103 51
37 28
92 46
31 8
92 88
65 28
94 44
60 15
58 47
66 22
119 13
64 21
92 29
99 24
71 54
96 14
89 32
99 42
59 53
47 28
75 11
45 2
88 3
61 6
53 13
61 31
109 38
51 7
118 61
12 7
100 37
105 84
55 23
106 4
113 7
119 89
56 29
106 74
68 4
93 71
59 56
94 21
54 0
88 48
103 81
116 73
80 37
84 11
78 39
57 42
18 13
85 62
118 46
107 83
115 93
116 108
63 11
109 86
117 62
96 54
109 96
42 3
101 96
93 13
98 5
113 79
116 60
94 49
118 14
61 27
24 11
72 19
47 2
102 100
89 9
113 52
88 60
103 98
90 34
41 32
74 46
107 0
71 22
39 3
105 0
116 98
108 87
66 32
102 55
108 73
18 9
15 0
107 64
57 20
103 58
111 22
119 108
114 64
99 68
72 53
84 30
82 66
86 35
87 16
92 23
94 16
115 46
106 22
103 35
50 29
11 2
69 8
42 5
84 27
62 14
58 0
111 94
108 92
103 89
98 20
104 50
115 52
96 38
110 29
85 69
111 48
37 27
109 69
100 71
68 52
60 34
86 76
70 13
57 56
119 0
75 51
53 40
76 58
113 47
66 17
82 7
110 54
68 3
96 27
116 2
61 32
90 55
83 67
27 12
118 97
69 3
40 27
46 25
95 7
88 19
102 64
107 7
59 54
94 56
73 40
109 101
84 57
107 106
38 9
106 30
93 46
49 30
44 19
72 13
113 98
116 16
116 84
94 52
100 24
90 74
80 55
23 5
75 65
85 82
72 42
33 13
91 64
98 9
76 37
111 15
70 26
74 25
69 25
91 68
45 11
106 27
30 6
100 52
38 33
118 15
85 49
113 42
80 27
69 11
59 34
81 17
45 28
81 31
42 36
97 6
119 49
77 55
108 35
114 76
103 15
93 65
45 19
42 31
56 34
63 2
101 46
24 17
83 81
89 27
80 1
85 10
104 62
91 53
116 109
115 59
62 57
21 18
52 32
51 23
81 24
38 35
74 61
93 33
110 12
108 19
90 81
115 68
100 29
118 76
91 41
88 85
115 89
115 42
71 63
29 13
109 100
104 18
98 31
108 69
86 60
108 47
42 20
100 91
96 5
119 107
105 17
100 15
64 53
30 23
103 101
114 103
57 6
9 7
102 29
34 27
79 72
79 8
104 88
100 75
57 21
55 49
45 1
118 3
65 3
71 50
112 89
31 22
70 65
25 24
116 12
68 57
70 17
114 107
82 34
117 86
84 12
29 17
98 94
115 69
95 64
109 55
30 0
62 28
97 28
86 25
84 52
43 41
115 67
86 29
110 30
99 70
90 12
24 2
116 85
47 30
82 30
119 5
101 33
39 9
76 21
40 34
104 10
88 12
67 21
102 67
55 17
17 1
92 71
116 20
108 22
119 48
33 30
58 54
86 42
91 40
25 20
111 108
48 1
52 23
58 45
111 83
73 54
102 7
29 26
83 55
104 85
103 94
53 51
74 36
11 8
53 3
87 36
83 73
117 81
60 35
86 54
113 81
90 42
33 25
9 6
90 53
61 19
98 59
58 7
108 99
90 52
88 22
106 86
112 76
55 20
95 1
115 88
107 36
119 60
63 34
99 57
87 4
49 42
46 19
83 21
10 2
116 39
27 20
111 0
110 14
112 7
61 24
114 22
87 2
107 84
64 6
59 39
89 58
102 33
104 12
100 49
114 108
98 0
85 45
62 9
89 2
117 30
108 62
103 68
91 59
91 52
112 23
119 113
114 58
33 28
63 27
106 8
96 28
104 47
91 74
94 59
86 65
21 5
85 64
47 14
95 13
100 54
101 91
53 34
43 27
91 37
113 53
67 47
78 53
88 53
56 11
96 87
52 29
48 21
104 23
26 22
115 111
110 52
46 39
106 62
119 61
21 7
102 78
105 13
102 9
57 36
118 6
86 41
99 4
85 61
89 6
96 77
97 72
68 42
66 64
77 59
90 76
42 30
40 22
71 37
82 70
102 95
76 17
60 38
113 9
72 22
99 54
83 10
23 10
104 102
82 21
112 17
60 8
85 18
112 62
112 109
62 47
47 40
39 17
111 50
30 26
99 62
63 41
94 72
101 35
27 13
78 37
106 89
85 47
63 53
60 2
52 10
100 95
73 66
91 67
107 92
58 10
94 8
45 31
18 16
40 16
2 1
92 39
28 19
56 40
76 62
86 13
119 53
71 36
119 44
104 87
59 45
119 34
70 1
51 19
100 38
69 0
60 58
92 70
100 44
93 64
92 40
98 30
95 82
71 16
91 80
95 46
39 31
63 17
92 43
105 37
43 11
81 8
56 47
114 14
55 5
51 18
43 24
64 4
117 47
105 51
74 6
52 5
113 76
66 59
55 28
51 5
80 56
108 84
94 4
66 1
111 73
86 24
107 67
104 59
104 2
69 45
95 42
87 25
58 6
109 71
116 72
19 15
64 31
112 66
85 1
96 60
106 32
16 12
107 81
91 19
56 14
98 83
42 11
46 29
62 18
28 18
20 16
89 56
112 33
40 5
112 81
50 35
109 72
84 3
104 44
87 45
69 9
103 76
48 7
31 5
98 62
115 84
43 33
28 17
83 32
119 105
99 16
83 36
83 37
55 13
92 28
10 7
100 31
49 8
99 41
115 63
71 28
119 14
116 48
62 53
34 24
92 25
110 70
106 15
85 17
79 51
75 56
71 27
19 8
77 22
61 25
25 13
37 2
39 15
62 43
47 34
56 10
103 72
109 44
119 115
89 73
105 38
92 10
84 20
93 72
110 106
14 6
71 32
92 91
102 32
112 18
97 41
35 3
79 20
118 87
112 0
32 5
71 34
116 23
78 19
99 0
70 51
67 57
92 90
104 28
82 42
107 50
57 24
88 62
42 39
81 12
110 25
89 12
70 33
106 53
104 95
70 38
83 24
55 40
57 2
74 37
63 60
85 77
99 73
87 26
107 32
108 95
92 73
50 12
59 16
93 37
36 23
113 44
9 5
89 52
117 69
111 16
80 39
77 23
47 46
119 90
113 19
63 58
106 72
97 91
82 37
74 30
85 33
52 42
117 29
36 5
65 21
28 22
102 38
114 61
93 49
45 40
111 92
27 25
107 89
99 37
36 6
64 52
90 26
69 36
73 67
37 33
109 28
54 34
80 44
91 77
34 12
50 45
115 1
99 13
110 69
103 5
103 70
112 28
71 35
88 77
109 48
65 43
74 20
52 9
70 15
103 29
109 5
51 26
41 19
9 1
48 6
119 32
81 11
114 51
73 39
117 36
80 38
110 10
99 96
76 40
97 47
119 109
118 39
76 26
106 49
114 50
32 23
110 11
54 5
113 93
75 43
71 60
100 98
46 36
56 23
113 105
94 2
67 34
111 21
93 42
107 25
53 6
60 40
63 31
86 74
114 109
96 30
44 27
86 64
112 49
49 48
44 22
78 29
117 97
58 41
103 17
105 7
64 50
65 39
99 23
110 60
40 14
116 3
101 51
83 9
117 8
69 24
78 28
85 67
34 32
3 2
86 26
114 27
84 14
88 34
88 45
101 9
32 6
35 24
117 102
117 48
110 33
57 23
48 5
79 14
41 26
59 0
52 41
72 45
54 31
67 64
37 18
82 19
20 18
109 11
31 24
47 4
38 18
64 8
42 17
117 66
78 77
55 52
79 10
101 88
76 64
96 89
98 45
107 15
108 53
99 81
62 48
70 8
51 27
49 0
35 12
56 48
55 33
63 33
34 5
94 66
104 21
93 34
119 39
115 77
12 5
79 77
84 26
118 48
92 60
105 72
70 16
105 102
22 7
84 60
72 48
81 55
94 65
101 26
96 94
85 4
66 41
65 47
8 1
61 30
99 87
57 33
65 57
41 2
31 9
81 20
32 20
101 5
104 78
97 44
113 22
36 3
23 11
75 63
55 31
87 24
73 16
96 91
59 5
73 26
45 34
84 22
79 49
14 12
44 21
71 31
100 21
104 37
92 18
98 7
33 11
61 44
59 58
69 31
116 41
115 108
100 23
75 14
83 45
67 19
107 17
97 32
117 39
112 37
102 25
65 19
45 44
104 86
69 34
13 2
98 8
66 24
103 65
13 12
97 66
98 55
78 27
93 25
48 12
85 54
77 34
118 111
89 38
87 60
109 63
4 3
61 10
110 51
54 33
58 5
43 0
62 2
37 24
113 59
66 30
33 9
68 66
106 104
112 106
38 22
30 8
48 24
99 55
60 55
71 24
111 2
24 8
116 31
17 14
116 28
59 31
5 2
26 16
115 65
110 8
43 16
65 22
87 6
50 41
53 48
104 43
109 17
72 62
30 5
51 3
27 14
30 27
52 6
99 64
86 1
91 51
82 22
65 48
119 1
101 32
102 62
118 4
106 78
11 10
95 14
22 20
100 89
59 22
98 12
76 41
109 29
97 43
116 112
57 45
65 9
109 20
70 43
22 18
78 61
99 77
119 22
46 0
113 49
76 42
19 12
111 101
82 51
112 104
117 46
74 45
44 6
89 7
76 49
115 101
18 6
118 20
109 2
64 48
14 1
89 59
105 10
16 8
49 33
18 7
100 93
55 37
118 45
81 47
86 7
64 43
117 108
83 77
69 5
71 5
81 61
115 41
87 33
89 49
102 13
65 11
114 80
95 60
66 8
39 2
114 74
116 67
86 36
67 14
46 24
82 5
73 43
93 73
59 43
118 8
69 4
80 10
58 50
73 61
71 64
69 27
29 1
76 75
75 64
63 56
89 36
41 31
85 73
55 44
83 12
89 41
37 13
36 26
71 17
53 9
102 44
110 4
115 56
60 29
97 69
94 43
84 82
30 24
23 20
53 33
45 7
116 114
108 13
89 13
60 14
95 59
109 12
87 70
85 3
112 3
69 28
87 9
114 102
116 34
115 95
60 45
103 79
99 43
86 10
73 50
52 0
91 86
50 3
41 40
93 77
105 90
103 36
36 11
83 62
49 3
103 4
96 83
66 5
65 18
114 86
98 41
25 12
92 21
86 77
97 82
54 29
97 94
114 85
61 23
99 11
90 88
116 92
74 4
114 28
104 51
85 0
119 118
96 8
97 26
90 30
50 14
73 0
82 24
103 6
59 19
42 16
62 32
31 11
96 42
30 21
58 28
70 28
72 26
67 41
81 29
55 4
88 41
57 18
109 13
74 13
118 116
44 8
68 32
51 29
117 79
47 23
95 24
37 17
58 40
97 12
86 27
94 58
47 24
36 19
46 4
45 35
80 13
57 46
88 46
49 31
86 6
73 38
37 9
119 112
76 25
98 39
54 46
36 10
51 38
105 33
76 15
45 27
119 80
111 84
4 0
104 4
73 56
50 38
89 76
100 67
97 20
74 9
119 24
93 82
80 0
107 69
102 43
73 62
114 88
98 19
90 86
93 51
39 26
91 61
62 38
89 74
108 70
95 45
100 72
118 109
88 36
28 0
109 7
14 11
47 18
105 60
114 20
19 17
116 99
88 28
46 14
93 29
113 1
111 13
51 45
113 37
65 24
84 83
97 80
90 69
110 53
99 47
73 28
75 21
75 69
101 100
99 93
119 37
34 3
84 65
86 33
32 0
63 50
84 73
65 38
69 22
37 19
74 44
86 40
36 22
116 0
89 71
23 13
109 33
91 73
91 69
97 89
101 68
36 12
40 21
100 35
84 35
50 18
96 50
91 79
78 62
52 18
64 25
58 16
93 87
119 33
87 73
55 35
70 42
79 22
34 0
75 3
69 32
64 15
103 43
81 34
79 42
104 84
53 14
106 87
88 8
106 10
95 67
113 60
96 74
91 78
54 26
4 1
102 72
83 42
80 43
79 58
53 30
87 19
98 48
112 16
101 22
61 9
119 55
26 19
54 40
106 76
80 61
81 76
54 18
89 48
102 80
117 58
69 16
103 88
100 65
62 59
47 38
76 46
27 5
34 22
86 12
82 36
29 24
110 64
89 66
65 6
86 53
37 10
52 21
20 1
101 53
27 1
95 44
109 106
116 18
105 77
108 2
60 26
94 60
101 86
101 4
22 6
70 14
64 45
38 27
106 82
13 4
98 54
110 102
73 20
29 12
81 71
96 80
46 27
101 70
33 5
54 41
97 75
97 62
20 6
76 66
55 9
97 74
87 39
72 50
89 23
116 96
62 3
105 83
93 48
59 18
74 69
24 9
110 48
99 26
116 66
54 25
49 36
107 85
72 20
101 29
93 24
90 10
86 45
92 50
105 15
44 17
36 0
107 71
119 40
112 90
115 87
115 27
56 16
115 10
103 3
84 4
54 21
118 42
73 25
47 8
60 43
67 13
66 63
107 1
43 18
30 14
119 6
104 17
43 19
69 6
102 91
98 27
77 58
105 39
56 3
69 26
52 7
78 72
67 39
75 41
49 11
86 23
114 49
60 32
93 31
65 12
98 97
65 56
95 89
7 2
45 0
114 97
91 48
86 32
91 28
95 27
36 16
59 35
88 5
105 85
84 21
54 3
86 68
90 25
48 23
96 95
44 0
114 19
91 30
92 41
72 71
95 6
77 2
57 39
48 3
87 28
62 44
97 23
77 40
83 56
116 7
84 7
55 30
86 47
14 8
86 58
97 88
81 53
60 21
66 31
88 83
32 18
22 9
49 32
82 48
58 13
85 51
89 16
108 85
92 55
31 6
89 33
111 85
91 39
79 78
73 69
106 38
68 41
74 11
7 6
117 15
95 81
97 16
70 57
70 50
60 5
119 96
119 65
83 16
90 4
114 82
66 62
32 12
36 1
65 33
82 59
117 105
96 17
119 111
104 5
101 55
42 13
106 77
70 27
61 39
98 85
79 43
83 5
109 80
40 9
44 16
107 62
104 33
111 91
37 34
75 59
89 29
82 55
108 89
66 47
108 38
28 20
58 15
96 13
93 4
107 80
107 22
94 50
70 64
104 16
109 34
54 22
79 32
113 29
95 68
79 63
105 27
89 39
111 32
105 63
100 81
105 104
99 38
119 79
93 18
42 8
20 9
106 105
87 40
92 81
96 3
65 61
100 64
110 65
61 51
111 99
58 43
94 77
105 47
28 27
55 29
66 53
74 58
119 2
105 79
45 25
89 5
72 56
93 27
65 54
62 19
113 24
110 13
80 15
83 20
56 4
37 3
68 26
112 71
70 25
93 30
85 39
27 23
47 25
89 25
118 18
79 73
79 13
66 11
76 10
104 53
119 59
112 29
73 13
90 77
88 20
69 44
75 24
116 107
118 75
107 26
33 18
117 34
114 1
94 7
91 20
66 23
117 12
41 6
105 32
73 9
90 5
105 34
105 71
107 30
77 43
35 29
65 4
92 85
104 82
88 75
53 45
85 20
61 54
70 5
31 26
43 12
34 31
14 0
108 91
73 57
108 101
84 17
102 26
102 8
104 30
66 50
51 33
111 28
30 12
75 45
115 37
88 87
20 3
35 7
53 18
16 9
110 50
103 34
72 12
64 38
91 50
95 52
88 10
109 68
85 9
68 24
81 50
95 93
55 1
76 35
112 102
95 40
90 59
100 69
44 15
74 31
82 18
97 87
37 8
104 71
82 23
104 77
102 14
118 108
100 36
87 76
78 5
63 42
119 100
20 11
113 64
109 104
71 44
79 46
37 32
73 37
109 99
41 11
97 46
104 39
40 38
93 7
106 93
83 78
79 48
87 83
110 101
117 50
67 3
94 89
40 36
96 61
54 16
77 7
89 46
68 65
88 67
99 35
54 37
93 0
88 38
48 35
91 65
38 36
92 52
104 60
110 0
27 7
11 9
80 65
81 62
50 1
87 8
70 0
114 83
50 10
60 51
104 32
25 8
108 93
63 46
39 36
106 19
111 100
30 15
80 48
16 4
42 9
102 90
69 21
105 67
71 55
103 20
34 25
74 3
76 63
60 33
73 30
53 5
20 7
56 44
52 44
89 4
111 103
100 85
92 87
29 11
51 46
99 88
105 68
118 100
69 53
99 12
89 45
62 0
107 54
107 82
45 21
83 22
67 2
75 27
84 8
90 24
92 67
110 24
103 63
51 30
119 85
116 22
50 33
112 12
105 9
42 32
24 14
59 32
64 57
103 19
51 13
108 50
43 39
103 38
112 73
86 51
57 50
105 21
103 13
116 81
73 35
70 32
33 23
58 19
112 101
54 15
84 42
108 98
3 0
97 61
86 48
52 1
43 7
27 26
102 98
111 98
99 46
110 15
72 70
111 47
49 47
117 16
64 29
33 26
81 73
56 49
102 56
99 1
58 37
101 40
38 11
101 42
57 13
30 3
105 45
108 75
92 47
96 33
112 87
113 39
22 13
113 10
106 61
110 92
75 28
103 42
114 98
86 81
53 41
107 35
94 36
53 28
82 52
90 35
96 86
44 3
119 66
47 33
86 72
26 17
63 57
106 17
119 46
85 56
70 37
61 4
116 32
100 55
119 102
58 48
115 107
47 43
116 43
58 51
81 19
77 74
105 99
59 50
46 5
110 28
87 0
66 38
95 47
56 28
71 51
81 21
98 40
113 110
30 28
55 41
93 38
79 21
108 65
25 2
21 4
45 30
63 7
114 55
111 72
87 75
25 22
103 31
80 18
35 22
103 30
21 13
80 4
61 53
67 50
117 42
35 31
75 19
49 12
63 18
86 5
69 20
50 21
117 24
61 47
50 23
89 22
78 11
51 42
114 24
95 39
113 87
74 65
92 75
77 45
75 46
39 27
98 81
104 79
114 106
57 38
98 47
45 42
5 3
60 52
76 28
91 26
97 11
65 58
117 49
118 10
118 105
48 15
79 9
74 18
85 14
61 22
33 16
59 27
117 101
61 59
107 34
28 26
74 38
64 5
34 2
110 2
111 110
116 89
113 112
92 45
60 17
116 35
78 36
97 53
68 27
47 42
91 10
41 4
112 31
112 54
98 67
52 8
87 68
113 17
117 84
74 8
103 23
106 35
90 20
115 50
87 31
90 47
100 27
92 35
119 3
71 58
69 51
22 5
110 17
58 29
107 104
117 103
66 54
82 9
103 83
54 9
115 18
70 54
107 13
102 48
112 84
58 4
83 46
98 3
104 73
103 33
76 57
99 29
102 39
70 19
20 17
114 60
71 69
72 54
99 67
107 93
78 54
87 50
61 12
39 0
50 8
102 22
64 40
94 40
108 44
112 58
82 72
115 98
90 51
97 2
62 42
72 46
65 50
66 45
66 10
86 37
67 18
100 73
95 76
109 18
81 79
84 78
71 57
41 18
89 55
70 47
71 65
77 36
119 94
108 24
63 55
118 65
82 73
83 76
74 15
16 3
48 29
118 95
111 27
83 35
95 34
111 96
69 49
92 34
89 60
103 64
27 18
90 14
78 23
69 68
119 76
117 52
62 27
111 3
38 17
95 86
112 86
56 22
104 83
81 70
45 32
115 72
7 1
98 91
112 50
37 16
101 50
88 55
118 101
65 31
107 37
46 37
60 11
116 87
112 107
110 103
84 58
118 71
86 31
72 8
54 39
95 36
104 92
101 23
22 0
57 54
16 10
116 30
63 40
28 12
86 18
119 31
87 27
60 42
112 105
102 82
119 51
68 31
83 47
118 9
42 14
73 27
98 82
82 3
95 56
31 4
117 90
17 8
109 25
115 105
50 7
77 41
97 35
113 11
43 31
34 29
92 49
40 0
116 91
43 28
53 25
117 40
35 14
75 5
76 6
119 70
72 55
84 74
45 20
77 26
113 16
93 90
80 19
115 57
109 10
56 13
46 34
112 63
95 53
74 33
99 22
118 89
110 39
119 78
87 51
100 20
111 6
51 28
99 58
71 61
89 15
82 33
89 47
51 50
114 29
94 12
117 78
109 91
112 108
57 43
99 90
115 99
75 72
87 37
20 8
100 41
102 76
38 24
96 29
25 19
47 37
96 92
113 61
66 2
97 54
111 9
76 71
54 47
95 65
83 26
115 49
74 60
108 15
100 40
58 17
72 38
62 54
61 3
96 34
108 32
50 19
112 98
106 24
101 72
54 43
112 10
65 52
37 35
62 16
93 78
78 32
117 99
79 54
117 106
67 1
119 117
117 88
91 8
15 3
81 60
113 101
20 0
58 18
73 17
25 9
106 50
95 9
61 49
93 14
67 51
112 57
48 20
31 2
50 9
117 112
73 71
104 46
78 33
105 49
94 73
77 38
63 54
100 16
95 92
63 16
89 84
108 81
106 57
110 1
99 10
96 65
65 10
112 34
50 46
98 79
100 60
113 108
93 22
108 31
96 56
111 70
98 87
62 5
20 2
115 39
81 40
80 23
118 17
110 81
115 58
118 99
63 37
99 52
67 0
52 38
116 38
97 37
103 75
62 17
58 30
57 16
41 14
58 38
81 57
95 87
15 9
64 16
64 0
76 60
119 97
106 42
76 38
47 6
113 71
66 39
57 40
112 42
41 9
15 6
45 3
87 48
88 56
51 2
106 101
102 23
119 81
115 19
100 43
71 10
91 62
112 46
77 76
26 2
103 9
65 1
54 27
92 9
116 70
76 36
69 14
51 25
51 43
82 57
93 2
44 39
39 16
116 76
106 9
30 7
68 48
105 46
69 65
119 15
72 33
91 38
37 4
42 12
25 4
29 2
41 30
81 41
75 42
79 67
70 35
84 77
55 39
55 42
62 34
81 27
53 0
60 7
99 65
88 79
95 49
68 22
56 54
35 16
89 3
118 106
119 68
110 35
79 25
35 9
43 10
89 51
103 87
43 35
40 3
80 69
52 13
88 26
46 9
57 10
57 28
72 18
43 40
89 28
34 23
64 34
22 16
112 110
82 11
48 2
112 19
56 37
101 17
88 23
17 3
35 10
77 39
50 26
73 21
115 113
115 74
117 38
64 22
93 79
75 50
103 8
62 49
69 33
100 0
58 39
113 35
56 8
119 16
118 90
32 28
67 52
92 8
86 55
115 12
44 40
103 57
108 20
70 67
108 76
52 50
95 85
72 16
71 7
19 2
82 43
54 35
86 0
83 2
114 79
105 96
114 81
91 63
64 37
49 16
108 23
43 8
60 39
74 32
104 42
103 46
108 33
108 56
111 12
113 46
58 27
35 19
64 13
39 25
116 52
100 58
80 68
112 60
106 26
100 18
94 17
90 50
99 21
65 62
111 77
113 106
108 0
114 110
96 48
55 43
37 0
49 2
77 51
29 21
23 1
18 10
109 49
52 51
52 37
88 49
49 13
108 41
79 18
94 5
113 18
31 10
80 32
85 84
48 14
58 8
88 52
78 69
73 49
74 10
87 66
118 67
92 26
81 5
65 17
104 52
58 11
100 94
119 20
60 0
110 94
110 91
87 42
71 66
43 38
57 51
80 63
115 11
39 1
105 35
117 20
63 43
77 4
110 76
44 31
85 66
114 8
114 43
57 29
104 9
118 31
93 50
39 8
106 58
52 48
57 12
111 81
56 50
88 42
52 3
91 47
99 59
12 10
113 74
96 7
91 83
41 25
84 9
44 29
51 4
77 11
92 58
98 35
57 7
60 12
53 49
87 78
79 27
40 10
43 37
43 4
65 49
84 1
51 37
71 56
55 25
44 7
114 45
113 82
40 17
81 18
114 91
79 61
62 25
113 21
88 58
118 37
44 18
24 22
118 98
105 40
114 71
96 11
68 11
94 70
60 20
102 93
108 21
61 46
31 27
100 39
97 55
106 79
74 35
74 24
28 14
45 9
113 30
111 102
94 87
119 104
108 106
112 35
102 92
70 48
30 9
30 29
75 55
70 21
98 21
18 15
51 1
47 31
90 89
103 86
75 2
94 19
98 89
99 79
114 12
78 51
33 21
28 16
59 14
92 69
118 38
113 86
110 97
93 43
119 93
101 79
74 64
81 35
76 30
69 15
81 0
116 83
111 11
96 43
92 33
47 21
107 77
45 24
57 35
113 111
64 33
114 16
111 54
104 34
102 35
104 15
99 74
116 47
100 9
59 6
85 79
40 23
66 18
94 90
69 35
26 10
79 36
106 39
49 34
64 17
115 90
86 49
84 37
102 40
107 58
110 105
108 77
67 59
54 53
57 8
102 6
98 34
59 28
63 5
61 52
112 9
83 54
46 20
84 24
78 43
67 33
49 7
98 74
54 51
31 23
15 2
107 96
55 26
94 62
106 95
52 15
116 40
93 75
119 63
53 4
87 34
83 28
109 67
82 26
43 15
50 5
46 3
107 48
44 2
105 42
12 3
60 57
61 50
85 12
85 29
44 43
107 47
69 17
115 23
84 36
38 10
57 34
75 30
84 72
113 2
76 27
77 0
54 8
87 71
67 54
85 40
97 25
85 57
92 65
35 30
98 92
90 23
109 84
111 93
31 7
59 17
55 24
65 0
16 11
96 90
83 14
115 97
81 66
54 48
95 26
9 3
85 15
68 64
77 13
92 79
81 45
66 14
85 70
111 31
96 31
82 56
86 50
119 91
115 103
87 17
49 41
17 16
77 18
117 32
77 6
97 52
77 20
88 6
48 36
75 17
74 27
35 32
36 7
72 35
71 12
90 48
95 35
116 79
117 5
109 42
99 60
89 20
106 48
117 25
51 6
18 12
97 56
86 71
118 74
114 4
50 32
3 1
119 41
109 22
106 23
92 2
66 28
119 42
84 43
73 12
36 14
79 0
84 0
29 23
51 20
87 7
113 73
11 1
37 30
67 35
100 45
65 30
80 22
88 74
110 7
75 60
102 37
30 1
8 7
111 20
55 32
111 37
67 24
76 14
51 48
119 19
107 33
62 41
44 13
96 20
85 74
85 7
114 47
110 41
110 62
53 32
73 44
94 92
75 66
114 104
96 68
110 93
78 66
36 34
59 51
56 55
80 25
55 10
108 27
113 97
103 71
111 66
44 26
31 15
79 33
95 75
112 53
80 42
110 9
75 32
116 95
72 32
105 52
114 32
56 20
91 16
106 55
102 51
28 8
86 15
76 7
23 8
118 5
91 35
103 41
115 80
84 75
116 100
107 24
96 40
66 37
62 22
101 71
87 57
23 15
106 3
56 0
87 32
49 24
96 39
94 46
66 40
52 25
92 5
52 40
55 38
78 25
85 43
101 10
81 75
97 7
114 25
91 0
78 52
77 30
110 109
71 59
54 6
71 9
39 21
105 95
54 7
86 62
72 24
48 47
63 26
64 1
101 85
80 67
66 12
106 96
114 31
86 14
109 103
111 107
91 12
47 12
86 9
102 18
41 10
103 10
97 29
112 26
61 29
34 4
110 108
63 13
108 103
107 27
110 16
40 25
55 21
74 0
37 31
87 12
52 24
85 78
86 82
85 41
101 90
62 31
75 8
75 38
72 36
109 105
39 32
104 7
98 15
45 39
76 53
83 63
70 49
116 50
101 76
94 57
84 2
54 50
87 84
59 3
98 10
109 9
112 69
112 11
61 20
100 56
38 4
64 27
74 62
90 82
69 19
118 36
80 40
19 18
76 24
109 21
90 49
53 12
110 47
49 39
83 48
55 15
26 1
101 18
88 80
94 64
111 109
105 88
68 55
79 70
103 50
7 0
53 15
35 20
91 23
98 80
107 46
106 0
115 66
79 47
94 24
76 2
117 26
24 16
61 57
71 4
110 45
87 67
112 72
119 98
87 53
89 65
119 45
24 4
43 42
93 70
21 20
84 68
105 50
117 80
111 23
93 84
95 48
71 46
58 20
112 88
70 63
68 5
103 44
112 52
84 32
106 71
90 11
114 94
61 18
37 20
64 26
113 58
66 9
111 24
90 87
102 10
113 80
54 32
90 46
94 82
90 79
23 16
108 6
57 27
43 3
60 47
116 8
52 35
76 9
67 22
117 22
113 4
118 29
90 8
48 11
47 36
92 68
83 6
111 14
53 36
76 22
84 50
78 48
95 51
108 18
78 44
119 73
100 63
85 2
44 20
98 13
92 11
103 16
21 19
72 9
27 22
50 24
90 57
72 31
100 34
58 12
44 25
68 67
74 17
85 36
76 73
13 7
32 31
49 28
110 46
34 21
114 11
93 41
115 48
75 57
53 16
29 18
89 8
71 6
98 17
113 72
87 18
83 7
113 56
29 9
93 86
112 83
107 68
49 37
64 36
75 52
87 20
88 0
25 18
113 94
64 56
60 27
100 30
92 0
35 15
98 26
55 7
101 98
106 63
47 3
17 2
74 63
58 2
67 63
41 12
72 65
73 1
116 42
40 11
77 27
80 33
23 14
117 100
85 63
43 36
107 66
101 82
76 20
105 73
91 87
65 55
96 22
96 15
118 33
110 95
76 18
21 0
85 52
83 57
59 29
107 20
85 16
115 6
57 52
42 41
97 59
45 16
65 36
85 58
52 34
91 81
44 24
109 76
102 41
41 36
89 82
99 25
89 83
80 20
115 45
80 24
39 7
28 3
35 27
65 64
84 40
105 76
46 30
74 14
88 81
93 62
117 43
66 57
118 16
73 15
24 15
99 49
114 84
100 7
96 46
81 78
40 13
77 65
87 74
110 107
57 53
53 22
91 25
26 6
76 34
96 35
81 26
59 42
65 8
91 29
111 8
50 17
113 8
98 57
93 1
113 69
99 69
63 23
84 61
19 5
87 63
117 63
90 85
102 71
110 84
106 67
100 22
103 1
96 12
42 37
32 30
98 53
41 5
108 78
71 53
90 9
89 10
48 46
112 78
69 18
90 6
52 16
67 20
97 73
117 23
100 46
118 56
110 72
114 10
107 59
67 58
28 15
88 4
65 5
98 64
101 62
59 24
83 64
105 87
82 71
49 4
104 13
101 20
49 21
78 47
112 67
67 11
73 65
21 11
106 28
74 2
118 7
65 53
112 4
48 0
89 0
105 11
50 13
47 39
54 44
103 100
46 43
75 34
110 32
77 25
91 9
115 17
18 17
98 75
18 3
104 97
98 28
106 11
89 70
54 30
15 13
117 98
75 48
67 5
21 14
40 7
103 12
35 28
91 54
77 63
90 22
113 92
113 63
82 60
91 45
110 3
67 7
88 76
110 85
46 8
106 2
69 43
42 24
79 66
79 3
101 74
116 90
95 72
33 10
118 49
100 28
94 74
77 24
29 19
78 20
74 23
115 13
89 75
79 29
68 30
42 23
87 81
114 39
70 58
38 29
82 32
67 4
116 13
100 4
112 85
119 29
116 69
53 1
90 27
107 87
34 16
108 48
103 61
104 38
108 68
65 41
84 13
92 1
84 28
116 77
77 56
98 86
111 51
92 72
75 18
78 76
109 14
105 56
52 45
81 4
64 12
99 72
68 8
92 32
74 19
36 15
106 47
111 97
24 23
8 3
110 100
101 34
102 16
112 55
33 0
19 11
51 41
36 2
97 13
33 15
79 2
28 2
46 21
111 18
55 14
46 45
71 40
19 14
33 4
73 7
80 5
86 80
55 19
105 26
45 38
57 26
89 50
109 64
79 74
97 21
117 0
105 18
78 59
103 45
108 25
117 70
49 44
95 5
116 63
115 102
111 105
105 86
93 5
76 54
102 20
59 57
103 95
101 81
94 9
114 111
81 42
94 51
63 62
101 39
113 40
94 33
78 15
115 35
104 1
84 18
75 7
64 24
103 40
50 11
78 6
61 0
36 29
84 63
64 55
104 89
78 13
107 18
92 63
15 11
47 16
62 50
114 48
33 2
85 59
113 41
58 26
56 39
51 9
108 39
91 13
70 55
39 34
111 68
28 13
39 23
97 95
114 46
92 62
118 73
19 10
66 25
56 19
92 82
35 5
109 50
48 38
92 48
82 2
119 27
13 11
69 50
102 77
83 59
91 31
75 9
16 6
64 10
103 60
41 37
88 43
109 27
117 75
119 103
61 33
25 3
74 21
72 4
52 17
86 84
52 22
90 60
109 70
116 11
17 6
113 34
61 8
108 26
83 66
107 76
117 82
6 2
99 76
118 72
89 11
118 22
96 37
99 28
119 8
114 44
113 107
43 29
105 2
45 36
105 58
83 70
68 39
94 85
84 16
47 1
112 41
45 43
27 24
116 17
95 80
118 50
106 69
84 5
90 36
79 16
50 25
89 63
71 30
80 62
88 31
80 45
68 12
53 46
96 53
102 31
68 0
60 24
84 67
104 70
90 84
118 40
26 14
63 24
52 2
100 53
113 36
117 51
70 29
93 76
89 61
98 72
61 35
100 6
60 50
104 68
66 35
99 51
101 43
87 64
104 25
111 86
113 89
100 80
61 7
10 4
23 2
106 46
116 104
105 91
6 5
13 9
39 38
104 94
58 25
109 90
101 21
113 20
103 78
94 84
29 4
47 22
103 52
100 2
110 57
85 71
84 31
102 99
33 24
58 9
54 12
69 30
113 70
114 87
80 29
116 55
97 34
81 72
62 30
105 92
62 40
106 52
93 15
58 32
68 13
13 6
105 53
96 73
117 44
91 49
40 35
76 69
101 27
111 64
83 52
80 77
36 18
62 7
64 18
31 16
106 7
62 11
77 67
113 32
23 21
113 48
78 2
50 30
51 40
107 29
118 81
84 51
73 6
18 0
91 58
118 58
4 2
118 44
79 4
76 59
119 47
99 92
60 4
93 53
102 79
104 49
107 100
71 43
119 106
86 43
80 21
106 37
116 111
48 27
104 11
95 20
118 23
116 49
87 5
68 20
86 66
42 15
106 68
109 75
103 54
20 15
98 61
81 63
100 70
93 36
94 14
79 11
31 17
92 14
81 13
87 41
40 15
68 43
87 69
79 26
71 19
97 50
85 5
109 53
83 72
70 61
29 7
111 42
36 33
51 32
72 39
72 51
75 29
115 47
114 75
106 36
112 91
56 53
95 50
60 13
76 19
112 92
104 26
11 5
59 1
94 20
40 2
77 28
32 26
107 21
107 60
71 8
116 75
72 60
85 13
29 20
78 14
44 30
115 81
85 60
93 9
48 44
103 2
50 40
95 70
99 71
80 35
66 27
33 12
91 15
76 32
84 34
14 10
14 9
104 75
41 22
63 15
66 61
36 9
32 22
107 57
15 1
54 24
94 53
102 24
81 80
19 4
97 83
110 98
116 64
112 79
69 66
119 21
110 27
94 45
86 17
50 48
84 29
108 71
104 81
80 73
73 68
113 5
78 64
101 83
93 92
58 35
115 9
43 9
106 90
2 0
90 7
83 27
106 91
115 54
100 77
55 18
102 58
85 75
115 86
78 74
40 8
101 8
74 1
114 17
75 26
98 69
82 78
9 4
71 52
89 21
98 24
91 88
94 3
78 58
63 8
119 71
43 20
61 55
87 38
41 35
70 40
118 1
118 83
118 21
62 58
116 82
64 59
82 31
15 14
46 2
111 1
10 9
50 20
102 4
55 45
77 53
118 30
83 40
78 40
51 24
103 18
109 81
52 46
73 2
110 77
60 36
114 113
90 54
62 23
70 53
115 91
93 56
114 100
78 0
104 67
54 4
119 62
95 3
97 49
108 107
14 3
96 32
46 11
86 39
76 55
113 77
102 97
109 24
86 63
72 43
62 29
27 21
25 23
105 54
86 67
111 10
18 5
108 66
107 102
22 3
97 65
113 12
79 45
102 74
81 38
103 102
118 68
66 0
117 61
77 54
10 3
73 70
113 90
100 87
97 5
41 33
80 53
45 17
113 67
75 61
76 74
44 5
114 101
93 69
53 35
68 46
108 9
104 45
21 15
38 37
85 53
39 10
39 6
96 10
98 50
74 56
98 42
99 9
90 43
26 25
58 3
106 60
107 79
45 5
40 19
56 2
100 62
64 35
68 18
115 64
60 16
83 58
101 95
115 25
106 41
102 53
83 33
56 1
63 48
79 5
89 57
67 32
83 4
40 28
116 102
13 0
111 67
47 0
11 4
51 44
81 74
110 34
39 18
119 114
41 29
22 2
39 12
53 20
96 85
82 45
74 71
45 33
90 83
74 34
94 25
58 42
63 49
38 5
112 39
68 56
90 68
89 87
58 44
107 40
119 101
75 67
116 86
94 55
12 11
116 4
67 53
108 51
108 96
106 51
70 6
114 78
83 61
88 9
37 36
47 7
79 7
29 0
82 74
117 1
115 34
93 3
82 14
97 31
76 72
95 94
67 43
115 85
46 26
99 95
106 102
90 78
25 0
97 57
95 83
107 75
116 93
55 53
81 3
110 38
75 40
44 12
118 96
54 13
94 23
105 3
38 8
55 27
49 20
72 69
6 4
52 47
108 16
63 47
74 29
57 47
108 80
78 71
105 64
117 3
82 0
48 13
53 31
109 4
67 30
68 6
88 35
80 12
96 57
88 57
80 51
117 107
80 60
113 54
68 59
58 33
89 17
63 19
63 14
32 3
100 68
92 13
95 90
61 37
98 65
96 58
24 20
75 37
70 36
111 74
103 90
109 94
60 28
16 2
30 4
97 39
17 10
97 42
116 68
118 13
85 38
31 20
60 37
67 9
108 57
64 7
95 37
73 47
48 31
114 112
115 82
96 78
104 35
80 6
68 50
106 45
111 5
87 22
73 60
114 89
67 60
86 56
89 1
96 25
61 38
116 103
109 65
19 16
96 21
111 63
93 12
79 56
112 64
72 61
111 53
115 70
98 88
15 12
98 93
58 56
48 37
116 106
36 17
61 15
97 85
111 49
39 11
114 2
110 67
56 21
100 42
118 102
69 48
107 44
14 7
50 42
42 33
116 36
48 16
100 92
93 74
56 42
80 14
117 41
87 3
92 77
102 89
115 75
111 65
27 2
114 93
41 16
84 39
51 49
35 0
72 3
50 4
110 61
73 41
38 0
87 35
21 1
74 26
96 16
117 21
102 11
98 1
87 29
106 80
84 66
100 8
93 80
76 4
63 39
55 54
73 72
68 54
114 57
55 12
86 30
73 63
99 6
115 92
40 37
60 31
12 8
81 49
111 46
91 5
96 2
102 81
110 75
68 36
55 50
87 15
118 54
107 42
71 67
116 6
102 65
116 21
51 39
109 87
24 19
94 79
59 30
93 39
47 29
62 46
117 60
72 30
118 77
16 7
75 44
13 3
73 14
118 85
78 45
95 78
106 1
100 17
101 57
22 1
101 67
112 65
55 0
95 55
37 29
53 44
110 83
53 29
117 9
59 25
48 45
101 3
33 29
45 8
113 27
90 3
62 1
42 22
98 16
98 44
62 39
104 41
99 3
81 25
95 58
36 30
89 79
55 3
57 1
114 95
69 57
98 22
46 41
119 23
103 39
102 36
105 66
117 67
30 10
38 15
75 58
95 84
77 46
100 51
94 80
72 1
79 76
21 3
77 3
38 31
108 30
105 81
109 0
67 62
56 43
100 5
32 27
78 73
33 17
55 48
116 25
84 38
119 72
68 63
56 33
66 51
84 41
33 7
53 42
63 20
107 78
105 20
47 41
94 42
100 90
69 62
38 21
72 10
93 44
117 87
89 35
119 99
109 88
116 33
111 89
62 56
96 63
100 88
90 18
79 64
95 0
85 22
70 7
80 70
64 9
83 18
97 60
82 68
119 9
59 11
66 21
81 1
29 5
80 72
43 14
33 22
95 33
83 41
104 8
91 22
65 59
118 24
66 6
97 4
87 86
26 9
58 53
52 49
45 26
35 2
95 31
100 50
99 48
46 44
75 39
53 23
94 13
89 78
102 59
23 3
57 14
84 80
101 93
52 33
98 77
94 47
69 10
60 1
48 18
118 51
86 83
102 45
49 27
39 20
64 46
71 42
107 9
70 34
109 92
84 44
18 14
80 64
65 29
73 52
69 46
71 2
59 36
16 14
50 39
112 80
119 17
51 35
92 36
36 13
72 21
101 54
109 108
107 90
66 58
97 90
106 66
107 12
95 69
93 52
84 33
94 69
47 45
102 66
108 49
44 37
94 28
72 14
54 1
109 85
91 1
91 43
99 80
75 36
78 34
101 64
22 8
29 3
58 57
95 4
93 21
86 11
88 71
75 20
95 25
95 41
56 18
98 14
97 71
80 41
83 80
33 31
80 34
83 29
15 10
89 69
103 82
64 41
62 61
112 24
112 94
86 3
78 35
105 43
81 77
76 45
83 60
63 32
73 34
86 70
74 55
115 20
67 25
29 16
106 88
97 81
77 62
59 8
46 1
81 48
102 1
102 75
19 7
74 7
31 0
59 48
71 14
93 8
117 64
101 49
79 19
91 42
109 79
93 88
108 59
105 28
110 86
66 29
70 4
72 0
99 91
26 13
97 27
115 94
100 66
55 46
107 8
82 81
107 56
44 41
81 58
119 67
44 14
25 7
36 20
79 44
48 22
81 68
102 101
115 36
107 88
34 30
88 2
60 6
116 19
12 6
105 4
110 23
77 44
68 14
75 12
39 14
67 28
75 73
67 29
39 37
97 48
73 24
113 68
42 7
31 14
90 2
104 80
51 34
59 44
115 73
74 72
106 34
63 30
78 67
63 36
55 47
82 12
69 42
40 4
61 21
110 21
111 45
78 42
118 55
70 44
11 7
102 17
76 23
113 31
94 68
57 15
115 55
111 33
62 21
104 96
69 58
115 106
113 6
108 64
95 74
75 13
57 22
101 59
110 40
76 61
115 8
62 24
60 18
31 25
113 38
28 7
34 14
79 65
77 10
96 71
21 10
24 6
100 57
96 82
112 43
42 35
91 44
43 21
81 36
97 63
64 61
92 6
115 7
83 69
107 53
114 6
113 43
61 48
59 40
80 2
92 86
31 1
67 12
104 64
109 15
47 10
116 45
107 74
49 9
111 79
96 88
113 13
99 83
106 85
118 59
19 3
111 44
79 38
52 43
84 49
115 83
108 61
61 17
32 19
90 39
110 18
60 22
119 84
118 114
97 9
35 8
81 39
105 80
108 97
113 15
58 22
61 40
117 89
111 41
94 83
80 17
64 2
10 0
102 57
79 57
58 14
78 49
105 82
89 62
41 34
110 19
117 85
61 11
59 26
79 52
79 12
117 104
88 63
81 37
118 43
85 24
39 5
78 7
84 76
56 7
109 58
101 47
116 74
115 22
99 53
114 37
112 82
65 27
61 45
105 101
70 2
63 0
78 63
37 5
102 84
111 7
113 109
48 33
70 45
95 66
108 86
117 71
100 97
43 30
92 42
108 28
44 9
52 36
118 80
14 2
67 23
67 45
103 49
78 70
61 26
107 52
83 51
50 44
111 19
93 91
119 87
98 73
118 52
25 21
114 65
27 11
107 91
33 8
19 9
88 78
105 97
97 70
108 43
111 59
31 13
119 7
82 69
22 10
105 5
118 103
82 63
90 19
109 32
67 61
94 31
59 46
117 74
46 32
88 68
66 33
34 11
78 8
97 3
109 98
78 3
59 10
97 14
92 89
23 12
110 31
106 94
29 25
113 100
99 40
54 38
104 90
29 6
48 9
47 11
116 9
108 34
68 60
62 15
104 0
115 29
107 61
77 21
110 82
103 0
68 29
80 57
38 32
32 11
112 2
18 1
103 96
29 27
65 35
91 72
108 14
63 59
75 71
67 36
84 54
91 33
49 22
101 80
95 61
114 26
101 38
72 7
102 69
115 0
90 28
78 75
60 48
32 4
105 41
110 44
62 10
101 87
77 57
40 18
75 15
47 32
110 37
103 77
110 74
78 4
71 0
44 32
107 70
84 71
68 28
106 20
38 2
99 84
63 28
99 34
80 78
98 46
26 24
117 57
26 18
114 62
90 38
89 81
100 83
109 41
97 33
63 12
34 10
114 69
115 110
94 78
119 35
83 8
108 12
73 36
110 58
75 68
106 43
1 0
84 48
64 54
90 65
117 45
68 49
53 24
71 48
81 51
50 6
82 65
48 34
112 59
90 13
117 37
92 84
75 62
89 14
54 52
69 7
99 2
87 55
88 82
94 76
40 24
103 85
98 51
73 64
115 14
109 73
104 74
98 4
113 78
93 58
60 41
114 54
47 35
70 22
17 11
89 26
110 104
89 72
72 11
10 1
115 3
32 8
49 15
105 93
30 19
77 72
37 1
97 67
77 29
97 17
65 37
95 12
85 31
65 13
93 40
114 67
65 45
97 58
96 49
61 36
66 55
55 8
88 54
36 4
112 5
76 5
116 54
105 103
7 3
117 77
90 67
68 47
78 68
83 44
68 2
45 23
102 96
30 18
104 40
108 105
67 42
118 60
101 0
34 28
67 38
109 89
100 79
98 6
82 67
88 30
82 1
81 69
54 14
24 7
78 65
66 20
109 83
48 40
62 33
64 60
34 20
95 38
67 56
83 17
57 49
32 9
91 34
54 42
65 26
27 8
72 5
82 29
79 62
44 34
77 64
114 77
51 15
107 6
111 106
19 1
28 10
38 26
103 93
93 83
80 59
60 54
44 35
61 60
72 37
82 64
91 27
69 38
98 32
111 61
81 7
79 68
64 49
90 63
82 75
118 57
96 4
79 39
60 3
91 89
44 28
82 25
107 5
69 63
91 21
48 30
13 5
93 47
77 37
63 51
101 77
41 39
92 57
35 17
67 40
25 10
55 2
105 12
106 44
73 53
73 58
91 32
104 19
59 49
59 4
88 39
95 18
92 56
71 62
113 96
40 6
90 66
77 33
30 22
107 3
70 56
96 93
99 15
69 55
101 16
96 52
102 15
116 51
116 1
69 61
117 14
42 18
90 32
102 86
92 24
65 51
89 54
83 13
88 66
116 10
100 76
61 13
20 19
80 8
97 19
71 1
40 26
95 30
71 25
49 43
41 7
90 40
52 26
101 61
32 29
50 2
109 26
66 60
73 22
56 38
26 20
81 16
75 33
108 74
63 45
94 61
114 63
93 32
70 66
99 32
85 81
34 17
67 27
111 104
115 43
86 85
41 24
96 41
112 14
49 19
71 38
110 90
104 65
91 4
118 92
99 18
83 1
83 74
5 1
99 44
49 35
42 1
112 30
95 43
77 16
113 84
115 38
105 69
20 12
39 22
24 10
118 110
115 79
98 33
84 56
90 0
108 11
91 6
77 73
71 15
100 13
34 8
35 34
107 28
59 21
104 72
90 17
93 28
70 46
102 21
32 13
100 84
13 1
79 60
31 30
112 103
46 40
58 23
79 34
118 47
59 37
77 49
33 20
102 87
58 52
45 22
113 55
56 51
87 61
59 2
32 17
56 41
110 99
109 93
74 52
93 89
107 16
53 37
32 25
101 13
83 11
105 57
94 75
11 3
93 11
28 9
54 45
111 40
116 80
106 13
113 14
82 6
86 34
71 21
79 55
108 42
85 19
99 20
95 88
100 86
85 35
49 10
105 24
79 6
20 14
106 6
73 19
41 28
46 10
107 63
110 42
83 3
66 36
105 1
86 21
79 30
72 58
115 24
70 62
119 88
32 14
118 19
118 93
80 31
47 17
101 12
62 35
107 23
92 15
92 22
103 67
106 14
119 54
117 7
26 7
57 25
79 40
5 0
81 6
49 5
108 104
83 38
81 2
93 59
99 19
119 92
104 20
92 54
116 97
109 54
93 63
118 84
117 68
94 22
76 48
60 23
66 13
77 75
118 32
41 17
114 105
54 49
53 50
34 9
69 13
60 53
56 27
83 19
37 25
112 70
73 4
74 53
85 21
50 37
72 41
116 26
105 30
95 17
72 68
86 52
73 29
80 76
100 82
82 46
94 48
72 29
52 28
54 19
87 14
95 63
36 32
16 0
100 11
103 47
77 70
92 80
72 67
85 34
65 7
76 70
113 91
92 37
94 93
101 37
90 21
21 2
62 20
80 36
90 62
102 50
91 7
110 89
94 37
99 33
108 8
105 94
106 16
82 49
73 48
64 14
103 74
108 72
51 10
55 51
108 67
116 105
75 22
108 7
110 78
115 60
76 16
110 68
61 5
109 77
112 44
114 92
81 67
102 49
97 92
107 55
80 75
88 25
55 36
115 32
88 47
88 11
85 37
114 9
88 18
83 50
81 56
107 98
30 13
21 12
118 0
83 15
111 62
65 46
113 83
78 56
35 4
66 26
85 44
99 75
47 19
73 46
66 65
105 44
99 17
117 114
98 58
69 39
69 1
74 28
78 38
92 17
31 29
91 24
84 23
70 39
61 58
105 100
85 50
97 0
68 44
88 86
49 45
118 35
57 55
38 23
42 10
80 3
105 78
48 41
52 4
112 75
117 10
72 34
73 11
30 20
101 11
74 51
73 5
70 24
112 96
79 69
47 5
84 47
53 19
87 52
108 29
109 30
109 8
87 77
67 15
107 38
60 44
94 35
87 82
83 75
109 35
110 5
109 46
117 33
119 69
117 110
104 76
83 31
91 56
88 65
118 69
25 11
113 50
6 3
68 9
97 8
8 4
75 23
49 40
81 44
110 55
105 70
67 31
74 70
115 21
91 3
95 21
17 0
34 1
45 4
94 81
102 2
59 7
57 3
61 34
97 1
75 16
108 5
100 1
99 82
78 9
70 23
68 7
23 19
63 9
79 17
13 8
76 39
10 6
115 62
71 26
59 55
31 21
56 31
110 73
96 59
112 111
88 37
91 17
86 38
103 32
114 59
46 18
99 94
56 30
76 65
81 33
73 18
56 17
12 2
37 15
58 31
115 78
118 28
108 52
101 28
53 47
84 25
38 1
82 39
67 26
114 5
112 100
116 71
78 10
118 12
90 31
115 33
101 19
71 13
112 93
43 1
26 23
74 41
119 50
113 3
82 77
101 69
106 103
78 12
97 64
55 6
17 9
101 7
84 10
109 31
88 32
109 51
117 65
59 20
66 43
86 73
105 25
80 54
111 34
76 47
94 10
101 65
66 7
109 3
90 58
71 11
86 75
45 6
96 36
77 60
98 29
46 16
95 32
72 40
55 16
59 41
111 36
118 117
76 33
108 102
91 55
56 9
112 51
117 18
101 14
115 40
119 11
88 33
95 10
102 85
108 4
40 12
93 20
117 31
42 21
63 25
17 12
41 3
29 22
99 97
111 69
92 3
41 15
72 17
44 4
112 56
75 4
78 21
115 4
101 92
100 25
83 43
104 103
111 80
81 15
65 40
103 11
19 6
118 79
74 39
82 8
107 31
74 73
53 10
55 11
92 31
50 28
100 61
88 50
21 17
39 24
63 44
57 17
77 17
74 40
82 61
108 46
118 91
82 10
61 41
44 10
113 28
59 15
87 11
88 13
117 35
73 51
82 41
95 16
94 32
103 53
116 88
119 64
108 82
119 26
60 10
80 71
14 13
98 63
51 22
16 5
79 75
18 2
86 44
104 58
87 1
31 28
107 105
78 18
108 3
77 50
69 12
63 22
50 34
41 27
82 54
79 53
96 62
107 19
80 66
99 98
79 24
44 23
97 15
108 88
111 57
80 28
60 59
113 88
101 31
94 26
113 26
114 99
107 94
54 10
34 33
113 65
100 74
42 38
70 20
84 53
108 63
74 22
117 59
81 65
117 56
113 45
25 14
88 15
26 5
117 113
97 18
67 46
46 33
98 36
104 98
70 11
22 19
116 62
44 11
117 92
75 31
25 16
99 56
49 6
92 61
119 83
43 6
33 3
34 15
118 78
53 26
89 40
102 88
69 52
62 37
20 4
95 15
105 23
68 21
82 20
102 12
38 19
102 30
34 6
37 23
114 3
117 93
86 57
95 57
77 5
99 86
69 59
87 54
92 51
77 8
74 66
10 8
59 52
86 61
116 37
102 19
96 69
108 54
95 79
58 36
103 97
85 27
54 28
113 99
115 96
111 87
77 68
76 0
102 73
69 60
57 9
43 23
108 10
44 33
106 56
97 36
47 44
38 30
102 60
46 28
103 92
118 94
99 85
20 10
102 47
32 16
110 22
79 1
81 14
87 59
89 31
106 100
70 31
117 53
51 8
68 61
39 19
26 12
57 4
63 21
62 60
32 21
100 32
103 48
94 63
89 77
65 15
106 18
89 86
70 60
64 30
104 66
40 29
35 18
18 4
138 110
209 51
139 0
62 27
188 129
193 9
286 262
190 111
89 85
188 135
214 61
273 247
243 172
68 35
218 200
296 77
286 229
287 108
221 165
241 167
193 114
187 28
260 73
209 151
236 55
250 46
282 163
229 36
223 168
280 16
120 102
91 65
237 40
242 134
40 3
253 14
286 216
101 16
88 74
65 55
144 122
254 204
148 18
132 42
281 138
295 146
178 55
110 8
47 19
124 74
152 41
293 30
113 91
252 25
299 80
265 58
29 26
175 49
142 89
230 15
160 53
124 35
297 270
206 172
79 61
147 143
294 37
67 5
51 16
280 215
93 84
190 37
262 97
98 96
110 36
206 107
272 267
122 119
279 74
241 179
224 152
240 14
266 97
298 116
284 254
131 125
247 69
191 170
156 73
283 244
238 100
254 158
170 129
223 25
216 10
251 35
167 88
287 4
253 22
296 148
229 59
268 129
227 201
173 143
152 75
261 95
270 202
139 134
171 150
293 168
109 25
39 22
290 119
215 98
164 162
241 23
199 95
280 158
297 147
257 170
281 166
172 163
274 100
266 83
261 83
243 86
122 100
71 63
252 154
194 10
127 8
48 25
260 4
209 160
251 117
129 112
253 44
217 94
191 99
220 109
157 69
229 184
258 234
265 253
183 178
288 130
203 12
144 93
178 171
268 165
94 2
265 174
194 86
257 117
233 62
159 133
106 68
151 0
258 157
202 17
205 23
135 33
102 56
253 63
275 218
191 12
223 220
298 260
267 85
136 134
170 16
229 187
281 155
232 211
212 69
293 229
290 52
234 223
262 132
275 56
204 39
95 84
34 30
141 49
267 23
239 143
142 17
183 149
245 200
220 108
136 133
251 10
286 98
238 163
291 132
263 200
285 186
57 32
154 147
191 183
268 199
242 35
230 11
190 23
268 256
180 133
116 26
289 110
289 228
170 102
257 3
207 76
128 20
239 123
208 56
125 56
261 36
229 155
139 30
205 124
242 241
113 57
271 175
235 232
267 152
69 50
219 203
221 1
271 197
137 83
43 4
293 107
191 40
77 18
227 125
212 114
135 46
214 127
42 14
246 20
175 94
276 70
196 160
128 36
187 42
137 112
188 146
137 85
133 106
289 239
111 87
246 243
244 162
262 197
278 163
172 140
272 79
196 76
177 140
57 47
222 87
57 28
271 210
245 86
217 176
208 26
260 152
211 120
256 3
202 151
254 156
152 94
299 49
147 139
243 91
229 115
260 66
208 1
225 31
288 76
182 152
253 85
16 6
291 36
236 220
230 99
266 155
292 135
196 115
275 46
94 70
116 90
211 129
266 215
137 136
287 165
297 274
277 136
180 166
196 73
245 29
186 182
221 100
199 126
194 184
85 76
214 8
271 0
260 56
145 39
208 5
251 13
147 114
194 172
149 26
177 136
143 69
269 196
295 103
298 291
80 41
166 76
295 78
297 64
219 208
185 169
216 96
230 154
172 124
96 53
298 271
163 14
125 64
294 151
265 93
163 76
242 40
108 80
130 63
124 81
217 91
164 4
201 88
228 147
47 13
87 43
217 182
232 17
271 76
205 122
226 134
192 86
257 159
157 68
157 143
260 130
99 33
96 51
197 169
289 138
266 100
294 110
188 138
87 82
68 33
143 18
221 176
287 96
297 240
249 181
63 60
126 119
74 4
165 76
206 51
49 29
193 171
143 52
287 200
122 51
279 12
70 9
208 193
297 61
299 127
187 179
284 204
251 236
279 117
180 33
170 120
101 69
163 158
272 253
131 4
215 110
195 44
257 40
279 274
180 3
109 104
184 108
240 139
189 180
236 186
252 67
288 174
143 50
174 132
169 63
254 70
196 38
236 164
204 28
157 55
129 49
40 8
179 85
262 18
182 56
102 12
247 120
216 76
264 85
99 46
156 8
230 169
215 200
157 88
128 102
153 72
298 160
296 35
288 29
167 163
248 58
161 85
286 264
257 41
223 136
203 9
241 191
96 83
297 85
294 233
114 76
232 210
298 60
284 34
100 36
156 101
271 140
80 36
209 77
112 4
231 224
73 16
212 192
153 10
211 194
297 159
217 136
219 54
177 69
285 74
242 157
278 56
204 77
140 94
295 157
221 39
187 98
231 13
284 7
259 73
280 52
274 69
115 101
108 47
256 30
178 58
193 30
176 106
133 117
119 106
277 26
186 45
210 36
248 242
281 101
264 233
228 22
254 123
246 161
184 19
245 180
289 98
297 131
280 198
257 72
240 192
154 146
252 89
166 67
108 30
257 149
249 3
280 245
229 107
260 37
245 160
297 103
144 121
249 203
37 17
252 138
241 186
224 98
292 162
194 105
273 194
230 5
238 70
125 60
230 190
244 155
210 119
219 0
112 85
295 68
162 111
260 182
267 0
262 15
127 93
234 97
241 192
244 143
217 117
193 165
256 116
277 210
87 58
298 158
222 45
275 151
143 44
161 158
245 146
57 49
236 100
187 105
124 11
261 79
281 102
286 164
157 65
209 31
243 84
255 36
113 86
221 116
188 23
241 156
151 149
259 185
235 109
206 28
182 164
267 36
297 140
158 121
169 125
229 164
132 43
295 170
160 146
250 111
209 8
171 134
100 9
278 202
192 34
39 0
161 29
146 12
107 70
176 107
186 63
203 165
175 18
267 38
107 36
165 127
218 208
289 102
148 65
121 64
149 6
296 143
140 77
123 49
280 219
29 23
201 166
137 134
246 90
60 12
230 226
264 59
191 101
120 81
209 61
194 186
196 157
272 1
239 93
112 29
155 41
140 19
86 19
150 90
199 132
163 58
159 41
128 4
121 32
128 25
183 113
149 33
231 142
214 188
255 227
112 34
228 108
249 180
269 143
34 22
192 130
211 173
237 229
254 136
204 150
94 1
264 99
246 52
289 256
288 24
248 197
102 101
81 32
145 66
297 183
175 47
175 149
181 29
252 104
237 169
140 115
212 170
129 124
171 36
261 21
291 98
46 29
195 5
283 170
228 117
201 129
191 45
257 125
262 100
287 116
203 188
207 68
283 236
232 143
279 254
282 279
287 286
146 38
148 137
169 5
90 51
191 151
220 15
132 80
123 47
282 247
40 15
295 199
140 111
264 215
50 27
299 137
49 33
87 46
200 193
250 31
174 26
271 257
276 84
160 101
132 14
136 117
282 246
206 38
296 73
219 154
197 91
201 39
246 137
241 169
265 45
218 145
288 140
160 104
291 51
140 132
246 37
205 81
156 53
290 73
241 232
194 175
120 114
98 60
187 180
182 147
273 93
83 49
31 13
195 191
149 79
184 76
239 55
173 170
186 35
68 20
163 139
246 15
167 89
259 125
267 171
284 155
249 170
180 128
267 116
142 74
254 177
271 108
132 22
243 159
182 51
265 177
158 115
254 91
225 91
204 37
221 88
245 157
225 114
242 205
173 37
170 5
278 165
27 15
173 135
213 64
187 111
285 14
261 154
255 26
110 9
216 123
241 190
195 63
132 77
271 6
274 119
162 30
95 27
297 233
281 21
203 181
177 90
199 65
252 64
278 50
294 113
163 67
232 81
179 9
217 211
266 116
179 109
264 251
203 123
123 104
56 24
228 213
281 265
297 96
120 12
121 25
275 203
267 49
222 24
243 136
186 134
272 166
152 15
184 51
86 42
234 198
211 146
210 163
222 211
21 5
163 132
199 122
179 24
250 71
223 39
108 14
199 74
285 58
236 105
81 70
144 65
223 67
115 45
214 51
121 49
217 8
45 27
290 251
222 114
280 279
274 9
280 56
131 106
270 193
35 14
266 144
157 131
295 75
119 23
287 249
258 92
241 104
109 69
241 8
126 42
259 82
116 99
170 10
100 5
133 124
120 3
267 8
73 45
228 18
159 23
235 17
281 55
298 203
218 27
236 38
297 6
270 23
261 81
171 138
171 117
169 140
258 169
182 167
164 117
291 11
206 191
283 274
191 105
122 71
100 68
74 54
235 121
240 105
18 2
280 132
205 98
241 206
277 269
184 0
178 168
153 126
252 11
289 267
225 181
179 32
60 36
180 146
150 46
174 38
293 160
265 242
101 51
158 50
186 85
235 98
160 125
249 204
136 115
81 20
289 103
200 75
243 42
53 23
298 39
168 124
43 17
234 38
135 18
222 11
273 261
178 144
275 60
191 16
270 110
242 189
215 117
181 65
238 203
262 240
270 198
252 185
163 142
172 110
258 13
258 246
214 59
18 5
270 142
153 8
114 64
268 32
298 152
172 81
205 184
237 164
144 38
258 156
282 220
74 26
44 26
258 68
82 73
217 113
220 96
268 54
247 113
245 225
229 12
233 160
143 90
158 41
218 129
282 239
264 64
215 156
280 272
271 47
272 2
90 20
245 178
158 89
203 161
170 46
200 24
241 69
267 156
83 33
198 60
166 34
214 95
280 28
293 80
129 89
139 22
270 84
135 67
199 12
145 67
135 123
298 17
252 189
282 280
205 35
36 17
222 186
258 151
244 26
264 81
169 33
107 20
265 20
144 143
233 206
144 45
145 140
231 85
202 40
202 21
269 114
133 98
89 80
112 10
179 21
100 92
296 62
84 7
194 93
205 74
156 131
267 4
177 10
126 38
125 74
199 87
204 74
257 227
229 170
163 12
297 198
241 93
246 84
172 87
284 259
284 27
231 29
185 171
61 37
233 161
143 66
280 63
203 62
111 85
293 140
129 17
81 7
121 92
224 162
231 59
50 8
219 193
163 18
140 113
146 1
114 58
279 167
185 181
92 54
267 224
219 6
223 108
295 289
201 51
89 77
297 291
266 145
147 95
263 119
242 148
240 121
98 41
291 93
196 36
178 77
288 81
111 92
257 38
218 111
279 108
33 21
220 3
236 58
218 36
139 69
166 98
239 176
299 235
183 105
281 43
286 152
258 257
247 195
31 29
182 88
62 50
197 167
297 76
209 168
163 41
154 18
204 147
220 99
146 121
248 169
233 50
123 118
209 93
282 156
169 6
257 11
172 169
137 135
220 26
150 124
53 10
297 293
176 68
253 235
236 155
50 26
54 37
265 119
167 126
84 20
184 85
216 195
130 6
107 60
115 75
276 77
299 117
267 219
239 225
260 220
262 242
159 44
249 49
294 52
142 101
252 192
178 94
187 40
93 64
260 62
131 52
277 151
112 7
196 136
132 18
256 182
246 143
223 219
293 74
212 123
139 13
266 227
206 92
141 101
98 20
289 248
135 35
268 5
35 15
142 55
285 158
144 77
163 111
196 159
273 116
231 177
266 231
280 59
56 8
227 42
222 92
204 8
140 98
128 94
243 228
287 229
228 152
110 30
168 30
204 92
288 113
188 49
251 11
283 217
180 147
148 48
299 50
224 136
81 35
294 264
256 224
188 176
213 131
159 3
262 251
295 152
117 48
190 25
280 3
163 30
284 180
148 44
186 19
59 23
264 224
282 39
112 55
279 39
176 171
243 209
177 100
278 187
228 39
292 283
299 222
240 44
282 30
284 95
166 26
152 117
196 103
248 141
213 38
235 132
271 168
271 19
217 158
248 117
186 18
34 15
245 164
207 31
133 111
205 140
82 51
250 79
265 59
101 59
124 68
285 125
166 14
168 66
295 223
77 12
192 54
83 37
214 50
287 0
253 154
159 7
186 59
217 112
50 18
244 14
133 72
255 168
239 80
280 213
173 126
30 25
206 102
124 119
241 1
68 5
202 87
258 238
221 158
217 53
245 74
222 70
115 2
229 135
231 110
260 257
183 59
148 81
114 10
174 40
87 5
192 25
287 211
163 144
284 129
258 209
265 66
287 203
190 64
260 20
218 102
71 67
226 211
128 127
61 40
279 89
201 80
169 23
262 61
92 24
101 28
291 125
240 115
280 127
206 192
214 150
186 120
252 119
149 59
37 22
50 23
274 142
188 83
198 161
154 84
79 76
273 154
269 192
144 44
140 45
275 232
238 210
264 119
211 61
164 64
16 10
210 21
276 47
137 12
237 190
220 152
250 74
294 210
239 47
180 74
268 227
253 207
46 36
155 84
281 76
254 135
67 44
178 136
287 16
298 52
271 261
204 122
194 162
165 95
298 201
235 124
258 36
109 18
289 41
278 49
263 257
261 200
189 154
231 35
241 223
232 141
249 111
260 151
179 78
38 7
252 208
224 83
161 20
64 10
241 94
84 63
135 130
233 2
214 120
120 94
152 90
185 39
79 47
172 83
166 2
149 43
190 93
258 116
294 24
248 158
259 44
197 77
131 56
230 93
165 40
159 31
295 278
207 169
298 163
124 16
155 55
268 195
95 88
214 108
286 77
271 75
226 117
247 227
176 153
69 47
158 105
267 184
102 83
257 106
299 141
239 24
171 140
199 144
247 106
252 180
297 272
93 52
289 16
140 121
259 55
264 161
237 29
233 27
233 191
99 60
222 192
276 103
284 20
253 160
223 143
274 160
82 40
60 6
207 50
224 193
206 109
267 265
70 43
216 19
274 125
82 47
186 174
126 79
56 45
290 181
85 41
163 1
175 88
236 138
119 41
89 55
168 160
232 48
177 106
263 130
235 102
173 63
138 90
297 259
297 11
210 129
295 239
293 57
247 136
162 28
198 47
268 183
204 82
218 82
163 73
105 51
277 127
206 176
291 176
261 135
109 46
288 137
71 68
136 29
113 88
224 2
294 28
65 29
129 85
251 78
22 21
223 218
203 85
227 129
199 43
178 140
272 188
264 183
255 150
178 17
187 68
260 65
275 253
225 96
169 94
220 101
295 264
117 89
295 28
268 50
197 45
93 13
152 76
200 25
246 199
92 53
247 204
191 153
81 2
259 237
73 69
211 115
186 60
288 53
270 151
122 99
298 217
156 142
82 58
216 55
297 91
224 221
237 81
209 74
99 13
26 14
234 227
214 146
198 10
210 141
254 206
95 76
159 12
106 102
181 16
270 96
69 10
204 156
122 88
274 39
137 29
117 42
94 40
130 106
290 289
226 221
43 10
286 103
282 104
217 6
200 131
270 227
53 51
141 86
137 58
161 45
266 229
161 14
61 46
276 115
228 176
207 158
110 46
295 90
209 169
216 170
161 129
187 33
231 9
111 80
187 20
239 126
199 117
168 8
201 140
165 121
193 160
171 57
224 30
233 32
146 56
239 161
89 65
291 240
222 221
230 42
256 43
159 78
119 26
288 78
240 147
218 213
233 114
248 236
79 11
192 2
163 134
170 104
187 123
147 135
244 232
245 143
234 126
283 10
238 30
191 94
247 6
218 198
215 5
64 13
149 41
289 82
106 97
285 42
287 227
170 74
92 32
279 165
229 81
298 146
121 42
88 52
155 117
156 106
133 104
72 43
49 24
175 143
135 60
257 37
86 3
252 114
248 26
96 79
109 108
173 16
61 23
267 2
146 44
261 29
288 31
239 145
192 91
277 181
262 188
270 42
130 90
252 93
127 29
81 15
289 175
113 52
200 83
275 116
264 46
295 101
262 204
210 26
230 152
278 20
279 84
160 11
279 240
257 133
167 21
175 130
187 108
180 159
70 38
238 51
169 141
247 104
182 159
297 74
245 159
209 109
294 196
259 175
71 48
230 188
239 56
244 196
222 84
39 7
202 98
258 8
297 112
42 9
182 109
131 74
178 11
155 65
163 32
265 142
218 95
175 113
227 95
257 193
102 75
247 176
44 43
129 71
144 110
63 37
176 137
214 115
186 87
219 195
269 158
253 2
207 116
219 123
52 31
268 130
138 99
263 172
285 92
190 94
148 97
85 63
261 113
81 8
85 24
132 58
162 119
230 33
275 246
271 32
160 113
227 84
126 28
223 12
185 173
59 28
118 45
185 168
202 201
217 114
268 213
129 64
234 89
297 62
266 102
280 115
139 82
183 0
256 179
222 215
209 101
240 97
295 254
118 97
207 165
238 129
148 127
147 136
172 57
297 158
225 118
290 115
182 118
74 29
136 22
190 176
252 198
253 80
241 112
230 67
44 7
125 66
150 3
228 98
296 227
293 137
285 10
235 139
214 19
227 209
138 80
286 194
130 84
196 116
295 145
289 250
39 16
201 199
255 149
266 191
189 91
238 59
143 129
258 79
255 29
164 114
252 153
266 92
233 192
206 78
269 174
59 17
283 76
284 181
72 44
214 175
292 225
57 39
69 58
265 116
205 199
254 225
258 128
159 32
194 68
280 34
265 178
183 155
271 69
241 164
155 106
201 139
232 101
274 82
261 90
241 24
37 3
180 118
144 64
219 60
184 77
220 128
134 99
245 20
180 107
279 14
167 25
243 145
172 105
264 145
71 8
281 24
199 180
277 67
211 117
262 12
289 178
93 50
217 38
215 63
235 71
158 31
289 64
247 31
100 24
205 17
252 0
176 114
176 38
270 267
154 34
254 208
239 150
265 111
140 11
130 129
259 27
243 235
66 54
210 48
230 145
181 174
197 13
202 10
192 38
114 36
14 1
234 40
12 5
78 68
292 68
219 217
225 126
279 55
151 114
144 34
243 171
298 222
277 185
238 17
258 109
283 48
290 107
245 204
177 149
111 68
158 152
95 18
177 77
282 122
276 88
116 107
256 139
262 28
126 73
237 209
241 208
292 72
296 237
249 140
252 232
80 49
206 70
263 68
174 130
293 218
148 17
106 85
188 80
54 50
102 28
167 127
168 110
192 176
117 44
182 8
206 84
224 52
117 1
279 126
161 74
219 127
200 120
210 190
290 91
65 0
213 73
243 163
208 164
248 147
68 34
230 219
203 81
159 93
178 75
57 53
69 53
156 99
134 28
138 102
294 128
231 131
281 167
291 164
278 52
125 94
231 28
240 4
150 41
125 39
134 115
246 213
228 209
213 44
244 75
226 71
121 14
81 0
206 20
244 138
166 41
209 123
106 42
268 228
221 59
191 56
204 114
165 139
290 273
291 61
229 14
238 166
299 99
270 133
247 59
209 111
133 43
297 225
41 11
267 57
257 208
282 118
85 67
288 96
151 35
163 90
134 96
218 11
288 103
142 123
214 106
263 245
159 127
119 43
289 83
282 102
294 86
249 6
222 198
230 199
207 51
225 119
293 6
251 181
282 250
20 11
256 28
124 12
191 189
119 14
224 112
181 167
250 96
247 86
270 89
284 228
229 180
271 114
162 5
224 106
253 113
279 7
299 243
267 177
263 143
254 234
247 99
164 153
84 61
293 136
236 4
127 1
212 83
231 210
155 43
55 37
220 8
203 104
249 31
214 6
179 68
120 112
187 118
266 200
279 93
284 74
219 37
222 42
107 48
161 150
127 44
228 94
200 132
119 3
289 142
272 193
183 40
232 62
214 5
217 146
298 83
288 80
199 44
298 207
234 180
145 14
176 121
7 1
264 131
196 54
131 63
299 27
297 176
218 73
259 166
220 183
134 30
288 14
170 35
297 168
205 48
243 117
268 193
182 0
266 157
20 6
126 16
118 102
192 178
116 109
247 235
202 159
126 102
295 206
206 151
293 132
186 99
141 9
206 57
78 8
255 1
293 157
128 40
271 200
278 259
101 78
211 57
266 124
232 76
200 18
288 248
105 25
225 217
212 121
219 102
203 48
33 8
286 71
115 32
64 41
123 7
100 56
225 100
237 168
295 46
276 50
165 81
188 68
294 91
122 112
212 119
167 114
45 39
205 41
94 42
185 53
159 9
134 109
224 92
170 51
141 14
142 43
164 120
117 116
264 188
55 46
276 182
289 257
281 279
215 96
231 208
267 44
250 113
37 5
236 69
69 19
274 44
84 17
265 191
285 99
222 122
259 2
174 33
247 224
89 36
270 264
255 191
128 98
218 163
246 242
263 114
184 80
195 177
288 287
277 25
74 45
71 35
189 151
201 150
102 99
238 20
207 194
198 155
145 62
217 51
197 93
261 137
180 24
198 124
76 29
291 152
293 23
131 14
252 71
200 130
93 70
197 10
208 159
160 159
132 105
42 23
184 26
133 39
143 42
134 47
270 253
150 11
274 246
255 134
151 132
263 33
138 105
82 80
136 74
252 200
149 67
284 128
233 113
248 68
155 91
99 86
129 14
137 103
157 60
189 47
245 235
261 92
176 21
156 140
258 145
273 8
143 97
280 269
264 152
53 29
49 23
139 129
274 210
172 115
275 66
271 243
83 4
107 57
242 53
271 57
271 29
210 97
237 224
184 94
178 65
41 30
56 19
184 90
114 41
294 124
290 258
297 25
247 121
136 96
270 219
156 57
158 99
92 52
283 180
298 194
253 55
92 89
294 243
220 80
175 80
179 29
90 83
277 239
164 135
125 37
189 22
266 225
205 182
271 194
293 186
183 22
172 73
68 39
180 135
196 65
130 4
279 37
118 17
130 68
169 65
299 233
190 185
153 3
170 33
94 71
248 96
139 35
217 42
183 66
239 177
196 186
128 89
47 10
270 231
271 33
180 155
287 215
75 34
240 31
231 27
255 54
167 148
212 32
89 23
30 23
261 64
229 26
271 147
244 123
278 190
299 168
247 216
282 64
255 204
213 145
271 184
61 38
240 58
157 150
110 83
185 37
58 57
93 41
242 63
267 136
158 61
105 59
179 118
282 152
161 137
151 30
117 11
287 241
238 153
284 200
242 59
223 59
243 219
216 185
213 40
248 28
185 180
31 14
264 82
259 208
259 60
253 27
207 124
255 171
260 185
238 167
188 39
165 4
255 187
215 77
258 255
262 72
177 70
45 10
209 13
122 85
204 139
266 96
195 152
264 106
295 214
247 142
199 116
229 211
32 10
233 232
51 9
154 19
266 55
115 91
157 51
294 263
142 100
56 0
220 207
266 220
219 197
211 124
63 7
222 112
120 43
137 16
250 239
93 48
207 122
127 48
154 35
248 97
111 88
205 143
290 69
181 177
147 61
177 41
168 149
133 64
259 233
53 25
170 149
187 60
171 66
288 183
104 35
86 41
225 177
254 240
164 112
105 48
26 19
198 166
279 42
231 74
294 214
201 168
256 34
163 100
244 48
135 40
253 110
255 57
290 208
262 45
145 135
267 200
46 35
42 6
158 96
98 35
289 84
233 199
187 185
250 20
252 238
140 55
272 89
259 88
205 156
206 122
164 92
238 193
213 76
165 28
223 150
160 26
253 217
107 11
277 157
173 0
275 84
191 72
205 151
200 10
171 52
179 160
172 104
214 117
273 137
96 88
233 139
268 151
295 130
224 25
263 144
241 38
253 180
253 245
259 46
