140 9730 240 2500
80 26
49 14
85 23
123 47
69 54
31 3
38 3
87 13
18 11
126 41
88 51
93 57
27 10
111 82
134 51
82 16
53 38
132 15
101 6
125 40
126 116
122 7
29 14
68 40
109 95
63 29
79 59
58 34
95 8
130 43
118 104
102 27
110 63
67 44
132 116
86 16
121 78
128 13
78 50
118 27
12 0
37 6
81 28
95 28
103 22
114 96
102 0
101 84
88 72
23 17
50 43
51 36
98 11
115 15
130 16
128 38
53 8
114 33
118 112
134 119
106 98
134 0
133 68
86 69
94 27
101 78
38 14
8 5
127 67
101 2
7 4
124 61
134 79
57 41
115 112
132 41
33 14
62 4
100 26
106 21
49 17
50 47
49 46
116 46
133 114
9 8
78 55
124 82
96 75
74 57
113 102
117 96
73 32
90 16
134 129
33 27
119 110
68 1
121 19
130 98
114 13
107 49
83 68
103 99
64 28
105 36
101 89
90 44
36 8
113 23
136 127
103 28
11 6
124 105
90 61
12 1
82 62
37 21
120 12
47 15
91 90
99 45
128 84
103 62
73 8
90 41
54 17
82 79
126 20
82 40
123 23
101 66
64 47
103 80
97 96
130 114
122 105
123 79
65 42
102 34
85 80
112 25
104 6
39 28
61 1
87 30
135 92
49 25
89 24
64 20
88 27
72 25
72 57
98 37
75 74
18 8
90 73
105 8
99 36
139 92
117 28
16 15
61 43
124 123
126 117
39 4
24 0
133 65
29 8
91 2
117 95
128 103
131 57
86 79
61 42
99 30
71 29
121 28
116 115
126 53
123 113
77 69
26 21
94 34
83 65
122 12
16 1
94 29
113 62
88 64
60 46
130 110
131 83
96 84
84 45
105 62
138 31
117 55
36 35
115 31
123 61
65 14
101 63
133 129
75 6
92 76
61 14
104 56
86 28
114 36
133 112
49 26
100 14
24 3
104 24
118 107
28 25
130 54
47 13
112 22
70 52
125 72
120 68
122 48
69 29
57 37
107 86
110 36
116 58
35 11
66 4
95 73
66 49
105 16
114 23
120 100
139 99
31 12
62 55
85 65
30 16
111 4
78 30
110 26
135 81
59 9
76 8
119 38
127 111
128 61
64 23
42 34
128 21
102 3
120 25
128 32
108 90
111 35
94 41
51 11
68 23
128 67
81 52
82 44
52 27
37 11
125 39
57 19
87 47
105 98
123 42
14 4
27 19
46 12
117 83
113 104
71 68
139 61
139 107
70 9
46 22
76 56
102 42
136 93
25 17
48 42
104 101
79 31
76 52
108 37
92 20
138 4
107 41
138 123
115 30
60 9
46 31
66 16
44 38
123 95
74 68
107 43
126 59
63 35
54 23
88 61
85 8
88 44
135 123
64 63
105 55
114 72
135 26
57 48
96 70
103 21
119 74
74 12
125 123
68 37
127 104
92 78
104 54
51 47
112 74
74 49
128 109
77 66
117 73
96 9
38 34
22 17
123 2
129 63
20 13
107 39
134 43
115 53
52 31
72 63
116 110
85 32
139 52
98 95
112 27
48 32
136 58
111 55
93 6
136 126
102 52
73 42
85 42
107 45
78 24
116 56
118 66
114 70
96 72
115 71
132 63
101 60
51 14
97 51
102 54
132 101
110 87
119 18
106 64
40 31
57 32
37 14
70 12
106 33
104 22
91 14
116 94
101 99
76 3
109 36
79 37
116 24
94 11
117 72
96 45
119 4
114 56
19 0
61 2
72 27
34 19
139 111
139 50
68 33
42 27
42 29
22 21
43 2
72 64
118 53
129 55
120 95
11 0
128 126
67 10
99 27
118 41
42 19
125 77
63 52
96 66
136 20
71 23
135 118
136 121
26 11
97 78
107 72
62 45
108 36
130 32
70 10
93 16
135 79
132 103
81 54
136 74
125 12
84 81
89 80
82 50
107 4
24 18
56 46
100 48
89 19
53 11
68 15
31 18
97 30
122 114
104 63
109 60
93 67
93 61
77 71
77 32
26 0
35 26
92 16
114 52
97 40
75 25
129 92
116 61
121 97
119 77
48 10
82 53
111 75
133 3
68 45
63 10
106 70
130 86
111 60
116 44
69 23
97 10
47 27
40 30
113 57
122 73
23 18
68 35
56 5
22 11
126 95
138 11
134 99
108 79
125 11
80 58
114 53
85 30
101 1
65 44
99 61
111 17
78 17
129 49
58 21
110 79
48 28
106 40
54 36
81 64
52 30
95 54
88 29
91 71
125 19
67 65
125 110
134 45
88 17
89 64
25 6
69 56
72 28
88 40
23 9
106 75
83 82
96 18
116 15
136 40
134 26
21 16
46 15
86 8
41 23
102 68
112 36
65 34
67 16
127 124
29 10
124 106
138 79
57 44
87 80
96 64
46 42
42 2
89 53
76 12
38 6
129 99
132 90
103 25
109 23
65 63
89 68
62 36
59 13
103 14
23 0
52 12
74 16
80 47
84 70
137 6
46 7
30 25
84 6
111 95
117 94
76 43
92 83
69 47
124 8
27 16
76 44
72 52
41 1
122 121
75 35
127 120
120 101
90 56
133 116
139 0
58 1
137 99
103 37
109 19
80 74
127 119
118 113
35 21
81 22
137 75
135 25
111 26
132 121
68 25
55 34
130 113
17 7
75 10
126 40
125 104
91 60
87 10
119 82
119 95
96 79
119 36
21 8
104 93
84 79
90 64
116 113
105 14
108 83
128 30
60 30
139 38
131 120
80 7
137 50
139 64
95 91
92 30
131 114
48 8
82 15
134 131
101 94
93 23
133 84
111 30
103 26
114 7
137 0
124 114
92 66
117 2
130 18
113 75
117 115
59 38
133 26
112 20
37 7
30 11
5 4
98 38
131 80
40 32
91 76
85 72
86 20
106 84
99 50
71 47
93 19
98 52
112 6
126 108
97 76
131 118
96 19
122 50
122 102
120 50
121 44
137 33
98 18
126 88
137 98
69 41
136 115
42 0
86 46
105 31
125 103
125 79
122 58
33 19
29 15
138 55
97 22
69 40
98 70
136 106
74 50
132 2
117 116
136 5
76 31
97 86
80 46
106 65
37 22
129 20
100 12
55 22
68 62
134 127
109 57
26 4
129 42
71 49
135 8
104 57
22 4
114 34
115 104
129 29
97 68
73 33
135 112
82 58
123 68
42 26
129 36
105 19
138 27
129 76
101 25
68 58
109 47
69 37
134 103
130 8
125 119
105 6
30 2
82 13
126 19
115 51
76 50
136 21
94 67
87 56
132 30
109 37
24 1
70 68
47 26
109 78
113 51
87 79
41 0
102 63
78 26
80 16
93 35
43 25
114 66
79 15
133 82
62 52
50 0
92 12
13 10
98 23
133 21
132 114
88 21
137 44
92 4
121 27
110 88
124 74
89 30
123 81
66 46
109 56
131 73
9 0
15 4
109 102
135 113
24 21
98 68
123 70
74 5
114 40
22 12
134 95
89 18
88 14
119 58
123 91
105 61
133 47
37 12
117 17
130 22
104 29
77 48
131 22
53 2
98 84
124 119
100 10
68 19
59 33
116 59
76 11
112 47
124 93
93 68
136 124
102 28
51 31
88 73
111 76
127 58
71 70
104 100
96 44
109 82
76 29
134 101
130 101
56 52
134 11
17 4
100 3
106 92
111 25
46 23
85 55
94 15
93 26
78 60
57 5
115 16
138 86
131 55
69 67
120 65
37 26
78 57
62 51
127 4
27 4
133 5
103 73
63 6
91 36
124 101
139 1
131 88
24 5
133 90
113 85
76 68
22 14
85 76
130 100
98 76
82 28
129 94
75 49
64 42
82 4
74 47
91 18
28 5
74 59
137 12
51 21
134 125
49 38
70 30
66 56
73 55
93 10
53 7
80 9
94 54
126 50
109 59
32 2
109 61
112 48
117 11
130 97
118 64
62 12
137 74
95 2
135 84
74 43
130 104
89 37
123 31
26 3
132 49
128 4
109 16
99 89
81 9
94 6
89 43
118 34
89 67
134 71
121 81
48 39
109 107
114 15
137 107
52 20
86 59
112 21
110 96
46 6
62 13
121 52
38 28
92 59
73 31
138 126
36 27
17 13
117 91
82 35
92 27
114 73
134 80
119 52
106 54
77 31
69 2
87 49
56 36
134 113
48 19
113 25
94 0
130 126
134 2
85 68
76 67
26 15
120 28
99 5
98 71
39 30
111 39
126 109
128 23
38 16
135 36
32 7
112 61
125 97
100 33
35 23
72 66
66 19
111 52
35 25
133 48
116 53
138 113
63 61
139 57
118 88
104 91
137 101
35 6
131 66
106 59
98 56
123 15
128 36
111 88
77 61
45 41
115 100
68 17
102 5
112 95
134 102
99 14
114 35
79 50
118 82
122 49
40 39
122 0
65 23
45 14
24 13
70 59
127 70
98 60
89 42
109 43
69 64
90 80
39 33
96 55
62 6
136 68
101 56
137 61
84 69
128 10
123 57
139 23
56 32
45 10
75 47
86 19
27 17
7 5
79 35
78 31
136 82
135 48
117 27
129 110
64 19
99 66
107 97
108 94
98 66
32 24
119 10
135 119
107 73
15 8
126 115
88 7
118 2
36 24
108 45
90 72
92 44
72 2
112 8
128 41
85 48
67 17
68 51
23 7
98 43
128 39
93 45
77 14
73 23
95 19
131 37
127 5
73 59
126 71
86 22
133 38
127 125
127 49
56 25
119 116
103 7
51 16
135 120
84 55
94 38
94 1
105 65
93 85
90 29
33 32
99 39
48 4
110 56
121 100
98 2
105 29
126 90
38 20
127 122
122 61
28 24
87 85
120 102
92 74
33 1
76 1
122 33
104 3
91 82
45 18
66 3
45 37
25 1
43 26
127 75
135 41
120 115
87 62
81 30
84 64
132 82
62 8
60 56
75 54
92 53
118 63
125 16
48 26
128 26
72 23
67 8
62 26
92 19
70 3
20 5
109 45
36 31
95 23
109 1
106 99
106 25
83 25
106 97
27 0
98 78
137 87
103 27
133 49
94 88
104 31
132 124
81 46
114 90
101 24
117 13
76 13
124 7
114 0
127 10
130 99
104 48
116 101
137 81
113 95
79 23
9 2
43 32
104 36
104 55
75 70
34 18
48 25
101 41
134 39
93 55
107 103
83 49
90 71
138 93
115 76
104 27
117 54
109 39
127 30
34 13
44 36
127 94
124 51
123 114
42 25
132 51
39 35
72 59
34 26
94 39
94 86
128 48
132 40
80 11
136 57
32 1
38 13
119 28
50 16
126 23
126 37
97 38
66 15
36 28
42 4
78 41
134 114
97 45
106 73
43 22
87 44
104 14
83 23
28 23
66 34
121 2
34 7
128 58
110 66
119 30
119 75
129 118
110 49
125 71
122 94
31 19
108 40
45 13
122 32
15 5
132 75
94 18
139 86
137 21
46 35
125 21
133 19
135 62
101 36
90 45
90 33
134 74
51 0
124 59
129 53
67 37
95 11
130 9
131 106
66 44
124 37
81 43
81 32
8 6
47 9
87 72
135 122
101 30
58 46
115 2
63 3
35 13
134 28
107 99
135 99
112 45
110 6
111 29
89 44
111 78
102 61
136 26
68 38
53 27
106 83
49 1
123 97
80 52
131 77
22 15
21 6
135 0
26 8
25 15
85 83
135 44
88 24
65 2
111 43
116 57
122 90
96 0
118 115
59 12
71 45
82 17
98 25
82 27
64 3
136 108
28 1
136 12
46 17
117 76
113 103
118 26
58 55
124 53
85 28
91 84
115 114
133 39
50 31
61 56
104 69
56 45
83 34
123 62
126 10
92 38
77 9
28 6
67 55
120 53
122 37
6 0
139 21
131 68
138 20
138 0
94 30
123 101
56 26
41 38
35 33
96 76
53 21
33 6
109 62
111 90
71 3
123 50
88 69
99 7
134 18
56 12
116 78
139 29
39 13
110 43
71 20
106 29
87 46
131 18
83 30
86 78
41 8
121 49
44 1
96 1
131 38
135 19
97 84
54 11
126 9
36 25
115 109
138 103
98 49
120 19
75 53
115 26
89 34
102 46
88 16
103 51
37 28
92 46
132 22
92 88
124 60
94 44
139 2
58 47
136 67
119 13
64 21
92 29
99 24
71 54
96 14
89 32
129 78
59 53
47 28
75 11
45 2
88 3
61 6
53 13
61 31
109 38
51 7
118 61
12 7
100 37
105 84
55 23
106 4
113 7
129 37
56 29
106 74
68 4
93 71
59 56
94 21
54 0
88 48
103 81
133 23
80 37
84 11
78 39
57 42
18 13
134 37
126 55
107 83
130 71
116 108
63 11
109 86
117 62
128 31
128 69
42 3
101 96
135 124
98 5
113 79
116 60
94 49
118 14
138 59
24 11
72 19
47 2
102 100
121 46
113 52
88 60
103 98
90 34
41 32
126 33
128 72
71 22
39 3
135 114
126 11
108 87
66 32
133 25
108 73
18 9
15 0
107 64
57 20
136 98
111 22
119 108
114 64
99 68
72 53
84 30
82 66
86 35
87 16
92 23
121 119
115 46
106 22
103 35
50 29
131 31
127 36
42 5
136 24
138 65
58 0
111 94
108 92
103 89
98 20
104 50
115 52
96 38
121 95
85 69
111 48
37 27
109 69
122 59
136 8
60 34
86 76
121 84
128 22
138 97
128 17
134 24
76 58
113 47
66 17
82 7
110 54
68 3
96 27
116 2
61 32
90 55
124 39
27 12
118 97
69 3
40 27
46 25
95 7
88 19
102 64
107 7
59 54
94 56
73 40
122 29
138 40
107 106
38 9
106 30
93 46
49 30
44 19
133 22
113 98
116 16
116 84
94 52
100 24
90 74
80 55
128 107
134 112
85 82
72 42
33 13
91 64
125 7
76 37
111 15
137 78
74 25
69 25
91 68
45 11
106 27
30 6
136 0
38 33
118 15
85 49
113 42
80 27
69 11
59 34
81 17
45 28
81 31
42 36
97 6
136 13
77 55
108 35
114 76
103 15
133 2
45 19
42 31
134 3
139 85
130 125
24 17
83 81
130 70
127 69
139 79
130 2
91 53
138 110
115 59
129 38
21 18
52 32
51 23
81 24
38 35
74 61
130 23
133 78
108 19
131 75
125 90
100 29
118 76
91 41
88 85
115 89
115 42
71 63
29 13
130 51
104 18
98 31
108 69
127 95
108 47
42 20
100 91
121 118
119 107
105 17
100 15
138 80
136 132
137 65
114 103
138 84
127 60
102 29
34 27
79 72
79 8
133 104
129 72
133 11
55 49
45 1
118 3
65 3
122 20
112 89
31 22
127 114
121 5
116 12
68 57
70 17
114 107
82 34
117 86
84 12
29 17
98 94
115 69
95 64
120 4
30 0
62 28
97 28
86 25
84 52
43 41
115 67
86 29
139 119
99 70
90 12
24 2
116 85
47 30
134 13
119 5
101 33
120 87
126 105
126 21
104 10
120 7
124 41
102 67
128 79
17 1
92 71
116 20
108 22
119 48
33 30
129 17
86 42
91 40
25 20
111 108
48 1
128 105
58 45
133 87
73 54
102 7
29 26
83 55
104 85
103 94
125 56
74 36
11 8
126 47
87 36
83 73
117 81
60 35
86 54
113 81
90 42
130 38
9 6
90 53
61 19
98 59
138 39
137 38
120 35
88 22
106 86
138 72
133 108
95 1
115 88
136 103
119 60
139 98
137 25
133 8
49 42
46 19
83 21
10 2
116 39
27 20
111 0
110 14
112 7
61 24
114 22
87 2
107 84
64 6
59 39
139 41
102 33
104 12
100 49
137 4
98 0
85 45
62 9
89 2
117 30
108 62
103 68
91 59
91 52
112 23
119 113
114 58
33 28
131 92
121 61
96 28
104 47
91 74
94 59
86 65
21 5
85 64
47 14
95 13
100 54
101 91
53 34
43 27
91 37
113 53
67 47
121 90
88 53
56 11
96 87
52 29
48 21
120 61
26 22
126 124
110 52
122 13
120 90
119 61
21 7
102 78
105 13
102 9
57 36
118 6
86 41
99 4
125 0
89 6
96 77
97 72
68 42
137 55
135 56
125 38
123 56
123 34
136 118
82 70
102 95
76 17
60 38
113 9
72 22
99 54
83 10
23 10
104 102
82 21
112 17
60 8
85 18
112 62
112 109
62 47
47 40
137 17
111 50
30 26
99 62
63 41
94 72
101 35
27 13
78 37
134 97
85 47
139 31
60 2
52 10
100 95
73 66
91 67
107 92
58 10
128 102
45 31
18 16
40 16
2 1
92 39
28 19
56 40
76 62
86 13
119 53
71 36
119 44
104 87
59 45
119 34
70 1
51 19
100 38
121 112
60 58
124 89
100 44
93 64
92 40
127 90
95 82
71 16
91 80
95 46
124 110
123 1
92 43
137 26
122 18
129 27
56 47
114 14
55 5
139 121
126 54
64 4
117 47
105 51
74 6
52 5
138 19
125 78
55 28
137 83
80 56
108 84
94 4
66 1
111 73
131 65
107 67
131 44
130 80
137 24
123 105
125 64
58 6
138 85
116 72
19 15
64 31
112 66
85 1
122 38
126 4
16 12
107 81
91 19
56 14
98 83
42 11
46 29
62 18
28 18
120 117
89 56
112 33
40 5
135 74
50 35
109 72
84 3
104 44
87 45
137 129
103 76
137 20
124 3
98 62
115 84
43 33
28 17
83 32
119 105
99 16
83 36
83 37
136 90
137 32
10 7
100 31
121 113
99 41
115 63
71 28
119 14
116 48
124 77
132 60
92 25
110 70
106 15
138 133
79 51
75 56
71 27
19 8
121 20
61 25
126 118
37 2
39 15
138 78
47 34
56 10
137 100
130 92
120 110
89 73
122 112
92 10
84 20
93 72
132 107
129 87
71 32
130 42
134 82
112 18
137 120
35 3
79 20
124 122
112 0
137 82
71 34
116 23
78 19
99 0
70 51
122 10
92 90
104 28
82 42
107 50
57 24
88 62
42 39
81 12
122 45
89 12
70 33
130 75
104 95
70 38
83 24
55 40
130 117
74 37
138 120
85 77
99 73
87 26
107 32
108 95
92 73
131 13
59 16
93 37
122 65
113 44
9 5
137 35
117 69
111 16
80 39
77 23
47 46
119 90
113 19
124 107
106 72
130 119
136 45
74 30
85 33
52 42
117 29
36 5
65 21
28 22
102 38
114 61
93 49
45 40
137 34
27 25
137 43
133 62
36 6
136 119
130 82
69 36
137 18
37 33
109 28
54 34
80 44
91 77
126 81
50 45
125 17
99 13
110 69
103 5
103 70
112 28
71 35
138 111
109 48
65 43
74 20
52 9
70 15
103 29
138 52
51 26
41 19
9 1
121 36
119 32
132 26
124 116
73 39
117 36
80 38
110 10
99 96
76 40
133 34
119 109
118 39
76 26
106 49
114 50
32 23
110 11
137 117
113 93
75 43
71 60
100 98
46 36
56 23
113 105
94 2
67 34
111 21
134 14
135 110
53 6
139 3
63 31
86 74
127 88
96 30
44 27
86 64
112 49
49 48
44 22
78 29
133 121
127 26
103 17
105 7
64 50
137 5
129 66
133 64
134 110
116 3
101 51
83 9
117 8
127 101
132 91
85 67
34 32
3 2
86 26
114 27
84 14
88 34
88 45
127 44
32 6
35 24
117 102
117 48
110 33
57 23
48 5
79 14
41 26
59 0
52 41
72 45
54 31
67 64
37 18
82 19
20 18
109 11
31 24
47 4
38 18
128 49
42 17
117 66
123 19
55 52
124 50
101 88
130 56
96 89
98 45
134 12
138 136
99 81
62 48
70 8
51 27
49 0
125 98
56 48
137 90
63 33
34 5
94 66
121 62
93 34
119 39
130 68
12 5
130 11
123 83
118 48
92 60
105 72
70 16
137 8
22 7
84 60
72 48
81 55
135 18
101 26
132 126
85 4
125 96
65 47
134 63
137 28
132 24
127 64
129 89
41 2
138 96
81 20
32 20
101 5
104 78
97 44
113 22
36 3
23 11
75 63
55 31
135 38
129 121
96 91
59 5
73 26
45 34
84 22
79 49
14 12
130 128
71 31
100 21
123 32
92 18
122 119
33 11
61 44
59 58
69 31
116 41
115 108
100 23
75 14
83 45
67 19
126 98
97 32
117 39
112 37
102 25
65 19
126 45
104 86
69 34
123 100
98 8
66 24
126 107
13 12
97 66
98 55
78 27
93 25
48 12
139 133
77 34
118 111
89 38
121 33
109 63
4 3
61 10
110 51
54 33
58 5
43 0
132 104
37 24
123 84
124 34
33 9
68 66
106 104
137 69
38 22
30 8
48 24
99 55
60 55
71 24
111 2
24 8
125 5
17 14
116 28
59 31
133 97
26 16
115 65
131 96
43 16
135 31
87 6
50 41
53 48
104 43
122 70
132 89
30 5
130 1
27 14
30 27
52 6
99 64
128 99
91 51
133 101
65 48
119 1
101 32
102 62
118 4
106 78
11 10
95 14
22 20
128 110
59 22
129 116
76 41
109 29
97 43
116 112
57 45
65 9
109 20
120 71
22 18
78 61
120 49
119 22
46 0
113 49
128 57
19 12
111 101
131 109
112 104
117 46
74 45
44 6
89 7
76 49
115 101
121 7
118 20
123 58
64 48
14 1
89 59
105 10
16 8
49 33
18 7
100 93
124 87
118 45
81 47
137 23
64 43
124 97
135 131
122 64
130 63
81 61
115 41
131 30
136 44
102 13
125 63
114 80
95 60
130 0
39 2
114 74
116 67
86 36
67 14
46 24
82 5
73 43
120 5
129 117
118 8
69 4
80 10
58 50
73 61
71 64
69 27
29 1
134 94
75 64
63 56
89 36
41 31
85 73
55 44
83 12
89 41
37 13
36 26
71 17
53 9
102 44
131 4
115 56
60 29
97 69
94 43
84 82
133 14
135 94
53 33
45 7
125 8
108 13
89 13
60 14
121 86
109 12
123 63
128 120
112 3
136 85
87 9
138 62
139 65
125 33
60 45
103 79
99 43
86 10
73 50
52 0
134 6
50 3
135 82
93 77
123 17
103 36
129 18
83 62
49 3
103 4
96 83
66 5
65 18
114 86
98 41
120 57
137 48
86 77
97 82
54 29
97 94
114 85
61 23
125 45
90 88
116 92
74 4
123 30
104 51
129 83
130 28
96 8
134 77
126 87
50 14
73 0
130 36
103 6
59 19
42 16
128 124
31 11
96 42
30 21
58 28
129 69
72 26
67 41
81 29
55 4
88 41
57 18
109 13
74 13
118 116
44 8
68 32
51 29
117 79
47 23
95 24
123 41
58 40
97 12
130 13
94 58
47 24
36 19
46 4
45 35
133 29
131 90
128 96
138 82
139 14
73 38
135 6
119 112
76 25
98 39
125 84
126 34
51 38
121 87
76 15
45 27
139 4
111 84
136 95
104 4
123 60
50 38
89 76
100 67
97 20
74 9
119 24
93 82
80 0
135 14
102 43
73 62
114 88
126 75
90 86
93 51
39 26
91 61
133 42
120 17
108 70
95 45
100 72
118 109
88 36
139 87
121 12
14 11
47 18
105 60
136 94
124 13
116 99
88 28
46 14
93 29
128 123
111 13
135 3
113 37
65 24
84 83
97 80
90 69
110 53
99 47
139 127
75 21
75 69
101 100
99 93
119 37
34 3
120 83
86 33
136 3
123 67
84 73
135 63
69 22
123 120
74 44
86 40
36 22
116 0
89 71
23 13
132 46
91 73
91 69
97 89
101 68
36 12
40 21
100 35
129 61
50 18
96 50
91 79
78 62
52 18
64 25
58 16
93 87
119 33
87 73
55 35
70 42
79 22
139 20
75 3
69 32
64 15
103 43
135 57
79 42
138 28
53 14
106 87
88 8
106 10
95 67
113 60
96 74
133 71
138 15
123 92
102 72
83 42
80 43
79 58
53 30
87 19
98 48
130 55
101 22
61 9
119 55
26 19
133 79
106 76
133 102
81 76
54 18
89 48
102 80
117 58
69 16
103 88
100 65
62 59
47 38
131 43
125 20
34 22
123 46
82 36
132 113
110 64
89 66
65 6
86 53
134 104
52 21
130 50
139 104
27 1
95 44
135 121
116 18
105 77
121 10
60 26
123 24
134 76
124 63
22 6
70 14
64 45
125 102
106 82
13 4
98 54
110 102
73 20
29 12
81 71
96 80
139 80
101 70
33 5
134 25
97 75
97 62
20 6
76 66
55 9
97 74
87 39
72 50
122 9
116 96
62 3
105 83
93 48
59 18
74 69
24 9
139 48
99 26
116 66
54 25
49 36
107 85
72 20
126 22
137 110
131 128
86 45
92 50
105 15
125 121
36 0
107 71
119 40
137 47
115 87
124 98
56 16
115 10
103 3
127 0
132 106
118 42
73 25
123 0
60 43
67 13
66 63
127 98
43 18
139 49
119 6
104 17
132 7
69 6
126 17
98 27
77 58
105 39
56 3
69 26
122 96
124 10
132 61
75 41
139 30
120 74
114 49
60 32
93 31
65 12
98 97
65 56
95 89
124 96
45 0
114 97
135 86
86 32
137 39
126 86
36 16
59 35
88 5
105 85
84 21
54 3
132 74
90 25
48 23
96 95
44 0
114 19
126 29
92 41
72 71
95 6
77 2
57 39
48 3
87 28
62 44
125 114
77 40
83 56
116 7
131 63
55 30
86 47
14 8
131 102
97 88
126 46
60 21
66 31
127 109
32 18
22 9
49 32
82 48
58 13
85 51
89 16
108 85
120 32
31 6
89 33
130 103
91 39
122 54
73 69
106 38
68 41
134 116
138 33
117 15
95 81
134 31
129 0
70 50
60 5
119 96
119 65
83 16
90 4
114 82
126 26
32 12
36 1
65 33
82 59
117 105
96 17
119 111
104 5
101 55
42 13
106 77
70 27
136 38
127 18
79 43
83 5
109 80
40 9
44 16
107 62
104 33
121 58
138 3
75 59
89 29
128 66
122 103
66 47
108 38
131 6
134 132
96 13
93 4
107 80
107 22
137 96
139 138
104 16
109 34
54 22
79 32
134 52
127 39
133 91
105 27
89 39
135 93
105 63
100 81
131 112
99 38
134 64
93 18
42 8
129 84
131 53
87 40
92 81
96 3
65 61
100 64
110 65
61 51
111 99
133 43
130 107
105 47
28 27
55 29
66 53
128 15
119 2
105 79
45 25
121 15
72 56
139 11
65 54
124 100
113 24
122 6
80 15
83 20
56 4
37 3
68 26
112 71
70 25
139 83
138 13
27 23
137 92
89 25
118 18
79 73
79 13
66 11
76 10
104 53
119 59
126 123
73 13
90 77
88 20
69 44
75 24
116 107
118 75
107 26
139 124
117 34
114 1
121 108
91 20
66 23
121 38
41 6
105 32
73 9
123 115
105 34
105 71
107 30
77 43
35 29
65 4
92 85
134 46
88 75
136 104
138 61
61 54
70 5
31 26
128 116
127 3
139 122
139 42
73 57
133 119
84 17
102 26
102 8
138 98
66 50
51 33
111 28
129 8
133 61
115 37
88 87
20 3
35 7
53 18
139 9
110 50
103 34
72 12
64 38
91 50
95 52
139 77
109 68
137 88
68 24
131 69
95 93
55 1
76 35
112 102
95 40
90 59
129 73
139 93
135 104
82 18
97 87
37 8
104 71
123 71
104 77
102 14
118 108
100 36
87 76
78 5
63 42
119 100
20 11
113 64
109 104
71 44
79 46
37 32
73 37
109 99
41 11
97 46
104 39
40 38
93 7
106 93
137 27
79 48
87 83
110 101
117 50
124 115
94 89
40 36
133 35
122 107
77 7
89 46
68 65
136 91
134 55
54 37
93 0
88 38
133 12
91 65
38 36
92 52
104 60
110 0
137 68
132 96
80 65
81 62
50 1
131 17
70 0
120 85
50 10
60 51
132 14
25 8
120 47
63 46
39 36
106 19
122 100
30 15
80 48
16 4
42 9
102 90
69 21
129 22
71 55
103 20
34 25
74 3
132 8
60 33
73 30
138 35
127 62
56 44
52 44
121 39
124 71
125 93
92 87
29 11
136 48
99 88
105 68
123 36
69 53
99 12
89 45
62 0
123 43
107 82
45 21
83 22
136 69
75 27
128 34
90 24
134 120
110 24
103 63
51 30
134 123
116 22
50 33
112 12
105 9
42 32
24 14
138 91
64 57
131 9
51 13
138 56
43 39
103 38
112 73
86 51
136 34
105 21
103 13
122 63
73 35
70 32
33 23
125 86
112 101
54 15
84 42
108 98
3 0
97 61
86 48
52 1
43 7
27 26
139 115
111 98
99 46
110 15
72 70
111 47
49 47
126 93
64 29
33 26
81 73
56 49
102 56
134 109
58 37
101 40
38 11
101 42
129 7
30 3
105 45
108 75
92 47
96 33
136 37
113 39
22 13
113 10
106 61
122 115
75 28
103 42
114 98
86 81
53 41
107 35
134 19
53 28
82 52
90 35
96 86
133 50
119 66
47 33
86 72
139 113
127 84
106 17
119 46
124 92
122 51
61 4
116 32
100 55
119 102
58 48
115 107
47 43
116 43
58 51
81 19
77 74
105 99
122 85
135 109
110 28
87 0
134 32
95 47
56 28
71 51
134 126
98 40
113 110
129 80
121 0
133 93
79 21
120 59
25 2
21 4
45 30
63 7
114 55
111 72
87 75
126 76
103 31
134 108
35 22
124 20
21 13
80 4
61 53
133 117
117 42
136 125
75 19
49 12
133 75
86 5
69 20
50 21
117 24
61 47
133 123
89 22
78 11
51 42
125 74
131 64
113 87
74 65
92 75
124 25
75 46
39 27
138 43
128 11
114 106
57 38
127 12
45 42
134 72
60 52
122 46
91 26
97 11
121 73
136 105
118 10
118 105
48 15
79 9
74 18
85 14
130 67
128 51
59 27
117 101
61 59
107 34
28 26
74 38
64 5
34 2
137 105
111 110
116 89
113 112
92 45
60 17
116 35
78 36
135 65
68 27
125 83
91 10
41 4
112 31
112 54
138 7
52 8
87 68
113 17
117 84
74 8
132 5
106 35
135 88
115 50
126 39
90 47
135 133
92 35
133 98
120 22
121 111
22 5
124 33
123 7
129 21
117 103
126 82
82 9
103 83
54 9
115 18
128 24
107 13
102 48
131 7
58 4
83 46
98 3
104 73
103 33
76 57
99 29
102 39
122 89
20 17
114 60
71 69
123 108
99 67
107 93
78 54
131 34
61 12
39 0
135 47
139 109
64 40
94 40
108 44
136 114
124 42
115 98
90 51
135 2
62 42
124 43
65 50
66 45
66 10
86 37
67 18
133 88
131 59
109 18
81 79
128 27
71 57
41 18
89 55
128 83
71 65
77 36
119 94
108 24
63 55
118 65
82 73
83 76
74 15
16 3
48 29
138 36
111 27
83 35
131 26
111 96
69 49
92 34
122 17
103 64
27 18
90 14
78 23
132 44
119 76
117 52
120 45
126 60
38 17
127 9
131 84
56 22
104 83
81 70
45 32
139 130
7 1
98 91
126 12
139 76
101 50
127 29
118 101
65 31
107 37
131 23
60 11
116 87
112 107
110 103
84 58
126 120
86 31
138 102
54 39
121 75
104 92
101 23
22 0
138 105
16 10
116 30
125 58
28 12
86 18
119 31
87 27
121 116
123 45
123 10
119 51
68 31
83 47
118 9
42 14
73 27
98 82
82 3
95 56
31 4
117 90
17 8
109 25
115 105
50 7
77 41
97 35
113 11
43 31
138 5
92 49
134 61
116 91
43 28
53 25
117 40
139 128
75 5
76 6
119 70
72 55
127 83
45 20
77 26
113 16
131 40
80 19
115 57
120 75
56 13
46 34
112 63
95 53
74 33
99 22
118 89
110 39
119 78
135 51
100 20
134 58
135 22
132 65
71 61
89 15
82 33
128 119
51 50
114 29
94 12
117 78
109 91
112 108
57 43
121 43
115 99
139 103
87 37
20 8
100 41
122 97
130 120
126 14
25 19
47 37
120 36
113 61
124 118
97 54
111 9
76 71
54 47
95 65
83 26
129 5
74 60
108 15
126 62
58 17
135 95
62 54
61 3
125 50
108 32
50 19
126 63
106 24
124 70
54 43
112 10
132 57
37 35
62 16
93 78
78 32
117 99
79 54
130 31
67 1
129 40
117 88
129 52
15 3
81 60
137 97
20 0
58 18
139 106
123 28
106 50
95 9
61 49
93 14
120 2
112 57
48 20
31 2
50 9
117 112
73 71
104 46
132 127
105 49
134 115
135 9
63 54
100 16
95 92
63 16
89 84
130 41
134 62
110 1
99 10
96 65
132 23
112 34
50 46
123 33
100 60
113 108
93 22
108 31
96 56
111 70
98 87
137 73
20 2
115 39
127 23
80 23
118 17
110 81
138 73
118 99
63 37
99 52
67 0
137 36
116 38
97 37
103 75
62 17
58 30
57 16
41 14
134 60
126 125
95 87
15 9
125 41
64 0
129 127
119 97
106 42
130 66
47 6
113 71
130 46
125 75
112 42
41 9
15 6
123 21
87 48
135 116
126 27
106 101
130 116
132 92
115 19
100 43
71 10
91 62
112 46
77 76
26 2
131 5
65 1
121 53
92 9
116 70
76 36
69 14
51 25
51 43
125 26
93 2
123 14
39 16
116 76
106 9
30 7
68 48
105 46
69 65
125 1
135 71
138 134
37 4
42 12
25 4
29 2
41 30
81 41
75 42
139 114
126 106
84 77
55 39
55 42
62 34
81 27
127 118
60 7
99 65
88 79
95 49
68 22
129 25
130 89
89 3
118 106
119 68
110 35
79 25
35 9
43 10
89 51
103 87
43 35
40 3
80 69
52 13
88 26
46 9
57 10
57 28
72 18
43 40
137 109
34 23
134 57
22 16
137 106
82 11
48 2
112 19
56 37
101 17
88 23
17 3
35 10
77 39
50 26
134 106
115 113
115 74
138 74
64 22
93 79
75 50
103 8
138 125
69 33
100 0
58 39
113 35
56 8
119 16
118 90
32 28
133 100
120 23
86 55
115 12
44 40
103 57
125 124
70 67
108 76
52 50
95 85
123 11
137 126
126 73
82 43
54 35
86 0
121 104
114 79
123 109
114 81
91 63
64 37
49 16
108 23
43 8
60 39
74 32
104 42
103 46
108 33
108 56
111 12
113 46
139 135
120 27
64 13
124 49
116 52
100 58
80 68
131 70
123 73
100 18
94 17
121 63
99 21
130 112
111 77
113 106
108 0
132 17
96 48
55 43
37 0
138 109
77 51
29 21
23 1
125 28
130 93
52 51
128 54
88 49
49 13
108 41
79 18
94 5
113 18
124 56
80 32
85 84
131 113
58 8
127 17
78 69
73 49
74 10
137 133
134 9
92 26
81 5
65 17
104 52
58 11
100 94
119 20
60 0
110 94
110 91
87 42
131 95
43 38
57 51
128 114
115 11
125 2
105 35
117 20
63 43
77 4
110 76
126 49
122 86
127 59
114 43
128 7
124 18
118 31
93 50
39 8
106 58
52 48
57 12
111 81
56 50
88 42
52 3
91 47
99 59
12 10
113 74
96 7
91 83
133 94
127 126
44 29
51 4
77 11
92 58
98 35
57 7
60 12
53 49
87 78
79 27
40 10
43 37
43 4
65 49
84 1
51 37
131 100
128 97
44 7
130 69
113 82
127 32
81 18
114 91
79 61
62 25
125 106
137 135
118 37
44 18
24 22
139 125
105 40
114 71
96 11
126 52
121 4
135 129
133 72
137 80
61 46
132 77
100 39
97 55
137 94
74 35
137 51
28 14
45 9
124 88
111 102
94 87
119 104
108 106
112 35
134 107
70 48
30 9
30 29
75 55
70 21
98 21
123 16
51 1
47 31
125 6
125 44
125 48
94 19
98 89
99 79
114 12
78 51
33 21
127 91
59 14
135 42
118 38
113 86
110 97
131 62
133 130
101 79
74 64
81 35
76 30
69 15
139 46
134 47
111 11
96 43
92 33
47 21
107 77
45 24
57 35
135 89
64 33
114 16
111 54
122 67
133 86
128 20
99 74
121 9
131 12
59 6
85 79
137 85
66 18
94 90
124 45
26 10
79 36
106 39
49 34
64 17
115 90
122 16
84 37
102 40
107 58
110 105
108 77
67 59
54 53
57 8
124 22
137 1
59 28
63 5
61 52
112 9
83 54
46 20
84 24
78 43
67 33
49 7
98 74
54 51
31 23
15 2
107 96
55 26
94 62
106 95
136 63
116 40
93 75
119 63
136 1
87 34
129 60
109 67
134 1
43 15
50 5
46 3
107 48
44 2
105 42
131 111
60 57
127 89
85 12
85 29
44 43
107 47
131 79
115 23
84 36
38 10
57 34
75 30
84 72
113 2
127 24
77 0
54 8
87 71
127 103
85 40
97 25
85 57
139 40
35 30
98 92
133 7
109 84
129 128
124 85
130 48
124 120
65 0
124 31
96 90
83 14
115 97
81 66
139 136
95 26
127 15
85 15
131 2
134 29
92 79
81 45
66 14
85 70
124 44
96 31
82 56
86 50
119 91
126 122
121 68
49 41
125 60
77 18
117 32
77 6
97 52
77 20
88 6
48 36
129 98
132 102
35 32
128 127
72 35
71 12
90 48
95 35
116 79
117 5
109 42
99 60
89 20
106 48
117 25
134 133
128 74
97 56
123 39
118 74
123 122
50 32
3 1
130 53
125 109
106 23
92 2
66 28
119 42
132 93
120 107
36 14
79 0
84 0
29 23
51 20
126 119
113 73
11 1
37 30
67 35
100 45
65 30
127 48
130 62
110 7
75 60
102 37
30 1
8 7
135 91
120 77
111 37
67 24
131 103
51 48
124 62
107 33
62 41
44 13
130 96
85 74
85 7
114 47
110 41
135 30
53 32
73 44
94 92
75 66
114 104
96 68
135 83
78 66
36 34
59 51
56 55
80 25
55 10
131 25
120 108
130 12
111 66
44 26
127 96
79 33
121 40
112 53
80 42
110 9
75 32
136 19
72 32
134 22
114 32
56 20
121 26
126 30
102 51
28 8
86 15
76 7
135 68
118 5
91 35
103 41
115 80
134 5
116 100
125 99
96 40
66 37
62 22
138 34
136 27
23 15
106 3
135 10
87 32
49 24
96 39
94 46
66 40
52 25
92 5
52 40
55 38
136 111
85 43
101 10
127 115
97 7
114 25
91 0
78 52
77 30
110 109
71 59
54 6
71 9
133 53
105 95
54 7
86 62
129 106
127 56
63 26
64 1
128 78
80 67
66 12
106 96
114 31
132 71
120 106
111 107
91 12
138 18
86 9
129 108
41 10
139 68
97 29
112 26
61 29
34 4
110 108
63 13
108 103
107 27
136 65
40 25
55 21
74 0
139 8
87 12
52 24
85 78
86 82
85 41
101 90
62 31
75 8
75 38
72 36
109 105
39 32
104 7
131 48
45 39
76 53
122 40
123 27
116 50
101 76
94 57
84 2
134 7
87 84
59 3
98 10
109 9
112 69
112 11
61 20
100 56
129 39
64 27
74 62
90 82
136 128
118 36
80 40
19 18
76 24
109 21
134 65
53 12
110 47
49 39
137 91
55 15
26 1
101 18
88 80
94 64
111 109
105 88
68 55
79 70
103 50
124 66
53 15
35 20
91 23
98 80
107 46
128 40
121 92
79 47
94 24
76 2
117 26
24 16
61 57
130 26
110 45
87 67
112 72
133 127
87 53
89 65
127 116
24 4
43 42
133 20
21 20
84 68
105 50
117 80
111 23
137 93
95 48
135 49
58 20
112 88
122 87
68 5
103 44
112 52
133 107
106 71
90 11
114 94
61 18
138 107
64 26
113 58
126 44
125 66
90 87
102 10
113 80
54 32
126 0
94 82
90 79
23 16
108 6
57 27
43 3
136 78
138 70
52 35
139 10
67 22
117 22
113 4
123 35
90 8
48 11
47 36
92 68
83 6
111 14
53 36
133 9
84 50
78 48
95 51
108 18
78 44
119 73
100 63
85 2
44 20
98 13
124 69
103 16
139 110
72 9
124 46
127 6
122 26
127 117
100 34
58 12
122 42
68 67
74 17
85 36
76 73
13 7
32 31
49 28
110 46
34 21
114 11
93 41
115 48
75 57
53 16
29 18
120 70
71 6
98 17
113 72
87 18
83 7
126 25
29 9
93 86
112 83
107 68
135 72
64 36
75 52
87 20
88 0
25 18
113 94
64 56
129 122
100 30
92 0
35 15
98 26
55 7
101 98
106 63
123 22
17 2
130 57
58 2
67 63
41 12
129 9
73 1
116 42
122 27
122 41
138 129
23 14
125 116
124 65
129 10
107 66
101 82
76 20
105 73
91 87
123 94
120 62
96 15
118 33
110 95
76 18
128 14
85 52
83 57
59 29
136 2
85 16
115 6
136 55
42 41
133 122
45 16
131 126
85 58
52 34
91 81
44 24
109 76
102 41
134 36
89 82
99 25
89 83
137 45
120 93
123 64
39 7
28 3
35 27
128 94
84 40
120 39
132 100
74 14
88 81
93 62
117 43
66 57
118 16
73 15
24 15
99 49
114 84
100 7
96 46
136 73
125 37
77 65
87 74
110 107
132 31
53 22
124 27
26 6
122 24
96 35
120 96
59 42
132 78
91 29
132 68
50 17
123 3
125 92
93 1
113 69
99 69
121 60
84 61
134 15
87 63
135 130
136 71
102 71
110 84
124 26
100 22
103 1
139 25
129 124
32 30
98 53
41 5
135 37
71 53
90 9
89 10
133 44
112 78
69 18
90 6
52 16
67 20
97 73
117 23
100 46
118 56
110 72
114 10
107 59
67 58
28 15
88 4
121 66
98 64
101 62
126 64
83 64
105 87
82 71
124 4
104 13
101 20
49 21
78 47
124 1
137 57
73 65
21 11
135 11
74 2
118 7
65 53
112 4
128 44
129 100
124 2
50 13
132 52
54 44
133 41
46 43
127 22
110 32
77 25
91 9
115 17
18 17
98 75
18 3
131 98
98 28
106 11
123 49
54 30
123 4
131 81
75 48
67 5
21 14
40 7
103 12
127 7
91 54
77 63
90 22
113 92
113 63
82 60
91 45
110 3
67 7
88 76
110 85
46 8
106 2
125 111
42 24
79 66
79 3
101 74
116 90
95 72
33 10
118 49
100 28
94 74
133 124
29 19
136 46
74 23
115 13
138 104
137 22
68 30
42 23
87 81
114 39
70 58
38 29
126 103
67 4
128 62
100 4
127 34
122 14
116 69
53 1
90 27
107 87
120 42
130 127
131 10
132 80
108 68
65 41
120 73
92 1
84 28
116 77
77 56
125 47
133 28
92 72
75 18
78 76
109 14
105 56
52 45
81 4
64 12
99 72
68 8
92 32
74 19
127 14
106 47
120 51
24 23
8 3
110 100
101 34
102 16
112 55
120 104
19 11
131 76
124 102
97 13
33 15
79 2
135 40
46 21
111 18
55 14
46 45
71 40
19 14
33 4
73 7
80 5
133 66
55 19
105 26
45 38
57 26
139 66
109 64
79 74
97 21
123 75
105 18
78 59
103 45
108 25
117 70
49 44
134 88
116 63
121 72
134 54
123 25
93 5
76 54
102 20
59 57
138 87
122 117
131 29
114 111
81 42
139 82
63 62
120 56
113 40
94 33
135 115
134 85
104 1
139 96
75 7
128 46
103 40
124 57
139 34
139 37
120 111
84 63
64 55
130 14
130 115
107 18
92 63
15 11
130 61
62 50
114 48
33 2
85 59
113 41
58 26
56 39
51 9
108 39
122 47
70 55
39 34
111 68
127 87
39 23
97 95
114 46
92 62
118 73
19 10
136 29
133 36
124 64
35 5
109 50
48 38
130 10
122 43
119 27
13 11
69 50
102 77
83 59
91 31
75 9
16 6
64 10
122 110
41 37
88 43
109 27
125 15
119 103
61 33
25 3
74 21
120 14
52 17
86 84
136 10
90 60
109 70
131 94
135 17
113 34
61 8
108 26
83 66
107 76
117 82
6 2
138 117
118 72
132 128
118 22
96 37
99 28
119 8
133 56
120 43
43 29
105 2
45 36
105 58
83 70
68 39
94 85
84 16
47 1
132 0
45 43
27 24
116 17
95 80
118 50
106 69
84 5
135 127
79 16
134 83
89 63
71 30
80 62
136 120
80 45
68 12
53 46
135 64
102 31
68 0
60 24
84 67
104 70
132 55
118 40
26 14
63 24
52 2
100 53
113 36
117 51
70 29
93 76
89 61
98 72
61 35
129 105
121 114
104 68
124 75
99 51
101 43
87 64
104 25
111 86
128 91
100 80
61 7
128 108
136 97
106 46
116 104
105 91
6 5
13 9
39 38
104 94
137 102
124 111
101 21
113 20
103 78
94 84
29 4
130 5
103 52
100 2
110 57
85 71
84 31
136 87
33 24
58 9
54 12
69 30
126 13
114 87
80 29
116 55
97 34
81 72
62 30
105 92
133 77
106 52
133 40
138 23
68 13
13 6
105 53
96 73
117 44
136 7
40 35
76 69
101 27
111 64
128 47
80 77
36 18
62 7
64 18
31 16
129 67
127 16
77 67
113 32
23 21
125 34
78 2
50 30
51 40
107 29
118 81
131 124
73 6
18 0
91 58
118 58
4 2
118 44
79 4
76 59
124 95
99 92
60 4
93 53
102 79
123 5
107 100
71 43
123 86
86 43
80 21
106 37
116 111
48 27
104 11
95 20
118 23
139 71
87 5
122 79
86 66
42 15
138 1
109 75
103 54
20 15
98 61
81 63
100 70
93 36
94 14
79 11
126 74
92 14
121 106
87 41
40 15
68 43
87 69
126 38
71 19
97 50
85 5
109 53
83 72
70 61
29 7
111 42
36 33
51 32
72 39
72 51
121 69
115 47
114 75
106 36
138 32
56 53
95 50
60 13
76 19
112 92
104 26
130 33
59 1
94 20
40 2
77 28
32 26
107 21
107 60
130 65
116 75
72 60
85 13
29 20
78 14
44 30
115 81
85 60
93 9
48 44
103 2
132 28
95 70
99 71
80 35
66 27
33 12
91 15
76 32
84 34
14 10
14 9
127 79
41 22
63 15
66 61
134 67
32 22
126 100
15 1
54 24
94 53
131 54
81 80
19 4
97 83
139 116
116 64
112 79
69 66
138 49
110 27
94 45
86 17
50 48
130 83
108 71
104 81
80 73
73 68
113 5
78 64
101 83
93 92
58 35
115 9
43 9
106 90
2 0
90 7
133 81
106 91
115 54
100 77
55 18
102 58
85 75
128 112
137 37
40 8
122 69
74 1
114 17
75 26
98 69
82 78
9 4
131 28
89 21
98 24
121 18
130 24
78 58
63 8
119 71
43 20
61 55
87 38
41 35
138 21
118 1
118 83
118 21
62 58
116 82
64 59
82 31
15 14
46 2
111 1
10 9
50 20
102 4
55 45
77 53
118 30
83 40
78 40
51 24
139 129
109 81
52 46
137 118
110 77
60 36
114 113
90 54
131 47
70 53
127 2
93 56
114 100
131 51
104 67
54 4
139 7
95 3
97 49
108 107
135 59
96 32
126 16
86 39
76 55
113 77
121 65
109 24
86 63
72 43
62 29
139 67
132 115
133 31
86 67
126 110
18 5
108 66
107 102
22 3
97 65
113 12
79 45
102 74
81 38
103 102
118 68
120 63
117 61
126 8
10 3
73 70
125 108
131 122
130 44
123 90
80 53
45 17
113 67
75 61
76 74
133 16
114 101
122 92
53 35
68 46
108 9
104 45
136 6
38 37
85 53
39 10
39 6
96 10
98 50
74 56
98 42
139 84
127 113
135 60
58 3
106 60
107 79
133 76
40 19
56 2
100 62
64 35
125 120
115 64
135 1
83 58
101 95
131 20
106 41
102 53
83 33
56 1
125 94
130 79
89 57
120 9
83 4
126 89
116 102
13 0
111 67
47 0
11 4
51 44
139 59
110 34
124 16
121 41
41 29
138 106
39 12
53 20
96 85
82 45
74 71
127 41
90 83
74 34
94 25
58 42
122 8
38 5
137 54
68 56
90 68
89 87
58 44
126 72
119 101
126 102
127 66
94 55
12 11
116 4
67 53
108 51
108 96
106 51
70 6
114 78
83 61
88 9
37 36
47 7
124 108
135 45
82 74
138 71
115 34
93 3
137 119
97 31
76 72
95 94
67 43
115 85
46 26
99 95
106 102
90 78
25 0
126 66
129 1
107 75
116 93
55 53
81 3
110 38
75 40
44 12
118 96
54 13
94 23
124 38
38 8
55 27
49 20
129 43
6 4
52 47
108 16
63 47
74 29
57 47
108 80
122 80
105 64
135 126
82 0
48 13
53 31
109 4
67 30
68 6
88 35
80 12
96 57
137 115
80 51
129 74
80 60
113 54
136 18
58 33
89 17
63 19
63 14
32 3
100 68
92 13
95 90
61 37
98 65
96 58
24 20
75 37
125 54
111 74
103 90
109 94
60 28
16 2
30 4
132 69
17 10
97 42
116 68
132 48
120 54
31 20
60 37
67 9
139 53
64 7
95 37
122 3
127 47
122 19
129 70
96 78
104 35
80 6
135 103
106 45
111 5
87 22
122 88
114 89
67 60
120 69
89 1
130 91
61 38
116 103
123 85
19 16
96 21
139 51
93 12
79 56
139 75
72 61
111 53
136 75
98 88
126 48
98 93
58 56
48 37
116 106
136 83
122 81
97 85
111 49
136 11
114 2
110 67
56 21
133 51
138 122
69 48
107 44
14 7
50 42
42 33
116 36
120 119
100 92
135 50
56 42
80 14
130 106
133 69
92 77
125 24
115 75
111 65
121 109
114 93
41 16
84 39
120 26
123 69
72 3
50 4
110 61
125 80
129 23
87 35
21 1
74 26
96 16
117 21
102 11
98 1
139 105
106 80
84 66
100 8
93 80
123 80
63 39
132 64
73 72
68 54
125 115
55 12
86 30
73 63
99 6
115 92
40 37
135 58
12 8
138 118
111 46
133 55
132 19
132 76
110 75
68 36
55 50
129 91
118 54
107 42
132 85
116 6
136 39
116 21
51 39
109 87
130 108
136 62
59 30
129 32
47 29
62 46
117 60
124 58
118 77
136 51
75 44
13 3
73 14
134 68
78 45
95 78
106 1
100 17
101 57
131 101
101 67
132 39
55 0
95 55
129 75
53 44
110 83
53 29
117 9
59 25
48 45
135 7
33 29
138 92
122 75
90 3
120 52
42 22
135 66
98 44
62 39
104 41
99 3
81 25
134 90
36 30
89 79
137 125
131 49
114 95
69 57
98 22
46 41
119 23
133 33
102 36
139 112
117 67
30 10
38 15
75 58
95 84
137 79
100 51
94 80
72 1
129 54
21 3
77 3
138 124
108 30
135 100
109 0
67 62
56 43
100 5
32 27
78 73
130 4
55 48
131 116
84 38
119 72
139 15
137 40
66 51
139 54
129 115
53 42
126 32
122 1
105 20
47 41
94 42
100 90
69 62
38 21
130 73
136 109
117 87
89 35
119 99
109 88
138 89
127 74
138 114
96 63
100 88
139 91
79 64
95 0
135 16
130 49
80 70
64 9
83 18
120 21
82 68
119 9
59 11
66 21
135 98
29 5
80 72
43 14
33 22
95 33
132 108
122 62
127 82
65 59
118 24
66 6
97 4
87 86
26 9
58 53
52 49
137 132
35 2
135 35
100 50
99 48
46 44
123 88
53 23
94 13
89 78
134 91
23 3
57 14
84 80
128 64
52 33
139 108
94 47
133 131
60 1
48 18
118 51
86 83
102 45
49 27
39 20
64 46
71 42
107 9
137 42
109 92
139 88
18 14
80 64
65 29
73 52
69 46
71 2
59 36
16 14
121 1
137 127
119 17
51 35
92 36
36 13
128 118
101 54
109 108
107 90
66 58
97 90
106 66
107 12
137 53
133 10
134 121
94 69
47 45
102 66
129 19
44 37
94 28
122 57
54 1
109 85
91 1
91 43
126 18
75 36
78 34
101 64
22 8
29 3
58 57
95 4
93 21
86 11
123 20
75 20
95 25
128 90
56 18
98 14
97 71
80 41
83 80
33 31
124 103
83 29
15 10
89 69
103 82
64 41
62 61
112 24
133 80
86 3
78 35
105 43
125 22
129 56
83 60
63 32
73 34
86 70
74 55
115 20
121 88
29 16
123 96
97 81
77 62
59 8
46 1
81 48
120 48
124 76
19 7
74 7
136 134
59 48
71 14
127 68
117 64
121 22
135 73
91 42
109 79
93 88
108 59
105 28
110 86
66 29
70 4
72 0
99 91
26 13
132 105
115 94
128 104
134 48
107 8
127 52
107 56
44 41
81 58
136 133
44 14
129 33
137 59
79 44
48 22
122 77
102 101
115 36
125 117
34 30
88 2
127 31
116 19
133 110
105 4
110 23
77 44
68 14
75 12
39 14
67 28
75 73
136 30
39 37
97 48
73 24
113 68
42 7
31 14
90 2
104 80
51 34
120 8
115 73
74 72
106 34
131 3
78 67
63 36
138 60
82 12
69 42
139 102
61 21
138 37
137 15
136 101
118 55
70 44
11 7
130 27
76 23
113 31
94 68
57 15
126 56
111 33
62 21
104 96
133 4
115 106
113 6
138 112
95 74
75 13
57 22
127 71
110 40
76 61
129 15
123 53
60 18
31 25
113 38
28 7
34 14
121 8
77 10
96 71
138 115
24 6
100 57
96 82
136 17
125 59
91 44
134 100
81 36
97 63
64 61
92 6
115 7
83 69
123 48
114 6
113 43
61 48
59 40
80 2
92 86
31 1
67 12
127 112
109 15
47 10
116 45
120 66
49 9
111 79
96 88
113 13
99 83
135 23
118 59
19 3
111 44
122 52
138 137
84 49
138 127
108 61
61 17
32 19
90 39
110 18
60 22
119 84
118 114
97 9
35 8
125 62
105 80
108 97
123 82
58 22
61 40
117 89
111 41
94 83
80 17
122 5
10 0
102 57
79 57
58 14
78 49
105 82
89 62
41 34
110 19
117 85
136 35
59 26
79 52
79 12
117 104
88 63
81 37
118 43
85 24
39 5
78 7
138 58
56 7
109 58
101 47
116 74
139 89
99 53
114 37
112 82
65 27
133 24
105 101
70 2
63 0
136 4
37 5
102 84
137 62
113 109
48 33
70 45
139 26
108 86
117 71
100 97
136 88
92 42
134 130
44 9
52 36
118 80
127 108
67 23
67 45
131 78
136 102
61 26
107 52
122 44
50 44
111 19
93 91
119 87
98 73
118 52
125 105
114 65
27 11
107 91
33 8
19 9
88 78
105 97
132 99
108 43
111 59
31 13
119 7
82 69
22 10
105 5
118 103
82 63
90 19
109 32
67 61
138 131
59 46
117 74
46 32
88 68
66 33
34 11
78 8
97 3
109 98
138 95
59 10
128 100
92 89
135 28
110 31
106 94
29 25
132 81
128 68
54 38
104 90
129 90
48 9
47 11
116 9
108 34
68 60
62 15
129 57
115 29
107 61
77 21
110 82
103 0
138 135
80 57
38 32
32 11
131 24
18 1
103 96
29 27
65 35
91 72
108 14
63 59
75 71
67 36
84 54
91 33
49 22
101 80
95 61
125 61
101 38
72 7
102 69
115 0
90 28
78 75
60 48
32 4
105 41
121 59
62 10
101 87
77 57
40 18
75 15
47 32
110 37
138 83
110 74
136 92
71 0
138 26
130 47
135 128
68 28
120 40
38 2
99 84
63 28
99 34
130 34
98 46
26 24
117 57
26 18
134 8
90 38
89 81
100 83
109 41
97 33
124 52
34 10
114 69
115 110
94 78
119 35
126 1
108 12
73 36
110 58
75 68
106 43
1 0
84 48
64 54
124 83
117 45
129 46
53 24
71 48
81 51
135 117
82 65
48 34
127 8
90 13
117 37
92 84
75 62
89 14
54 52
69 7
137 63
87 55
88 82
94 76
40 24
123 13
98 51
73 64
115 14
109 73
104 74
131 56
113 78
137 124
60 41
114 54
128 75
127 19
17 11
89 26
110 104
89 72
134 20
10 1
115 3
133 18
49 15
126 67
30 19
77 72
132 122
97 67
77 29
97 17
65 37
95 12
85 31
125 85
93 40
126 65
65 45
97 58
96 49
61 36
129 41
134 89
120 64
36 4
112 5
76 5
116 54
121 25
7 3
117 77
90 67
68 47
78 68
83 44
68 2
139 43
102 96
30 18
104 40
123 107
122 106
118 60
101 0
34 28
67 38
109 89
100 79
123 26
82 67
135 85
82 1
81 69
132 58
24 7
78 65
128 3
134 117
48 40
132 112
124 113
34 20
139 78
67 56
123 106
120 31
32 9
91 34
134 73
65 26
27 8
131 61
82 29
79 62
137 10
77 64
129 79
51 15
107 6
111 106
19 1
28 10
129 59
103 93
93 83
128 63
60 54
120 3
61 60
124 30
82 64
91 27
69 38
98 32
111 61
122 72
124 40
64 49
90 63
82 75
118 57
96 4
79 39
60 3
138 119
44 28
138 54
107 5
130 81
135 27
129 82
129 58
93 47
77 37
63 51
101 77
41 39
92 57
35 17
67 40
25 10
135 61
105 12
134 69
73 53
73 58
91 32
104 19
59 49
59 4
137 116
95 18
92 56
132 83
113 96
40 6
90 66
77 33
30 22
107 3
70 56
121 37
99 15
69 55
101 16
135 106
132 123
116 51
125 31
135 77
117 14
122 21
90 32
102 86
128 1
137 89
89 54
83 13
88 66
116 10
100 76
61 13
20 19
80 8
122 78
127 77
40 26
95 30
125 29
49 43
41 7
134 59
52 26
101 61
132 53
50 2
109 26
135 107
73 22
56 38
26 20
81 16
75 33
108 74
136 53
94 61
114 63
93 32
70 66
99 32
85 81
34 17
67 27
111 104
126 24
133 83
41 24
96 41
138 128
134 111
136 28
110 90
104 65
91 4
118 92
123 77
123 121
83 74
120 109
99 44
49 35
42 1
112 30
95 43
77 16
133 125
115 38
105 69
20 12
39 22
24 10
118 110
115 79
98 33
84 56
90 0
108 11
132 131
77 73
125 52
137 66
34 8
35 34
134 42
59 21
129 26
90 17
93 28
70 46
102 21
32 13
100 84
13 1
135 90
31 30
112 103
46 40
58 23
137 114
118 47
127 97
77 49
138 69
102 87
131 91
45 22
113 55
56 51
87 61
128 117
32 17
128 98
110 99
109 93
74 52
130 3
107 16
53 37
32 25
101 13
83 11
105 57
94 75
11 3
93 11
121 23
54 45
111 40
116 80
106 13
113 14
82 6
86 34
71 21
131 16
108 42
85 19
99 20
95 88
100 86
131 123
49 10
105 24
79 6
20 14
127 107
73 19
41 28
46 10
107 63
110 42
126 112
66 36
105 1
86 21
79 30
72 58
115 24
137 72
119 88
130 35
118 19
118 93
80 31
137 84
122 109
62 35
107 23
133 115
92 22
103 67
106 14
119 54
117 7
133 54
57 25
120 81
5 0
81 6
123 117
108 104
83 38
81 2
122 60
99 19
128 81
104 20
92 54
116 97
109 54
93 63
118 84
117 68
137 31
76 48
60 23
66 13
126 43
118 32
41 17
114 105
54 49
53 50
34 9
69 13
60 53
56 27
138 66
121 14
112 70
73 4
130 17
85 21
50 37
72 41
116 26
105 30
95 17
72 68
122 31
131 15
80 76
100 82
82 46
94 48
72 29
52 28
54 19
120 105
95 63
125 18
16 0
100 11
125 101
77 70
125 30
129 119
130 124
65 7
76 70
113 91
123 38
94 93
101 37
90 21
21 2
62 20
80 36
90 62
102 50
91 7
110 89
94 37
99 33
108 8
105 94
106 16
82 49
73 48
132 34
128 35
135 54
51 10
55 51
108 67
116 105
75 22
108 7
110 78
124 15
128 25
110 68
125 68
129 47
130 39
114 92
137 11
102 49
97 92
130 102
80 75
139 134
55 36
138 75
88 47
88 11
85 37
114 9
88 18
83 50
129 62
137 29
137 13
21 12
118 0
83 15
111 62
65 46
113 83
78 56
137 46
121 32
85 44
99 75
47 19
73 46
66 65
105 44
99 17
117 114
138 8
69 39
124 12
74 28
130 20
92 17
31 29
138 108
84 23
139 44
61 58
105 100
85 50
97 0
133 1
88 86
121 85
118 35
125 107
38 23
42 10
80 3
105 78
48 41
52 4
112 75
117 10
72 34
73 11
30 20
128 2
133 92
73 5
133 113
112 96
79 69
47 5
84 47
53 19
87 52
108 29
109 30
109 8
87 77
124 94
107 38
60 44
124 90
87 82
83 75
109 35
110 5
109 46
123 104
136 117
117 110
104 76
83 31
91 56
88 65
123 103
134 98
113 50
6 3
68 9
97 8
8 4
128 76
126 104
81 44
110 55
105 70
67 31
74 70
115 21
128 122
95 21
17 0
34 1
45 4
94 81
102 2
59 7
57 3
61 34
129 16
120 33
108 5
100 1
99 82
78 9
70 23
68 7
23 19
63 9
79 17
13 8
76 39
10 6
115 62
130 87
59 55
31 21
56 31
110 73
129 12
112 111
137 58
91 17
86 38
136 15
132 25
126 58
121 105
134 124
76 65
81 33
73 18
126 15
12 2
37 15
131 119
115 78
118 28
108 52
101 28
53 47
122 30
38 1
82 39
67 26
114 5
112 100
116 71
78 10
118 12
90 31
115 33
101 19
130 64
112 93
43 1
26 23
74 41
121 107
113 3
82 77
101 69
106 103
78 12
97 64
55 6
128 87
125 13
84 10
122 101
125 88
137 86
121 70
59 20
66 43
86 73
105 25
80 54
111 34
76 47
94 10
122 11
66 7
109 3
90 58
71 11
127 11
45 6
96 36
77 60
98 29
46 16
95 32
72 40
123 9
122 76
111 36
118 117
76 33
108 102
130 118
56 9
112 51
122 68
101 14
130 37
128 95
88 33
95 10
102 85
108 4
40 12
138 2
117 31
120 72
120 18
17 12
127 33
29 22
138 130
130 84
92 3
41 15
72 17
130 74
112 56
139 33
122 91
115 4
101 92
100 25
83 43
104 103
111 80
81 15
123 87
103 11
19 6
118 79
74 39
132 110
133 37
74 73
53 10
135 76
92 31
128 82
100 61
88 50
125 14
39 24
63 44
57 17
77 17
74 40
82 61
108 46
124 55
133 73
61 41
44 10
113 28
59 15
87 11
88 13
117 35
73 51
82 41
136 116
94 32
103 53
116 88
132 11
108 82
119 26
138 57
80 71
14 13
98 63
123 12
16 5
79 75
129 88
129 35
104 58
87 1
138 42
122 74
78 18
108 3
77 50
69 12
63 22
137 16
41 27
82 54
79 53
126 92
107 19
135 67
99 98
79 24
44 23
132 73
108 88
123 118
80 28
60 59
113 88
101 31
94 26
113 26
120 1
107 94
126 79
134 33
113 65
128 73
42 38
70 20
130 76
108 63
74 22
117 59
81 65
117 56
113 45
25 14
121 93
26 5
117 113
97 18
126 114
46 33
98 36
104 98
70 11
22 19
116 62
44 11
117 92
75 31
25 16
99 56
129 71
92 61
120 118
121 67
33 3
34 15
132 37
53 26
89 40
102 88
121 29
62 37
20 4
95 15
105 23
120 15
82 20
102 12
38 19
133 58
121 48
136 130
114 3
117 93
86 57
95 57
77 5
99 86
69 59
124 117
130 129
77 8
74 66
10 8
59 52
123 116
116 37
102 19
96 69
108 54
95 79
58 36
103 97
85 27
137 128
113 99
115 96
111 87
77 68
76 0
102 73
69 60
57 9
43 23
108 10
136 100
134 10
97 36
120 82
131 104
131 39
131 21
103 92
135 4
99 85
138 116
102 47
32 16
110 22
79 1
131 99
87 59
89 31
131 129
70 31
131 67
51 8
68 61
39 19
26 12
127 35
137 67
62 60
125 113
135 43
103 48
133 57
89 77
65 15
106 18
89 86
70 60
64 30
130 40
40 29
35 18
18 4
77 75
114 99
129 4
44 35
109 55
93 73
23 12
88 12
129 6
67 32
90 84
109 90
90 1
105 37
72 4
122 35
117 6
89 74
136 61
93 54
95 29
97 60
122 93
92 8
40 20
76 51
120 34
35 19
134 17
94 8
52 23
139 28
92 55
75 16
51 49
90 52
96 92
42 18
109 33
129 48
106 20
129 14
34 16
113 107
89 85
62 27
109 40
108 93
129 123
99 77
121 17
111 97
62 1
128 42
85 38
9 3
101 39
25 12
81 39
128 0
85 56
131 45
96 22
66 0
88 54
131 121
127 45
88 15
130 19
86 56
128 53
70 43
122 2
135 102
86 23
109 10
66 2
55 32
37 17
76 34
101 8
79 40
47 44
126 96
104 84
126 36
100 69
39 9
139 27
115 61
106 62
124 17
73 12
126 85
85 11
83 53
81 26
121 35
114 83
55 11
132 36
108 58
27 6
30 28
33 0
87 14
136 80
120 92
113 97
5 1
119 115
36 29
126 101
93 65
68 49
123 29
135 33
20 16
119 83
48 16
55 41
50 39
91 66
63 45
94 70
139 36
135 29
18 6
79 65
116 47
108 2
70 34
109 7
62 2
37 25
132 27
81 13
131 107
135 96
128 70
77 22
52 19
101 49
135 75
78 53
105 103
91 16
135 134
61 28
69 52
136 81
134 81
66 26
87 60
80 50
88 30
48 6
122 82
117 12
135 132
95 75
119 114
106 57
99 90
133 30
98 4
89 9
30 14
34 6
93 66
72 30
68 34
124 5
54 27
138 63
7 2
60 10
125 36
111 91
110 44
63 23
134 84
104 21
90 50
81 67
102 97
65 5
137 3
87 17
75 29
121 57
108 21
130 52
65 58
75 17
95 36
98 57
110 92
114 21
104 82
132 38
101 48
71 25
120 91
131 32
49 45
95 59
105 33
67 25
109 65
121 103
139 90
115 66
124 109
131 117
110 29
132 59
130 77
116 29
96 51
105 89
95 83
105 90
121 24
83 2
99 94
121 16
119 50
136 23
27 2
103 58
69 51
138 100
49 8
60 50
136 49
60 42
130 123
122 28
94 16
128 33
112 77
136 22
42 21
73 47
134 38
64 2
137 113
74 54
135 32
89 23
67 57
101 65
52 11
46 39
129 103
62 38
86 49
134 23
43 11
134 27
129 101
120 37
55 20
133 0
120 79
72 13
90 57
40 11
96 5
109 101
84 25
129 109
96 24
8 2
130 121
68 21
118 69
108 55
96 60
47 3
83 63
139 132
44 25
137 7
135 78
110 25
130 90
91 13
114 42
54 20
57 30
70 37
79 38
66 38
79 78
66 39
136 135
72 14
50 36
100 71
93 59
67 48
104 8
132 130
69 5
131 14
101 45
104 34
117 18
120 80
109 17
135 80
138 90
25 5
135 34
123 89
59 41
81 68
97 19
68 20
132 79
61 15
96 93
16 11
99 76
59 50
85 66
70 63
73 60
135 69
99 31
78 21
93 69
71 58
139 22
121 21
52 7
102 76
129 126
28 11
111 100
109 31
53 43
108 89
113 56
45 12
67 42
54 16
129 114
101 12
103 60
68 63
105 38
95 5
54 2
121 77
96 12
124 28
123 52
98 7
49 31
138 68
133 60
125 65
139 117
113 8
15 13
104 49
57 13
58 29
131 82
55 16
102 82
72 16
51 22
103 85
44 39
126 97
136 129
121 102
121 80
78 77
88 71
45 3
127 1
65 32
94 60
105 86
98 6
70 49
131 87
133 96
114 28
8 0
139 100
98 79
40 22
118 29
118 100
125 112
92 37
86 71
96 25
138 38
90 70
107 54
73 3
112 105
134 96
94 71
107 53
89 70
93 60
112 13
133 132
62 24
127 21
45 23
127 78
124 86
109 2
111 8
73 56
42 40
77 42
126 31
80 24
124 79
58 31
63 50
123 44
35 0
132 35
124 23
133 59
106 26
120 29
117 0
128 55
139 24
81 23
95 22
124 0
105 59
113 15
84 26
113 59
121 89
119 106
65 40
75 39
113 27
41 33
101 75
4 1
121 54
65 55
93 81
106 88
106 5
122 22
91 11
13 2
72 6
95 62
122 36
117 33
95 42
83 17
108 105
139 120
105 96
67 3
103 65
103 32
77 12
123 18
90 5
86 61
49 5
129 34
88 32
37 19
83 1
114 4
138 41
112 67
128 12
137 14
49 4
139 73
52 38
78 16
132 125
127 80
78 72
83 79
69 1
19 17
91 28
115 60
39 18
103 30
139 32
118 71
121 83
14 5
132 6
124 104
92 70
77 45
106 67
91 25
101 81
106 6
72 37
136 122
111 92
110 17
66 30
101 3
64 44
127 28
129 112
83 67
121 94
67 21
82 72
72 46
130 72
138 22
27 22
43 34
92 82
39 25
79 10
63 4
63 12
63 38
104 23
118 91
139 137
50 11
121 50
103 84
65 28
40 1
119 19
133 67
124 48
85 63
7 0
65 52
70 18
92 11
101 72
111 103
112 76
53 39
129 120
66 35
102 75
62 53
68 50
105 52
81 77
58 52
77 52
90 65
106 81
31 7
107 11
55 37
113 30
135 87
94 35
120 97
120 60
86 4
67 15
119 47
121 55
117 108
115 27
78 74
62 19
109 66
126 35
80 34
136 59
32 10
84 15
63 58
79 7
120 67
39 31
120 11
52 15
64 60
112 38
123 110
114 51
128 89
126 2
91 75
55 24
139 81
118 87
131 97
131 93
119 15
128 121
129 68
78 0
116 31
90 89
129 102
116 114
88 1
109 51
66 52
124 21
101 7
21 17
117 75
119 86
115 1
36 32
117 19
27 5
110 59
124 80
122 55
102 89
126 69
134 16
106 85
18 10
136 110
92 80
116 1
132 54
115 95
130 21
117 38
132 16
40 13
90 76
114 38
125 69
64 16
112 29
94 77
133 46
99 11
93 89
98 86
75 2
91 5
96 34
104 64
71 15
97 77
70 36
36 11
53 51
125 42
63 40
42 35
17 16
130 78
120 58
65 11
87 25
63 17
111 24
133 128
61 5
77 47
112 59
80 30
53 17
125 55
128 101
57 40
137 77
65 20
66 59
66 42
73 41
99 78
115 93
131 86
54 46
65 13
58 19
119 49
139 58
130 94
115 68
109 83
132 72
100 85
63 48
108 28
66 41
117 4
35 12
107 24
16 13
103 47
38 27
114 41
89 88
25 21
132 118
57 55
134 56
109 22
128 8
127 63
111 93
32 21
97 23
114 57
117 100
139 72
81 78
100 96
68 18
133 106
22 1
135 125
127 65
90 46
126 84
137 121
62 32
134 128
88 59
49 18
116 34
77 54
23 22
136 64
116 98
112 50
113 70
96 29
56 17
46 11
136 89
99 80
138 53
113 0
40 34
101 29
134 34
121 6
122 104
129 30
51 2
90 10
91 30
137 123
87 70
63 20
74 46
36 10
36 2
120 98
121 99
79 26
137 76
74 67
88 84
92 24
120 0
66 9
45 44
129 125
53 3
15 12
44 31
27 15
103 71
68 11
136 41
43 24
118 46
115 55
93 58
46 18
35 1
129 31
122 116
100 40
112 98
128 93
114 67
97 57
105 93
86 27
91 3
82 32
101 73
107 40
19 2
31 17
98 19
136 9
111 10
75 23
54 10
94 7
34 12
66 54
84 32
83 8
115 45
95 27
90 30
72 49
139 17
68 16
101 97
96 62
117 16
105 81
71 39
84 65
87 65
107 17
74 63
107 57
84 33
75 67
126 70
49 40
76 21
70 35
123 111
91 70
112 1
126 77
117 53
138 14
124 67
67 46
128 85
56 35
122 95
132 129
87 7
124 19
59 2
115 103
125 57
136 42
81 57
84 4
122 39
115 91
34 31
119 56
97 93
136 33
35 28
125 70
95 86
96 23
86 75
98 47
56 19
136 14
131 85
62 11
88 52
98 85
129 24
76 28
50 22
75 34
81 40
76 27
123 59
128 111
45 15
103 69
88 55
95 77
60 6
40 17
41 3
112 85
57 4
69 8
86 68
86 14
95 68
56 34
45 33
95 39
127 105
129 104
107 74
123 51
48 31
133 89
78 1
90 23
79 68
82 81
136 50
31 10
139 123
48 47
109 100
83 71
139 70
9 7
111 51
20 7
69 43
57 33
136 52
116 86
56 6
93 8
80 1
129 11
101 59
127 81
89 49
120 41
124 84
101 86
71 1
42 30
104 75
102 15
132 56
132 87
84 74
139 6
115 72
54 21
28 13
114 109
61 50
98 30
28 16
116 33
28 20
120 89
127 110
31 15
136 76
107 1
127 43
93 70
139 19
111 69
67 54
64 11
92 15
133 15
138 101
14 2
136 25
86 60
115 5
129 51
90 43
70 65
81 75
139 63
72 31
139 118
50 27
41 21
122 15
67 49
100 75
86 2
94 91
84 9
108 65
126 42
101 11
66 20
19 13
65 38
133 95
128 28
52 14
139 12
132 43
104 79
105 11
110 80
21 0
74 58
38 26
75 51
72 65
133 52
104 15
104 99
57 56
65 25
70 54
76 16
106 31
84 78
127 72
114 62
85 25
96 54
49 29
139 74
84 8
103 74
102 94
25 24
114 30
78 22
106 0
85 6
75 0
71 62
130 111
73 45
64 24
83 52
131 52
64 8
56 54
33 16
23 6
89 8
52 37
66 62
108 27
76 42
65 60
78 28
118 70
87 23
116 13
80 59
101 93
86 44
137 19
121 96
137 103
109 96
102 83
50 40
121 117
100 74
18 12
47 35
128 125
60 49
101 85
137 112
97 14
119 92
50 28
128 19
107 51
118 25
96 20
135 55
119 41
87 54
95 41
113 89
73 10
59 24
65 64
119 11
88 46
55 25
56 41
86 1
128 80
114 24
123 74
125 53
139 97
120 30
111 45
23 5
10 4
135 21
100 89
58 41
115 86
82 51
80 63
71 67
43 12
126 121
72 21
89 47
85 3
39 1
125 25
113 1
126 3
126 78
79 71
36 7
70 57
121 101
119 118
31 9
131 130
115 49
59 44
123 6
30 12
137 134
43 36
109 52
96 59
133 120
111 89
115 8
97 1
58 54
125 73
108 49
102 70
107 104
105 67
38 0
70 22
128 50
104 72
81 8
120 55
133 118
123 76
111 3
93 39
131 74
130 6
122 4
129 44
138 45
122 23
38 4
123 8
129 96
137 9
72 69
15 7
64 51
136 72
109 77
105 76
119 12
138 51
132 10
91 8
124 68
79 76
128 77
76 45
104 0
130 25
129 64
83 28
84 35
81 56
108 60
128 16
94 3
138 30
137 64
69 63
70 28
115 82
134 70
127 123
131 110
117 107
37 29
64 58
124 99
99 42
114 77
139 95
102 81
48 30
85 0
138 64
111 83
139 45
14 6
18 2
65 57
29 6
87 15
108 1
110 20
115 44
50 34
66 55
122 25
134 78
60 19
89 0
71 50
98 9
119 29
101 9
100 6
72 24
80 22
102 18
86 52
42 6
58 7
105 3
89 5
62 33
33 7
98 12
59 43
126 91
122 71
120 94
73 16
60 27
102 1
42 37
81 53
87 29
76 60
123 37
121 115
51 3
104 62
125 46
33 17
47 22
111 57
65 36
65 16
107 14
92 48
79 77
126 51
126 68
104 89
115 70
103 55
74 53
136 123
44 42
78 38
113 48
77 1
93 33
134 53
13 5
135 5
102 17
136 99
123 119
49 2
139 35
122 66
11 5
80 78
32 14
82 24
115 40
33 25
132 1
137 104
131 125
92 91
97 24
97 5
37 34
125 23
107 70
59 17
139 13
20 1
127 57
115 102
128 88
129 93
112 16
76 64
126 99
49 11
106 44
138 16
47 16
134 93
71 5
71 13
71 8
76 38
61 22
115 77
114 45
89 27
125 82
132 13
72 10
44 4
106 53
133 17
119 25
114 26
132 94
133 6
125 3
90 26
84 29
138 67
114 68
47 20
71 26
99 87
35 16
127 20
123 40
109 44
109 49
136 84
63 49
128 86
132 18
43 5
80 49
107 65
92 7
131 72
111 85
128 52
137 70
117 41
132 33
24 19
137 30
125 81
48 0
65 62
96 47
132 66
78 13
102 23
57 2
123 93
136 70
38 24
124 78
129 2
107 0
85 34
101 46
87 58
108 48
44 21
92 51
96 61
99 1
68 64
63 30
110 4
103 9
127 93
112 84
50 8
103 19
103 61
123 112
100 9
50 12
36 23
73 29
120 88
87 8
24 12
124 6
115 25
132 32
116 65
46 37
112 2
125 67
95 34
44 15
71 52
136 86
87 33
11 2
70 13
126 61
87 50
137 95
76 75
99 8
82 38
102 60
93 90
111 32
98 90
76 46
127 53
124 54
93 13
62 23
98 15
57 1
55 46
125 4
110 71
106 105
102 24
112 99
121 45
121 51
71 41
95 76
128 60
72 5
93 43
84 7
127 42
86 24
100 47
134 66
105 48
81 50
112 60
121 56
107 55
111 38
25 7
90 81
51 41
107 101
103 49
138 6
57 31
117 98
119 117
77 15
112 86
129 28
47 42
25 9
43 17
109 5
57 46
124 81
63 27
85 61
116 11
71 66
110 8
103 24
104 97
138 99
71 56
125 122
86 58
76 14
134 44
137 131
49 23
134 30
100 27
128 113
120 86
12 3
138 10
48 14
30 17
123 78
116 25
127 51
57 11
123 66
38 25
87 21
100 87
85 35
84 51
108 81
130 7
135 52
126 28
106 100
67 51
112 41
112 44
111 58
119 62
82 30
103 23
102 6
43 19
76 63
121 47
125 51
129 86
122 111
111 31
104 32
126 6
117 65
114 110
58 49
127 55
118 94
69 0
31 8
65 10
130 88
114 59
81 11
133 70
128 71
107 95
50 49
57 53
138 29
125 43
64 14
139 69
64 32
138 94
67 66
112 65
112 15
29 28
71 33
112 32
69 68
102 92
120 38
82 23
136 79
17 15
37 9
101 15
47 39
32 29
83 51
120 10
57 29
126 113
54 14
134 86
34 24
67 39
100 32
119 57
55 54
99 58
50 15
90 18
127 25
97 39
128 18
127 38
121 76
135 15
127 37
108 17
129 81
31 27
65 8
78 71
104 38
136 107
72 47
128 43
87 43
128 115
107 31
91 22
66 8
72 62
113 33
128 59
119 81
84 43
79 5
78 63
11 9
82 14
80 66
97 70
46 30
85 46
74 27
68 53
121 13
97 27
127 86
110 106
83 41
69 35
82 8
129 77
122 108
29 24
116 14
25 23
79 41
121 98
113 21
46 5
119 0
97 79
37 1
124 9
135 39
103 59
96 94
78 33
128 6
25 13
116 81
91 6
62 57
68 44
120 113
103 91
69 58
90 37
139 39
127 50
87 4
76 22
93 52
57 21
48 35
115 32
30 24
14 3
44 5
84 53
32 8
120 16
127 100
64 39
129 97
136 32
61 45
102 55
100 78
116 83
127 61
80 13
131 127
105 54
131 41
103 39
97 47
131 0
127 13
132 86
139 5
105 74
93 15
137 108
127 121
58 43
48 46
127 54
103 86
70 41
121 34
48 43
138 47
100 42
70 47
39 21
26 7
125 49
114 44
94 63
138 17
130 105
47 8
75 45
99 37
139 16
110 60
39 29
86 80
101 4
17 5
87 3
129 113
91 78
139 94
82 10
40 33
139 131
45 5
137 49
110 12
54 40
112 94
83 27
131 115
86 85
82 80
102 32
102 35
129 85
100 73
129 107
45 29
79 63
74 51
93 38
130 60
89 11
106 12
5 2
119 3
35 4
67 52
136 60
80 61
74 48
104 88
121 31
44 17
126 83
123 98
101 71
12 6
110 13
90 15
134 35
135 111
127 99
133 74
135 70
112 40
108 101
120 13
117 97
97 59
50 23
77 24
113 84
69 45
119 98
128 56
96 26
119 93
69 10
105 22
122 99
82 26
43 13
127 40
108 99
84 75
91 86
54 50
128 29
131 35
106 56
82 47
107 15
132 4
93 42
19 5
82 57
101 52
100 19
94 36
72 11
104 61
123 65
89 60
53 40
54 41
42 28
138 121
71 18
77 13
27 9
97 16
137 111
34 33
98 96
70 24
41 36
85 62
128 65
27 3
51 18
112 110
130 109
138 25
38 30
107 10
121 79
133 27
131 50
107 25
78 15
109 97
113 29
129 65
111 105
99 35
113 90
64 34
111 6
90 40
136 54
40 0
121 42
8 1
119 79
90 49
126 111
36 9
118 85
130 59
49 6
91 85
5 3
54 42
10 5
126 94
127 76
97 26
121 74
38 7
131 58
117 106
133 85
50 25
106 8
115 35
138 46
131 42
122 113
55 8
137 60
136 56
135 13
88 74
131 36
82 76
86 12
106 89
25 11
127 27
43 21
72 44
66 48
46 13
37 10
54 26
136 96
132 45
80 18
131 1
40 14
49 19
75 65
124 73
129 45
94 73
74 11
139 18
83 0
85 26
92 67
120 112
116 49
119 85
56 30
59 23
81 21
109 74
106 32
116 5
125 95
118 62
58 15
51 6
72 15
60 16
97 2
51 45
132 20
138 81
132 50
124 35
91 57
77 38
56 0
106 28
57 52
28 0
107 69
97 15
85 22
17 6
94 65
77 35
83 19
126 5
51 28
125 27
117 63
112 97
111 56
91 21
120 6
115 43
110 62
65 22
124 121
102 99
107 105
95 31
96 81
108 78
87 24
96 67
28 2
78 46
92 69
132 62
139 47
29 0
103 56
131 8
122 118
71 46
93 74
87 51
129 50
133 111
108 72
17 9
77 59
81 34
60 31
127 106
26 25
55 2
134 118
128 5
96 53
97 53
98 16
132 98
23 8
70 19
67 50
72 33
139 62
79 19
112 81
28 9
120 99
69 61
125 32
120 20
72 67
32 15
136 36
110 93
91 46
124 91
91 48
124 24
90 20
113 111
138 12
111 20
90 75
133 32
23 20
72 38
91 88
70 7
81 1
58 24
134 75
63 21
84 13
122 34
74 31
137 52
96 52
66 60
109 106
132 119
134 49
117 111
136 43
125 9
105 0
134 50
88 56
50 6
136 47
100 59
99 63
135 108
52 39
124 36
138 76
59 47
117 3
90 36
84 71
60 20
135 24
83 77
89 4
131 108
108 100
100 52
53 4
107 20
32 0
132 95
130 85
21 15
91 49
68 52
25 22
137 41
39 11
109 6
125 87
36 15
131 11
84 19
112 43
68 59
116 95
134 21
137 56
107 78
126 80
84 27
88 83
135 46
87 57
71 38
66 25
67 29
110 48
116 73
50 24
138 44
61 11
41 40
112 87
61 39
102 65
48 17
28 4
115 111
123 102
127 73
82 37
78 20
46 38
51 46
132 88
104 59
16 7
108 20
121 3
58 38
138 88
102 59
132 42
114 18
132 47
82 22
63 25
94 79
124 112
56 24
110 16
120 46
66 22
28 21
67 2
97 91
128 9
120 114
125 118
100 99
130 15
59 37
53 0
60 47
118 13
109 103
73 17
23 4
36 17
63 60
69 28
94 9
120 116
138 9
102 91
55 13
88 67
78 4
124 47
114 20
4 0
73 21
23 2
121 110
130 122
44 33
78 42
78 70
107 36
53 45
117 49
119 43
113 100
111 71
93 44
121 82
78 25
45 26
133 13
112 58
61 16
95 16
119 69
71 37
64 52
88 31
103 66
122 83
123 54
67 6
35 31
63 1
118 11
69 19
18 15
37 23
88 10
30 23
119 67
31 0
70 26
92 64
98 34
84 46
139 56
114 108
65 39
56 15
82 2
105 102
74 42
44 34
121 64
127 46
30 13
31 5
128 106
129 95
39 17
73 67
82 55
48 7
136 66
79 29
137 136
133 126
99 57
129 13
83 78
133 63
107 98
107 28
94 22
92 28
123 99
124 32
89 52
131 19
132 111
134 4
124 14
56 33
52 22
121 11
107 89
60 25
135 105
133 99
112 90
138 24
62 40
79 28
74 24
80 20
95 69
123 72
121 91
132 29
67 11
88 37
36 20
95 58
105 75
111 7
99 2
106 7
138 77
100 13
135 101
27 7
112 106
112 39
134 40
70 62
62 5
107 2
12 9
87 31
87 66
139 60
77 46
121 71
128 45
32 5
51 5
47 17
40 23
125 10
53 52
85 9
65 51
55 33
83 48
47 25
93 84
106 79
118 67
94 50
113 101
68 10
112 68
103 72
21 9
58 25
99 40
104 66
110 2
134 41
131 60
103 100
89 28
93 24
122 53
55 17
135 53
79 34
88 57
121 120
54 5
73 2
132 97
97 41
120 76
113 76
106 55
126 57
55 3
71 7
112 80
54 28
69 9
70 64
12 4
136 112
125 76
132 70
88 58
86 7
77 19
106 68
93 20
130 45
116 27
34 29
69 17
98 67
98 58
43 30
105 104
88 70
79 60
85 39
83 3
134 105
41 25
102 30
47 12
137 122
134 87
70 40
132 109
58 32
92 21
115 28
44 32
133 103
120 84
138 50
99 23
131 105
112 91
7 6
133 109
53 5
118 95
110 21
120 78
129 111
84 57
76 4
31 28
98 81
57 50
119 89
96 6
44 3
64 62
119 21
46 28
84 59
131 89
81 10
82 25
128 92
108 50
131 71
84 76
61 27
55 47
85 20
114 102
91 55
20 9
62 14
135 20
127 102
124 11
33 20
116 8
117 1
124 72
115 58
125 35
136 113
131 46
103 101
62 43
84 62
64 53
71 4
122 120
103 77
57 6
109 71
57 0
103 95
135 12
127 92
81 7
59 32
45 8
125 100
118 78
78 3
129 3
132 120
104 30
81 14
132 21
124 29
72 8
41 20
89 75
57 54
22 2
37 20
91 24
130 30
116 109
88 77
108 64
80 79
62 56
21 10
20 10
122 84
81 49
139 101
125 89
114 112
118 102
118 86
38 31
62 49
117 109
115 83
112 14
80 33
99 97
94 31
46 27
85 17
91 38
68 29
108 53
52 43
132 117
75 1
60 15
60 40
139 55
113 66
63 57
132 3
37 31
16 9
76 9
93 27
90 85
135 97
86 6
132 12
61 30
40 28
125 91
69 24
34 0
81 59
93 17
120 24
99 18
131 33
95 66
79 55
57 49
138 48
130 58
63 53
104 9
75 4
78 6
133 105
128 37
61 0
95 71
104 2
92 65
89 58
108 91
123 55
70 39
119 64
81 0
51 12
136 31
132 9
101 58
111 63
83 39
108 57
84 41
119 80
43 6
41 13
130 29
81 74
122 56
70 69
49 37
119 45
101 44
139 126
89 50
27 21
103 10
132 84
114 8
134 122
107 88
137 2
88 39
112 64
37 16
136 131
95 38
85 10
138 132
130 95
94 51
93 30
99 9
63 2
38 12
134 92
84 44
115 22
66 64
132 67
136 16
131 27
102 93
120 103
84 18
100 66
63 34
36 21
104 37
91 89
40 4
75 72
101 53
122 98
121 30
120 44
98 77
102 22
21 19
6 1
105 66
26 17
79 67
102 98
110 98
51 17
136 77
110 30
72 54
137 71
14 0
96 2
33 18
118 98
126 7
73 28
35 14
103 18
127 85
63 18
77 27
85 54
88 25
58 27
54 48
133 45
137 130
90 80
150 96
110 1
168 49
232 181
123 98
231 69
105 13
101 82
103 38
197 10
213 36
227 97
216 37
115 92
84 42
155 126
225 28
199 42
221 3
191 133
199 79
98 55
207 150
157 117
197 115
212 5
199 190
120 107
204 2
203 31
202 23
196 16
74 36
176 170
199 157
70 20
229 7
128 60
214 126
118 108
69 52
58 25
196 25
223 42
147 89
54 36
222 127
186 183
224 95
178 42
182 120
19 2
111 61
151 104
221 169
210 75
73 41
192 89
128 13
181 179
135 72
228 95
224 152
224 219
49 26
226 206
127 31
14 11
215 198
235 56
134 1
199 140
82 37
216 30
166 52
86 56
145 32
154 78
128 37
128 19
181 114
140 21
216 27
55 42
133 60
54 32
129 121
168 127
205 161
234 170
167 10
124 58
220 26
186 111
239 17
129 59
71 36
212 90
166 51
218 61
208 172
117 71
129 18
211 204
177 119
72 42
191 57
204 51
22 0
199 182
174 90
116 98
221 59
226 35
183 22
81 62
182 93
160 7
229 54
154 119
125 113
220 151
192 62
197 93
220 22
202 19
173 13
188 166
24 10
199 35
198 86
164 68
186 47
185 113
28 24
155 36
62 44
55 30
193 102
212 37
115 13
179 33
236 1
189 120
232 123
234 212
167 70
223 211
179 79
148 14
146 42
235 89
118 96
191 123
132 17
177 106
6 3
200 91
106 99
228 163
133 79
21 3
191 74
21 0
209 124
112 93
176 100
228 140
224 191
225 67
218 7
206 200
161 76
43 4
238 73
104 3
21 8
233 220
86 60
76 39
171 70
221 117
139 49
213 37
32 2
127 110
119 17
208 5
140 103
114 33
176 27
183 124
231 184
134 4
216 109
177 105
41 18
140 97
112 74
147 135
208 95
166 56
143 110
144 37
130 60
231 13
141 23
225 136
194 74
223 80
183 179
220 219
195 88
115 53
151 20
66 3
228 213
221 42
220 167
215 133
197 39
187 149
117 94
18 4
198 36
81 18
223 202
217 16
167 53
102 55
152 107
194 89
13 3
148 116
80 38
224 86
139 64
148 43
214 91
30 29
31 0
165 121
76 72
206 133
94 69
133 24
98 81
174 112
145 27
152 104
233 43
156 94
212 127
95 24
206 140
118 89
99 98
31 25
181 39
75 9
81 39
239 142
202 8
47 9
143 108
233 118
82 15
152 1
162 132
177 98
116 79
118 111
167 135
227 155
79 57
142 2
197 177
81 65
231 92
189 141
164 91
195 39
148 129
179 165
166 126
155 1
81 36
234 36
102 14
205 45
96 1
96 89
109 38
235 127
238 17
105 73
206 0
104 42
199 122
94 88
190 124
174 150
125 124
184 111
146 11
113 23
213 200
146 2
171 114
181 56
115 110
42 18
212 142
124 65
214 74
208 68
221 31
228 127
202 22
144 46
32 16
60 58
130 33
210 196
61 59
115 111
186 154
225 135
163 154
206 28
189 187
208 11
187 41
51 37
176 61
137 35
231 143
103 102
102 36
144 81
163 84
144 41
115 68
150 25
235 156
125 42
86 80
232 179
172 42
122 77
206 32
144 98
78 12
213 173
187 170
100 45
198 61
198 73
195 35
230 76
189 168
214 208
143 40
184 83
178 98
163 27
120 33
191 90
167 38
132 55
237 133
179 27
225 24
90 45
132 51
168 19
126 117
110 68
233 65
60 32
210 140
212 154
110 74
64 1
211 31
237 61
210 57
202 71
224 141
159 94
134 59
205 194
49 41
188 98
221 54
136 84
200 192
233 17
163 108
124 24
166 100
177 67
99 8
34 20
227 3
109 5
144 65
9 6
131 78
188 116
119 59
219 64
182 172
137 57
210 5
212 36
237 127
228 83
161 54
99 89
99 22
233 205
210 156
187 167
66 1
204 67
110 34
188 63
177 31
178 88
207 178
192 152
38 35
183 135
92 1
91 82
204 155
186 113
50 16
202 83
127 5
191 187
156 109
221 174
36 26
155 142
109 46
154 22
191 158
187 100
134 55
130 32
222 74
184 167
190 16
228 32
169 14
215 76
202 82
155 9
137 37
229 31
143 100
185 173
90 36
177 146
121 73
198 181
176 152
234 224
78 66
102 73
127 94
173 160
199 115
186 157
134 37
189 109
198 100
128 15
176 48
177 50
31 1
89 70
138 101
158 73
110 9
205 69
35 31
101 65
152 78
225 97
199 43
197 70
123 57
198 26
224 197
65 48
223 217
73 46
200 29
152 142
85 72
144 5
83 35
48 37
226 205
97 43
197 116
109 100
74 16
132 0
180 39
220 117
188 3
172 78
91 38
236 84
149 36
81 27
237 74
79 1
201 174
178 85
238 159
226 25
154 63
151 28
235 51
231 7
162 3
234 91
234 48
166 65
85 70
71 31
237 180
206 19
167 166
32 3
195 181
116 91
144 60
125 106
124 35
213 206
85 33
166 20
238 1
200 48
140 75
152 92
231 152
167 27
103 50
132 63
113 50
224 181
102 32
221 105
35 5
104 66
239 146
127 84
204 198
196 99
39 27
206 84
148 104
183 139
136 106
237 42
215 208
166 50
179 113
172 114
115 9
225 0
147 62
142 77
223 87
192 178
153 32
215 84
52 28
95 3
170 66
205 89
205 52
177 154
204 77
122 114
143 19
37 11
189 151
155 25
156 86
224 133
47 19
120 11
185 11
207 81
201 74
231 156
170 84
96 51
227 211
185 29
216 139
135 68
116 45
123 1
181 171
188 181
57 22
49 15
110 16
91 7
195 18
190 88
231 37
94 0
207 63
188 157
236 87
186 8
170 148
228 142
207 128
220 115
228 179
166 98
60 23
177 94
211 4
235 220
167 149
199 132
144 61
193 160
129 34
203 136
229 216
151 15
139 62
230 28
219 39
179 148
198 55
107 83
203 20
212 86
60 38
215 19
120 28
175 101
135 102
233 4
229 117
237 11
226 190
78 17
133 30
219 30
145 11
209 5
132 108
162 65
202 43
97 72
143 83
189 17
97 58
141 36
229 224
182 84
204 86
189 10
188 70
179 97
130 105
223 92
170 135
196 50
175 160
172 145
41 28
89 83
182 109
207 67
231 136
176 96
130 80
230 49
93 41
159 18
129 90
203 196
186 162
114 16
194 161
205 46
163 72
87 26
117 113
138 70
223 188
156 31
129 119
158 107
143 127
153 103
230 92
161 146
92 76
201 149
225 57
196 17
118 99
204 151
167 30
182 67
166 80
214 87
182 69
160 159
2 0
220 135
158 48
187 144
162 68
194 174
75 43
88 70
121 86
210 118
67 43
231 224
126 18
211 187
205 4
215 214
213 152
124 103
239 222
162 146
184 112
139 15
133 5
186 45
133 47
212 205
41 36
194 58
174 53
170 157
196 186
178 16
231 163
119 44
239 60
126 120
46 5
174 6
133 105
190 150
103 51
128 64
214 68
88 50
151 36
118 107
219 117
141 94
133 29
176 86
92 34
141 83
41 38
210 21
156 65
233 199
225 82
201 85
217 14
123 12
232 4
85 34
214 144
139 83
222 104
77 28
49 5
174 99
70 0
177 115
73 21
110 56
207 68
125 48
225 198
178 9
113 111
217 18
228 174
69 60
129 99
223 145
153 93
226 153
228 86
213 175
230 50
198 192
137 34
52 43
216 150
74 64
114 96
195 149
113 74
61 50
229 48
60 51
199 112
188 38
141 102
161 70
136 21
229 60
87 41
231 188
234 156
88 9
77 32
138 122
199 16
197 140
146 0
192 137
155 61
223 124
227 204
194 19
66 28
230 191
148 81
225 64
195 67
227 203
236 6
47 34
119 25
227 136
183 178
210 154
154 134
42 30
187 49
191 184
180 8
223 181
160 36
190 166
216 196
63 10
86 19
132 90
183 111
60 42
31 22
196 139
147 130
214 11
197 1
104 88
80 54
98 58
216 11
157 90
123 66
197 129
221 27
207 168
197 47
217 180
121 9
196 148
58 0
131 57
146 29
199 51
40 3
170 4
214 192
198 155
183 90
187 86
120 116
210 114
106 70
150 14
235 207
165 119
102 39
50 13
195 174
223 205
135 7
150 51
130 104
167 41
234 207
179 133
164 30
186 91
202 112
214 117
36 19
204 14
120 84
160 5
228 69
182 132
186 153
228 134
212 155
228 115
207 33
85 77
215 179
157 42
78 61
168 128
191 152
173 93
126 83
204 63
216 9
214 98
96 53
190 122
235 209
66 41
134 125
181 127
57 29
106 63
226 97
236 86
226 10
144 50
215 54
225 68
222 132
208 109
232 162
142 19
112 83
117 33
202 88
117 37
183 52
159 54
161 4
212 79
172 116
168 136
216 53
112 102
219 9
191 50
174 136
237 104
219 145
189 38
233 117
220 111
152 25
94 31
62 10
228 48
100 34
202 200
74 67
65 41
163 69
216 78
189 25
207 84
174 160
181 33
217 214
223 142
224 145
180 137
38 7
181 93
196 147
171 23
105 16
216 81
235 17
157 0
154 113
82 17
236 11
46 42
30 18
96 5
196 113
163 127
229 121
189 188
226 116
238 148
231 164
214 185
162 45
30 17
189 47
209 103
159 16
161 147
227 58
179 31
110 53
234 121
61 34
191 8
204 42
166 23
150 5
158 89
166 116
94 56
205 110
195 175
211 119
178 53
201 42
192 40
96 68
168 103
178 27
111 18
130 25
133 88
126 73
201 33
213 61
87 64
207 206
182 38
142 61
169 8
114 100
136 5
105 47
157 154
105 22
106 31
192 172
141 116
185 149
50 37
149 93
168 70
77 33
106 29
190 8
116 37
194 56
70 4
83 66
187 151
139 42
92 11
227 151
137 24
218 2
177 53
148 137
97 46
165 14
226 7
222 187
239 30
235 103
180 93
159 111
105 69
224 40
87 57
28 19
221 133
86 68
134 87
154 69
210 76
116 9
148 91
182 94
189 29
125 45
160 141
219 202
107 82
24 20
49 47
199 117
67 5
142 125
154 105
184 64
123 22
176 1
156 3
140 135
87 60
193 71
123 48
221 48
196 143
226 216
175 92
128 4
238 123
201 45
228 181
156 112
105 54
238 189
201 172
147 90
201 147
203 121
182 79
220 77
31 7
208 145
29 17
151 32
89 13
215 38
166 115
125 49
202 18
216 195
50 22
119 103
207 72
104 4
135 110
104 34
89 74
65 47
215 6
21 12
197 161
129 38
205 0
229 69
64 32
219 217
196 38
189 36
202 117
80 19
150 65
114 70
214 131
116 52
143 73
143 33
190 93
193 46
207 9
42 24
196 191
155 10
69 1
231 134
229 9
238 90
104 102
225 22
98 70
220 0
119 74
155 111
176 63
157 41
165 67
214 75
220 42
161 20
217 206
203 43
108 81
127 1
217 102
71 0
235 165
144 136
170 97
236 77
66 61
205 60
190 77
238 77
214 130
86 35
59 25
213 165
188 140
94 71
34 14
66 30
138 127
83 63
231 186
95 31
176 161
84 70
225 83
222 100
106 9
208 88
149 131
98 64
200 22
188 168
185 28
96 33
224 74
168 165
239 108
99 16
238 10
92 39
132 44
197 94
223 28
100 35
204 137
136 95
156 69
85 26
67 28
106 27
177 20
224 50
222 61
169 58
109 87
135 69
74 33
202 93
165 151
140 35
178 136
214 30
75 42
158 134
218 49
93 5
216 42
215 97
192 188
93 52
222 199
190 181
85 57
97 35
228 92
53 2
164 28
212 22
138 120
49 31
230 157
212 52
189 98
236 60
172 53
156 51
99 46
98 62
117 98
233 51
184 49
211 30
195 131
234 148
109 34
78 59
63 57
205 97
185 119
155 4
214 35
63 59
175 52
114 89
91 70
40 36
176 111
207 177
95 36
100 47
234 205
79 53
184 159
91 9
231 12
124 104
61 25
225 107
209 36
164 121
202 97
84 5
211 65
75 39
231 105
125 87
209 19
191 98
55 16
189 58
237 153
239 11
165 159
88 58
164 88
216 48
224 104
190 21
59 18
163 87
122 50
98 42
126 72
209 12
196 89
221 193
128 87
101 37
182 46
180 87
67 49
172 84
225 25
235 143
99 94
127 36
138 52
104 44
237 36
67 54
75 21
196 76
173 1
187 78
128 49
145 134
204 140
87 2
149 43
182 105
167 109
145 117
165 117
128 35
129 40
217 172
191 88
137 107
171 78
183 137
235 41
137 110
184 55
157 28
215 71
212 91
13 8
139 121
83 75
195 159
160 88
121 75
163 120
89 49
238 3
76 56
224 27
102 19
34 18
232 147
201 70
153 55
185 184
36 12
225 120
21 15
71 69
230 89
53 13
204 133
157 24
209 14
229 141
156 9
80 8
142 106
158 66
204 5
201 94
144 82
145 24
217 39
221 55
50 9
236 217
96 37
68 34
95 49
91 64
183 59
212 126
45 33
186 43
103 42
227 125
188 155
130 4
191 121
75 41
86 11
175 137
194 116
168 63
217 15
144 106
59 51
233 161
216 41
219 203
217 159
182 14
217 35
148 47
169 88
85 20
52 41
99 42
151 144
114 43
203 175
237 20
126 7
158 41
238 68
218 172
169 36
210 61
60 55
199 158
143 21
217 139
227 8
232 205
130 57
178 103
5 4
55 26
140 53
101 72
226 119
135 43
73 62
177 141
61 2
172 34
237 1
174 66
203 11
76 14
47 39
46 27
86 0
115 12
238 9
238 2
210 3
233 69
182 48
45 5
152 20
231 127
81 14
223 53
175 169
155 66
112 27
174 60
223 154
96 28
196 153
125 23
190 107
121 38
46 29
179 178
135 22
140 40
224 119
212 1
170 34
221 188
186 63
189 100
130 46
185 42
215 199
226 217
167 137
207 165
191 51
128 62
68 60
223 79
123 2
129 31
174 26
66 58
214 187
150 7
237 68
132 56
214 181
49 7
79 27
113 5
145 54
129 68
167 99
188 170
143 58
66 4
193 182
150 12
132 34
201 73
163 121
118 58
170 168
172 52
190 63
202 109
130 39
212 185
158 152
131 79
67 27
194 73
24 21
238 125
157 108
202 167
232 161
124 78
212 190
150 68
218 79
237 17
186 70
229 82
163 24
224 150
104 43
222 110
191 75
140 123
118 25
219 67
214 116
103 23
229 102
22 6
80 18
175 167
125 91
230 156
221 10
123 87
133 106
47 41
180 50
161 80
224 201
171 116
65 1
113 44
192 134
40 2
217 38
185 143
218 161
222 214
164 62
122 61
211 122
147 21
110 26
219 147
127 99
215 26
176 58
235 82
132 45
153 131
212 53
181 136
185 148
219 172
139 132
206 134
88 22
134 7
47 37
66 52
65 57
97 87
45 19
214 42
233 87
104 30
219 126
181 8
207 182
195 62
157 37
200 30
128 1
239 176
228 53
213 210
239 45
198 58
88 16
185 100
237 203
153 46
235 49
89 7
182 111
177 19
201 183
126 76
122 21
145 22
129 63
170 166
193 138
230 58
208 156
155 110
179 30
149 6
94 45
79 28
194 14
192 156
230 3
230 25
107 57
190 160
62 4
131 89
149 0
86 61
62 49
172 10
207 125
131 113
153 25
111 59
193 31
60 39
196 161
220 128
232 46
230 105
85 44
101 90
132 1
165 92
204 184
143 90
181 73
138 59
45 1
172 109
151 59
74 3
219 120
154 60
119 21
183 2
186 168
195 48
134 116
114 113
103 36
177 156
134 14
12 1
93 59
207 97
190 145
155 14
156 77
206 75
217 20
98 24
235 59
230 146
229 81
176 54
123 77
36 5
77 10
203 86
155 44
150 42
226 62
211 71
157 91
144 142
156 70
207 61
132 73
226 180
235 148
90 39
120 54
158 155
125 98
194 21
80 25
221 52
67 1
52 18
235 188
224 198
177 175
218 137
154 0
236 64
220 218
179 92
83 15
213 191
94 40
134 95
186 48
191 179
201 53
168 1
180 69
217 203
157 132
163 103
157 145
153 92
229 211
177 126
181 12
214 152
160 15
159 146
89 12
112 10
158 53
189 170
171 18
216 21
211 182
124 10
75 70
167 132
216 28
221 183
170 163
215 40
45 38
209 76
57 33
181 20
213 86
207 155
196 7
192 191
155 22
164 123
29 1
219 83
54 46
213 148
73 29
144 53
190 141
220 33
107 3
200 106
95 88
174 172
114 103
201 135
109 75
211 192
208 133
196 166
103 100
107 93
213 83
157 139
168 64
237 47
127 108
232 130
159 36
220 207
212 93
233 175
104 7
114 12
226 193
225 182
228 122
190 89
204 104
90 9
76 33
156 73
214 212
175 19
200 180
117 88
233 136
115 85
215 143
179 162
106 18
78 40
136 7
204 150
216 181
226 5
16 6
144 23
208 110
219 173
194 68
171 25
95 54
54 37
205 70
199 96
200 78
135 63
128 54
139 10
41 32
131 99
202 121
86 28
146 118
138 121
229 150
237 60
199 160
223 164
202 106
228 120
218 102
154 120
31 24
206 34
190 71
184 119
137 128
125 3
183 160
232 80
136 80
210 79
70 14
190 13
161 62
116 99
237 112
161 142
81 74
202 31
99 6
66 63
228 159
23 4
108 68
165 58
120 103
60 8
36 32
157 106
220 144
212 130
140 51
232 75
146 97
151 140
123 110
59 17
230 200
201 176
136 37
54 34
120 13
203 195
87 80
223 18
164 86
188 93
155 16
233 42
134 5
198 114
167 40
220 103
219 168
164 24
154 68
209 54
134 86
226 175
150 74
198 0
236 186
141 7
220 95
209 123
87 32
191 155
17 11
175 38
224 151
190 112
203 166
235 31
163 110
178 72
227 186
207 116
138 17
233 109
219 55
175 153
84 72
220 126
85 62
136 90
142 59
143 79
141 29
239 40
140 59
20 0
183 130
208 164
217 104
106 50
124 12
144 119
106 78
179 112
238 38
129 104
231 131
150 4
175 116
223 104
216 7
222 186
129 100
163 48
147 30
154 106
236 50
188 99
213 47
46 12
235 177
212 208
157 47
85 8
224 19
143 27
211 154
177 92
98 61
160 37
202 194
227 185
82 74
172 76
146 99
232 33
239 15
187 150
217 73
238 184
145 90
187 19
202 2
141 112
61 9
212 131
120 69
188 153
137 40
195 94
217 153
164 27
209 146
191 171
234 16
189 158
209 159
135 33
78 44
136 131
197 118
235 35
212 175
166 46
138 103
208 129
171 79
133 125
146 68
207 109
153 37
47 3
234 159
117 0
145 64
121 68
51 5
172 63
67 15
224 47
195 93
226 170
174 65
217 90
214 139
157 126
171 136
125 64
172 92
217 101
102 76
212 67
149 65
165 80
233 8
228 76
26 19
63 39
238 213
82 43
124 41
94 72
140 76
104 27
168 99
190 156
145 61
144 15
154 97
83 18
158 1
153 146
107 35
175 115
199 27
220 155
121 72
187 169
164 3
175 66
144 124
60 29
38 22
231 95
112 100
179 158
124 17
132 28
112 91
156 108
178 51
149 17
160 74
219 4
149 94
148 114
163 128
204 19
223 9
191 69
145 5
187 30
221 47
183 161
225 158
142 65
99 49
80 76
212 167
79 33
234 33
196 194
68 56
34 1
220 86
199 164
132 14
51 10
215 48
217 91
182 151
239 182
160 99
48 39
75 0
127 81
151 72
208 15
142 103
166 134
98 39
154 129
206 170
162 61
114 32
77 61
194 26
151 71
89 67
84 20
182 163
133 33
44 24
227 226
162 64
79 37
229 24
209 136
214 149
50 34
230 126
173 119
156 118
204 47
207 94
163 88
205 103
114 14
160 60
83 2
145 98
208 101
203 35
239 85
140 138
129 96
114 101
234 166
186 92
141 105
130 65
179 50
200 92
197 15
168 115
114 18
144 25
63 53
210 167
199 141
230 29
147 53
171 131
228 40
200 82
156 148
206 8
187 104
97 3
128 33
47 2
187 12
203 9
178 28
158 58
32 1
189 53
110 46
124 83
81 6
129 23
48 10
136 126
140 55
145 110
111 88
180 124
102 23
114 56
218 72
213 20
86 22
225 140
201 34
169 126
95 84
120 21
239 80
239 51
162 160
130 93
177 64
77 54
51 50
209 198
190 129
75 23
203 81
169 65
131 83
142 129
232 172
224 79
218 198
225 191
226 81
136 78
236 172
92 7
84 63
159 59
199 95
97 48
65 44
104 81
190 135
87 48
207 71
37 32
122 62
199 168
218 10
193 98
166 158
229 42
173 60
185 22
237 144
225 169
239 97
169 159
154 112
229 198
223 90
161 115
196 174
170 41
174 116
114 39
179 146
71 49
197 81
234 194
157 119
164 159
63 11
170 132
79 46
195 133
126 67
192 1
177 51
191 60
140 37
218 122
126 80
239 93
232 101
193 121
139 86
223 95
232 195
183 48
213 49
213 28
154 10
178 94
216 49
202 168
200 141
22 13
193 62
222 99
198 150
48 19
54 14
219 150
123 96
237 118
189 111
66 65
182 150
164 54
208 80
48 43
221 140
86 84
180 84
156 13
181 53
148 87
219 125
158 3
136 19
112 84
166 53
56 22
226 115
197 103
212 157
225 207
122 26
225 91
207 110
210 113
101 98
235 68
219 139
59 3
82 58
120 39
217 142
169 32
172 103
111 77
163 93
186 3
202 59
173 34
164 17
135 85
224 75
140 87
217 85
152 133
40 11
93 55
129 106
123 114
227 161
181 175
215 205
168 124
162 94
108 89
142 26
157 52
92 26
55 54
227 20
81 19
133 114
150 112
138 51
114 93
42 4
236 38
142 113
208 112
163 138
226 12
14 0
159 76
174 67
148 134
98 36
211 43
218 153
171 40
100 13
144 40
140 10
118 32
236 20
220 146
188 145
119 24
229 182
194 18
127 18
127 82
232 155
152 145
191 108
205 41
203 178
70 41
109 73
112 24
36 14
17 10
180 1
149 24
236 61
228 44
196 172
158 87
203 80
195 142
206 44
96 49
224 124
170 35
195 113
182 85
204 70
169 29
187 2
176 16
234 86
165 112
96 62
77 68
50 26
226 168
202 113
210 111
130 30
181 106
147 26
83 25
185 63
211 83
113 42
141 11
204 123
95 92
176 104
92 38
133 22
238 198
228 157
87 63
126 74
98 32
96 40
205 118
146 6
30 26
90 65
211 56
212 34
205 126
177 33
204 20
202 174
173 137
230 4
136 119
81 7
232 13
124 76
203 88
71 56
55 6
