7 
1 0.0001020000 0.0001100000 0.0000820000 0.0000840000 0.0000810000 0.0000820000 0.0000820000 
2 0.0007280000 0.0006960000 0.0006930000 0.0007480000 0.0007170000 0.0006930000 0.0007080000 
3 0.0042460000 0.0040530000 0.0040270000 0.0042590000 0.0040700000 0.0040380000 0.0043050000 
4 0.0165030000 0.0157160000 0.0159730000 0.0164110000 0.0164810000 0.0158750000 0.0161260000 
5 0.0417830000 0.0414540000 0.0421320000 0.0415100000 0.0422570000 0.0418160000 0.0426810000 
6 0.0611270000 0.0546390000 0.0545570000 0.0543470000 0.0543550000 0.0542000000 0.0544560000 
7 0.2541880000 0.2497660000 0.2500790000 0.2508190000 0.2521650000 0.2512990000 0.2498110000 
8 1.0479120000 1.0578570000 1.0591630000 1.0455160000 1.0563130000 1.0517650000 1.0593760000 
9 3.2962440000 3.2977870000 3.2979300000 3.3064340000 3.3055000000 3.2884860000 3.3030690000 
10 8.7425160000 8.6862220000 8.7570780000 8.6866740000 8.6981530000 8.8305870000 8.6710240000 
