7 
1 0.0000410000 0.0000270000 0.0000270000 0.0000260000 0.0000260000 0.0000270000 0.0000270000 
2 0.0002660000 0.0002480000 0.0002490000 0.0002730000 0.0002490000 0.0002490000 0.0002480000 
3 0.0019280000 0.0019010000 0.0019580000 0.0020480000 0.0019430000 0.0018860000 0.0018950000 
4 0.0095850000 0.0098590000 0.0094820000 0.0097630000 0.0095340000 0.0098360000 0.0095210000 
5 0.0305660000 0.0306850000 0.0308370000 0.0305250000 0.0311400000 0.0307070000 0.0306150000 
6 0.0468140000 0.0473580000 0.0467860000 0.0477800000 0.0470090000 0.0477690000 0.0472270000 
7 0.2516630000 0.2507430000 0.2493370000 0.2501810000 0.2497520000 0.2500760000 0.2508240000 
8 1.0760250000 1.0880250000 1.0729950000 1.0640820000 1.0705200000 1.0758050000 1.0822850000 
9 3.4755110000 3.4660610000 3.4737530000 3.4590470000 3.4462830000 3.4952150000 3.4632850000 
10 9.0641600000 9.1828910000 9.1170930000 9.1040400000 9.1180740000 9.1723790000 9.1032880000 
