7 
1 0.0000410000 0.0000260000 0.0000270000 0.0000280000 0.0000270000 0.0000270000 0.0000270000 
2 0.0002600000 0.0002570000 0.0002480000 0.0002500000 0.0002560000 0.0002500000 0.0002490000 
3 0.0014590000 0.0014890000 0.0014900000 0.0015030000 0.0015380000 0.0014800000 0.0015160000 
4 0.0062880000 0.0061140000 0.0063660000 0.0059070000 0.0059930000 0.0060490000 0.0060430000 
5 0.0157520000 0.0160020000 0.0160450000 0.0156290000 0.0154530000 0.0161070000 0.0159830000 
6 0.0219800000 0.0221130000 0.0218590000 0.0217380000 0.0216400000 0.0213440000 0.0216180000 
7 0.2191770000 0.2203980000 0.2210890000 0.2185850000 0.2181460000 0.2181250000 0.2213280000 
8 0.9164700000 0.9170650000 0.9292920000 0.9256820000 0.9210100000 0.9180830000 0.9143070000 
9 2.9674380000 2.9566410000 2.9708570000 2.9599300000 2.9498080000 2.9671270000 2.9630120000 
10 7.9354490000 7.9805580000 7.8869760000 7.9264210000 7.8679120000 7.9128190000 7.9108940000 
