7 
1 0.0000420000 0.0000260000 0.0000270000 0.0000290000 0.0000260000 0.0000270000 0.0000270000 
2 0.0001530000 0.0001400000 0.0001400000 0.0001400000 0.0001440000 0.0001710000 0.0001410000 
3 0.0006500000 0.0006210000 0.0006240000 0.0006590000 0.0006890000 0.0006250000 0.0006320000 
4 0.0021880000 0.0021120000 0.0021920000 0.0024270000 0.0021270000 0.0021200000 0.0021210000 
5 0.0052700000 0.0056520000 0.0053870000 0.0052580000 0.0053640000 0.0052840000 0.0056390000 
6 0.0082470000 0.0082960000 0.0083820000 0.0083900000 0.0083990000 0.0083910000 0.0083010000 
7 0.1710530000 0.1708360000 0.1712090000 0.1719000000 0.1723390000 0.1690940000 0.1696380000 
8 0.7812540000 0.7786130000 0.7814820000 0.7897520000 0.7863620000 0.7899270000 0.7774590000 
9 2.4810840000 2.5155410000 2.4845750000 2.4965490000 2.4910990000 2.4992020000 2.4895470000 
10 6.1414770000 6.1091700000 6.1107450000 6.0951340000 6.1302650000 6.1327500000 6.1325260000 
