100 150 100 1000
80 26
49 14
85 23
94 71
69 54
31 3
38 3
87 13
18 11
88 84
88 51
93 57
27 10
80 78
96 88
82 16
53 38
49 18
36 13
77 47
56 35
74 54
29 14
68 40
49 9
63 29
79 59
58 34
95 8
97 24
80 8
43 9
97 27
67 44
79 41
86 16
99 44
50 44
78 50
83 43
12 0
37 6
81 28
95 28
81 38
79 55
15 1
95 70
88 72
23 17
50 43
51 36
98 11
96 63
99 9
20 12
53 8
54 10
70 56
85 26
28 9
28 11
17 5
86 69
94 27
38 37
38 14
8 5
56 6
60 4
7 4
40 1
38 7
57 41
74 7
29 28
33 14
62 4
23 2
51 39
49 17
50 47
49 46
74 28
76 33
9 8
78 55
77 52
96 75
74 57
66 60
58 14
73 32
90 16
61 5
33 27
65 15
68 1
73 2
43 5
33 8
66 6
83 68
45 33
64 28
79 56
91 15
90 44
36 8
90 63
63 25
10 3
11 6
32 10
90 61
12 1
82 62
37 21
90 1
47 15
91 90
99 45
87 86
40 19
73 8
90 41
54 17
82 79
77 64
82 40
65 32
40 2
64 47
83 4
97 96
50 15
45 12
95 22
65 42
62 7
85 80
98 4
89 87
39 28
61 1
87 30
90 75
49 25
89 24
64 20
37 4
99 87
81 9
96 38
83 66
75 10
97 8
81 60
78 24
93 24
67 5
92 49
99 44
90 58
63 60
91 49
87 68
87 9
82 62
87 51
73 4
39 1
93 46
51 30
95 0
21 1
72 41
91 15
51 37
54 31
29 6
88 5
98 10
18 14
69 64
26 25
52 2
58 55
79 0
43 31
93 68
80 72
71 38
85 50
95 41
64 54
89 42
47 18
84 24
38 12
47 32
61 8
89 39
51 6
31 3
91 57
68 58
92 35
52 38
58 49
82 66
89 14
61 53
85 48
62 41
60 18
91 24
86 40
55 21
89 56
36 35
85 57
48 5
86 6
23 6
89 61
66 61
94 76
37 0
77 7
54 16
58 29
86 57
40 25
88 10
86 53
76 43
49 9
21 3
93 92
88 17
82 45
66 17
76 7
86 4
41 24
81 33
67 25
34 29
53 41
83 65
62 20
83 60
83 18
41 27
98 37
54 0
88 18
71 54
33 13
65 8
92 74
92 45
34 10
35 9
17 7
51 4
75 46
66 11
92 33
65 17
75 21
82 73
84 44
98 46
93 6
92 7
93 25
86 64
84 63
77 68
84 39
86 47
36 5
71 0
43 42
38 25
77 59
75 41
74 14
11 10
93 47
93 1
49 47
93 13
81 63
37 29
56 40
71 5
97 74
29 11
72 3
71 59
73 56
78 18
66 23
98 16
60 16
41 20
72 32
85 70
50 0
58 10
85 76
99 66
93 38
73 58
9 0
94 22
51 47
36 16
74 5
87 37
76 72
38 18
97 68
61 57
94 41
62 27
68 21
98 8
93 66
50 32
43 23
35 20
82 12
71 68
74 68
99 80
24 22
97 45
99 6
96 40
95 74
65 36
95 75
81 53
42 10
87 34
54 37
82 54
20 15
53 1
58 56
55 42
90 66
96 34
70 37
68 55
94 66
73 42
60 5
93 48
15 0
64 13
87 32
81 27
78 9
69 49
29 2
88 57
68 40
35 8
73 47
97 42
26 20
40 20
58 1
29 14
84 38
61 3
82 41
36 11
93 64
44 7
50 1
99 91
88 75
71 57
67 34
96 71
40 23
38 5
99 9
68 27
93 74
72 13
59 17
56 53
70 50
98 78
66 50
83 33
93 7
44 17
88 13
68 36
84 72
54 10
82 75
76 63
46 33
27 25
93 55
67 10
53 37
66 55
98 29
77 31
81 59
66 33
46 7
94 39
61 7
33 27
97 78
58 22
67 29
98 24
73 69
87 25
81 21
99 10
89 20
63 18
11 2
71 63
60 50
31 2
81 14
76 13
58 46
81 8
40 5
83 26
79 7
74 25
92 41
46 9
73 36
81 72
89 38
37 28
76 52
40 29
90 44
66 25
14 10
81 37
34 14
34 26
90 70
66 54
77 69
70 32
65 52
79 16
96 10
63 42
52 36
89 50
46 38
56 8
65 41
67 22
97 0
47 25
70 63
66 32
83 6
52 3
62 52
60 46
48 32
33 8
91 79
91 68
41 8
97 21
81 18
59 14
96 8
72 66
84 71
81 44
98 22
82 69
64 46
87 49
80 14
71 23
81 48
6 0
84 35
97 79
91 0
91 20
91 36
43 27
69 63
72 62
44 41
45 32
67 15
61 45
98 6
94 4
40 16
51 28
73 38
77 19
18 2
74 24
35 34
41 37
94 44
83 11
37 7
39 28
83 36
57 43
39 37
99 26
94 7
87 5
86 37
75 60
75 39
45 13
41 29
87 4
76 53
30 7
93 79
25 11
98 92
31 26
94 9
58 57
43 24
47 42
97 14
84 7
97 9
22 2
67 56
92 52
76 73
92 72
32 10
49 4
77 11
89 58
33 28
75 22
94 83
34 25
79 53
35 32
85 59
83 67
62 49
82 64
88 83
96 57
60 19
63 27
50 33
36 28
75 15
42 26
33 23
95 27
72 14
33 31
55 40
66 18
84 2
18 12
77 67
96 93
75 63
25 13
39 29
92 88
70 41
65 27
39 16
94 77
80 1
73 22
73 46
78 4
68 32
32 24
78 69
28 25
97 30
88 42
72 24
95 88
33 19
82 19
88 54
53 49
74 23
47 11
54 18
62 2
10 4
40 11
78 41
59 35
87 65
28 11
62 19
56 55
97 56
95 13
2 1
42 21
86 55
55 41
27 23
49 13
24 5
86 17
39 18
22 16
39 33
96 52
57 0
97 61
90 22
45 29
14 8
97 96
41 4
99 56
76 17
42 1
30 14
92 13
79 70
77 15
53 10
39 2
51 3
76 23
79 38
24 0
83 32
80 29
99 28
18 4
25 0
79 75
53 20
99 34
82 37
93 5
73 50
3 1
85 55
56 18
66 24
90 75
83 71
89 37
45 44
78 27
85 74
80 40
80 30
75 26
31 22
63 46
82 42
58 0
59 19
37 15
86 14
72 50
96 11
61 6
61 22
51 31
56 17
84 64
82 74
68 5
81 16
87 44
81 36
12 9
44 43
94 1
64 0
98 80
78 11
73 35
62 9
58 19
54 6
16 10
92 48
24 17
81 50
45 33
68 6
64 5
90 1
88 0
80 73
50 30
34 19
74 69
68 10
97 40
54 4
69 13
87 80
42 19
81 70
36 21
35 30
87 85
75 61
71 9
53 4
11 1
77 40
61 13
84 37
97 67
78 63
83 1
60 20
29 26
94 3
84 49
60 32
39 24
79 33
38 0
60 27
88 53
97 6
54 53
14 7
54 3
91 23
45 30
55 39
81 38
51 18
74 13
87 31
50 22
19 12
22 21
85 42
86 80
48 26
43 39
42 39
72 64
77 37
59 26
92 37
79 51
86 3
62 58
90 48
68 46
23 18
77 9
97 52
36 18
90 24
86 15
30 0
62 34
71 7
29 0
78 31
57 24
80 56
94 67
56 46
64 57
70 48
46 20
12 4
71 64
61 32
32 17
81 69
29 20
69 52
73 11
85 75
81 0
93 8
95 4
67 48
93 14
77 32
81 17
86 66
82 10
64 48
68 16
90 40
87 86
79 76
89 48
47 21
82 63
96 6
61 46
25 14
30 28
47 35
63 20
98 14
36 3
9 3
95 65
73 20
69 36
94 87
82 49
79 52
49 34
45 0
70 60
73 70
72 0
73 72
49 42
93 73
88 2
86 49
48 40
94 33
79 47
54 36
95 26
94 82
63 24
41 9
26 15
27 18
83 46
82 22
91 73
84 66
64 25
69 0
84 29
85 1
26 14
97 89
97 35
87 59
54 26
61 30
76 5
43 21
83 61
51 38
36 20
67 43
82 6
27 5
46 45
56 37
32 21
50 44
53 47
44 31
99 96
22 13
97 60
38 8
80 74
70 30
72 67
99 55
85 5
37 5
68 29
49 17
71 46
86 20
34 6
98 1
60 11
78 74
23 21
86 68
34 2
76 21
73 49
26 16
80 17
59 57
6 4
55 44
80 19
23 17
82 25
63 43
99 94
82 34
83 45
48 44
83 78
13 6
97 13
74 20
50 21
84 60
94 26
14 6
41 34
99 31
84 45
74 52
82 15
92 56
56 27
45 27
94 84
65 4
24 10
96 9
84 80
20 9
76 22
50 31
3 0
90 71
81 11
50 35
76 47
38 13
12 0
69 10
64 33
24 3
99 14
60 52
97 92
35 23
56 23
89 6
83 17
78 7
40 30
98 81
73 25
38 11
63 2
56 54
76 60
65 63
67 18
85 31
81 62
84 4
73 54
52 25
67 1
13 4
82 18
30 29
87 52
96 88
73 33
88 48
68 47
61 59
41 1
14 1
82 58
13 2
88 84
87 42
25 8
88 74
94 85
49 46
88 40
88 77
62 57
94 48
93 30
58 8
82 44
38 9
95 36
93 28
99 22
79 5
38 7
94 0
57 36
91 48
93 20
6 2
83 47
65 35
92 77
83 15
96 2
79 10
69 44
47 15
65 18
97 77
69 31
94 53
75 35
98 36
43 25
19 15
62 47
94 6
85 0
53 31
94 65
99 53
82 31
61 23
97 84
86 54
41 39
61 60
62 21
89 63
32 29
66 40
12 3
71 31
97 70
55 22
61 56
91 70
88 82
91 81
41 0
49 45
70 36
39 34
53 36
67 11
81 20
64 43
63 54
83 70
44 33
72 69
94 21
92 10
29 9
45 36
82 81
98 69
90 62
79 43
84 55
90 55
98 84
43 29
64 53
52 8
93 86
32 5
60 6
63 47
54 28
98 89
68 37
85 16
78 8
95 71
64 47
69 38
44 14
97 1
29 24
98 63
89 9
62 33
98 18
86 60
37 25
93 27
53 51
89 54
89 51
65 40
21 20
63 9
82 65
41 26
64 27
44 15
6 1
51 1
68 63
70 62
57 5
32 30
79 31
95 20
97 4
63 61
91 47
28 12
76 70
79 14
66 44
81 13
63 56
76 6
89 70
91 56
53 16
79 29
89 12
47 30
73 53
83 74
57 55
32 7
95 60
66 8
