5 
10 0.0142680000 0.0130630000 0.0161980000 0.0118020000 0.0141260000 
15 0.0339170000 0.0340130000 0.0352120000 0.0372780000 0.0305270000 
20 0.0536210000 0.0500240000 0.0523910000 0.0495720000 0.0528640000 
25 0.0557780000 0.0520980000 0.0500380000 0.0516600000 0.0528880000 
30 0.0642290000 0.0608710000 0.0599990000 0.0632390000 0.0613020000 
35 0.1068000000 0.1031260000 0.1079420000 0.1156350000 0.1040970000 
40 0.1789260000 0.1789480000 0.1740370000 0.1747600000 0.1746170000 
45 0.1330650000 0.1347240000 0.1329940000 0.1331890000 0.1335040000 
50 0.4386390000 0.4353100000 0.4361020000 0.4386640000 0.4350220000 
55 0.7655050000 0.7747780000 0.7780710000 0.7701700000 0.7659850000 
60 0.4217860000 0.4226090000 0.4211410000 0.4200460000 0.4193830000 
65 0.8910390000 0.9033770000 0.9000270000 0.8982930000 0.8972580000 
70 0.4895790000 0.4833070000 0.4856000000 0.4863610000 0.4852140000 
