5 
10 0.0491430000 0.0503880000 0.0479740000 0.0477560000 0.0485950000 
15 0.1138990000 0.1132970000 0.1128400000 0.1131860000 0.1131130000 
20 0.2383860000 0.2365610000 0.2361380000 0.2349280000 0.2414180000 
25 0.1853640000 0.1843500000 0.1826430000 0.1838510000 0.1839770000 
30 0.3516020000 0.3484880000 0.3497990000 0.3498780000 0.3513580000 
35 0.5107840000 0.5134950000 0.5070410000 0.5075100000 0.5170270000 
40 1.0930820000 1.1043310000 1.0938450000 1.1017310000 1.0972100000 
45 0.7778350000 0.7766790000 0.7778850000 0.7805800000 0.7793050000 
50 0.9276280000 0.9236570000 0.9198860000 0.9240340000 0.9207120000 
55 1.6299330000 1.6284190000 1.6411000000 1.6231570000 1.6234050000 
60 0.9897660000 0.9864340000 0.9846600000 0.9965670000 0.9846420000 
65 1.8947490000 1.8890930000 1.9164590000 1.8894900000 1.9029320000 
70 1.4231080000 1.3864360000 1.3847950000 1.3894320000 1.6491940000 
