5 
10 0.0342360000 0.0317610000 0.0305050000 0.0371820000 0.0294030000 
15 0.0406220000 0.0412520000 0.0386260000 0.0392750000 0.0414630000 
20 0.0747880000 0.0722370000 0.0726500000 0.0690070000 0.0705980000 
25 0.1239560000 0.1240010000 0.1252650000 0.1222280000 0.1255250000 
30 0.0922540000 0.0878260000 0.0881170000 0.0893050000 0.0893480000 
35 0.0722120000 0.0721170000 0.0709000000 0.0696420000 0.0735940000 
40 0.0623280000 0.0647550000 0.0588190000 0.0605580000 0.0655340000 
45 0.1958050000 0.2004320000 0.1946530000 0.1967600000 0.1954390000 
50 0.7899910000 0.7886220000 0.7901670000 0.7887160000 0.7889420000 
55 0.7729310000 0.7838950000 0.7736010000 0.7713960000 0.7719290000 
60 1.9839250000 1.9816500000 1.9841200000 1.9825140000 1.9837600000 
65 0.7864920000 0.7801120000 0.7811700000 0.7832140000 0.7844310000 
70 1.0807710000 1.0810510000 1.0824400000 1.0901560000 1.0822290000 
