5 
10 0.0010170000 0.0010090000 0.0010340000 0.0010270000 0.0010030000 
15 0.0035960000 0.0020020000 0.0038750000 0.0038700000 0.0029330000 
20 0.0060480000 0.0053630000 0.0033350000 0.0056810000 0.0046510000 
25 0.0017950000 0.0020420000 0.0032390000 0.0029630000 0.0032010000 
30 0.0029880000 0.0032690000 0.0032260000 0.0034550000 0.0031360000 
35 0.0110310000 0.0102080000 0.0121610000 0.0117380000 0.0062950000 
40 0.0102730000 0.0102000000 0.0056940000 0.0072140000 0.0070110000 
45 0.0049880000 0.0038280000 0.0031420000 0.0041310000 0.0045120000 
50 0.0773410000 0.0740440000 0.0779100000 0.0759530000 0.0759150000 
55 0.0859450000 0.0866820000 0.0845980000 0.0855140000 0.0815390000 
60 0.0884740000 0.0899210000 0.0923310000 0.0913530000 0.0912970000 
65 0.0999270000 0.0982370000 0.0976500000 0.0965050000 0.0980600000 
70 0.1042830000 0.1053830000 0.1011560000 0.1043650000 0.1027810000 
