5 
10 0.0009920000 0.0007580000 0.0008960000 0.0009940000 0.0009730000 
15 0.0027310000 0.0038320000 0.0035550000 0.0034670000 0.0038140000 
20 0.0031870000 0.0031500000 0.0031500000 0.0024030000 0.0029580000 
25 0.0061540000 0.0062010000 0.0061020000 0.0040530000 0.0054080000 
30 0.0062380000 0.0039990000 0.0054100000 0.0052000000 0.0051990000 
35 0.0113270000 0.0092520000 0.0116330000 0.0065100000 0.0098830000 
40 0.0142530000 0.0113650000 0.0097770000 0.0118530000 0.0126990000 
45 0.0049640000 0.0054640000 0.0054860000 0.0033330000 0.0051790000 
50 0.0780660000 0.0767930000 0.0748360000 0.0747300000 0.0762970000 
55 0.2411170000 0.2335390000 0.2382250000 0.2351040000 0.2406990000 
60 0.1757620000 0.1731660000 0.1747090000 0.1765970000 0.1733860000 
65 0.1029690000 0.0967700000 0.0993760000 0.0988490000 0.0985430000 
70 0.1976420000 0.1975350000 0.1975780000 0.1971210000 0.2017940000 
