5 
10 0.0475700000 0.0487670000 0.0509880000 0.0480130000 0.0492540000 
15 0.1062400000 0.1041710000 0.1047300000 0.1044000000 0.1084970000 
20 0.5522360000 0.5504700000 0.5474890000 0.5493620000 0.5485110000 
25 1.2981290000 1.2901370000 1.2879710000 1.2893730000 1.2883720000 
30 1.2590850000 1.2572050000 1.2653190000 1.2565690000 1.2591280000 
35 6.5044970000 6.4658480000 6.5296770000 6.4821440000 6.4931510000 
40 2.6168060000 2.6130970000 2.6144410000 2.6143500000 2.6178110000 
45 8.6639470000 8.6587160000 8.6835340000 8.6340430000 8.6582340000 
50 0.1307420000 0.1263880000 0.1327650000 0.1322140000 0.1289620000 
55 0.1411870000 0.1370300000 0.1381540000 0.1382410000 0.1389980000 
60 0.1490750000 0.1472480000 0.1467790000 0.1453320000 0.1456310000 
65 0.1590230000 0.1577500000 0.1580300000 0.1574640000 0.1570980000 
70 0.1664050000 0.1651790000 0.1680850000 0.1653070000 0.1681660000 
