5 
10 0.0937330000 0.0925970000 0.0911270000 0.0886840000 0.0947630000 
15 0.1586760000 0.1570020000 0.1590060000 0.1566760000 0.1557680000 
20 1.1587130000 1.1485660000 1.1640920000 1.1484600000 1.1485070000 
25 2.0036370000 2.0085060000 2.0081450000 2.0082130000 2.0061440000 
30 2.7842020000 2.7822830000 2.7786320000 2.7777710000 2.7903760000 
35 5.6992790000 5.7058430000 5.6984220000 5.6962260000 5.7634140000 
40 5.1759870000 5.1808960000 5.1733280000 5.1749710000 5.1719590000 
45 23.4987500000 23.6627120000 23.7425970000 23.6731010000 23.5456250000 
50 0.1287950000 0.1311630000 0.1271340000 0.1289720000 0.1308050000 
55 0.1413790000 0.1383360000 0.1414740000 0.1571540000 0.1384320000 
60 0.1506220000 0.1494490000 0.1494530000 0.1485690000 0.1478460000 
65 0.1612760000 0.1572230000 0.1572460000 0.1582060000 0.1592640000 
70 0.1678520000 0.1674720000 0.1663520000 0.1662790000 0.1671950000 
