5 
10 0.0647900000 0.0641420000 0.0610880000 0.0629840000 0.0622570000 
15 0.2039700000 0.2007160000 0.2023790000 0.2012530000 0.2029380000 
20 0.1229580000 0.1236060000 0.1194070000 0.1215810000 0.1208050000 
25 0.3283000000 0.3305110000 0.3254480000 0.3285210000 0.3270910000 
30 0.4318010000 0.5152070000 0.4331550000 0.4629160000 0.4306380000 
35 0.2100050000 0.2069330000 0.2082850000 0.2076190000 0.2080250000 
40 0.2910750000 0.2902590000 0.2877490000 0.2883420000 0.2904410000 
45 0.7803780000 0.7732080000 0.7753500000 0.7733630000 0.7763510000 
50 0.1879200000 0.2000880000 0.1885120000 0.1942640000 0.1933720000 
55 1.3320280000 1.3146970000 1.3183590000 1.3239120000 1.3204340000 
60 0.4483550000 0.4470150000 0.4439790000 0.4466990000 0.4398760000 
65 1.2922230000 1.2980620000 1.3034690000 1.2941600000 1.2969760000 
70 1.2605430000 1.2637800000 1.2524240000 1.2548410000 1.2521660000 
