150 3726 200 3488
5 6
0 2
0 3
0 4
0 5
0 6
1 2
1 3
1 4
1 5
1 6
7 8
10 11
12 13
10 12
10 13
11 12
11 13
7 9
7 10
7 11
7 12
7 13
8 9
8 10
8 11
8 12
8 13
0 7
0 8
0 9
0 10
0 11
0 12
0 13
0 14
1 7
1 8
1 9
1 10
1 11
1 12
1 13
1 14
2 7
2 8
2 9
2 10
2 11
2 12
2 13
2 14
3 7
3 8
3 9
3 10
3 11
3 12
3 13
3 14
4 7
4 8
4 9
4 10
4 11
4 12
4 13
4 14
5 7
5 8
5 9
5 10
5 11
5 12
5 13
5 14
6 7
6 8
6 9
6 10
6 11
6 12
6 13
6 14
17 18
17 19
17 20
17 21
18 19
18 20
18 21
15 17
15 18
15 19
15 20
15 21
16 17
16 18
16 19
16 20
16 21
0 15
0 16
0 17
0 18
0 19
0 20
0 21
1 15
1 16
1 17
1 18
1 19
1 20
1 21
2 15
2 16
2 17
2 18
2 19
2 20
2 21
3 15
3 16
3 17
3 18
3 19
3 20
3 21
4 15
4 16
4 17
4 18
4 19
4 20
4 21
5 15
5 16
5 17
5 18
5 19
5 20
5 21
6 15
6 16
6 17
6 18
6 19
6 20
6 21
7 15
7 16
7 17
7 18
7 19
7 20
7 21
8 15
8 16
8 17
8 18
8 19
8 20
8 21
9 15
9 16
9 17
9 18
9 19
9 20
9 21
10 15
10 16
10 17
10 18
10 19
10 20
10 21
11 15
11 16
11 17
11 18
11 19
11 20
11 21
12 15
12 16
12 17
12 18
12 19
12 20
12 21
13 15
13 16
13 17
13 18
13 19
13 20
13 21
14 15
14 16
14 17
14 18
14 19
14 20
14 21
29 30
27 29
27 30
28 29
28 30
26 27
26 28
26 29
26 30
24 25
24 26
24 27
24 28
24 29
24 30
24 31
24 32
25 31
25 32
26 31
26 32
27 31
27 32
28 31
28 32
29 31
29 32
30 31
30 32
23 24
23 25
23 26
23 27
23 28
23 29
23 30
23 31
23 32
33 34
23 33
23 34
24 33
24 34
25 33
25 34
26 33
26 34
27 33
27 34
28 33
28 34
29 33
29 34
30 33
30 34
31 33
31 34
32 33
32 34
36 37
39 40
41 42
41 43
42 43
39 41
39 42
39 43
40 41
40 42
40 43
38 44
38 45
39 44
39 45
40 44
40 45
41 44
41 45
42 44
42 45
43 44
43 45
35 38
35 39
35 40
35 41
35 42
35 43
35 44
35 45
36 38
36 39
36 40
36 41
36 42
36 43
36 44
36 45
37 38
37 39
37 40
37 41
37 42
37 43
37 44
37 45
46 47
49 50
54 55
54 56
55 56
57 58
51 54
51 55
51 56
51 57
51 58
52 54
52 55
52 56
52 57
52 58
53 54
53 55
53 56
53 57
53 58
48 51
48 52
48 53
48 54
48 55
48 56
48 57
48 58
49 51
49 52
49 53
49 54
49 55
49 56
49 57
49 58
50 51
50 52
50 53
50 54
50 55
50 56
50 57
50 58
35 46
35 47
35 48
35 49
35 50
35 51
35 52
35 53
35 54
35 55
35 56
35 57
35 58
36 46
36 47
36 48
36 49
36 50
36 51
36 52
36 53
36 54
36 55
36 56
36 57
36 58
37 46
37 47
37 48
37 49
37 50
37 51
37 52
37 53
37 54
37 55
37 56
37 57
37 58
38 46
38 47
38 48
38 49
38 50
38 51
38 52
38 53
38 54
38 55
38 56
38 57
38 58
39 46
39 47
39 48
39 49
39 50
39 51
39 52
39 53
39 54
39 55
39 56
39 57
39 58
40 46
40 47
40 48
40 49
40 50
40 51
40 52
40 53
40 54
40 55
40 56
40 57
40 58
41 46
41 47
41 48
41 49
41 50
41 51
41 52
41 53
41 54
41 55
41 56
41 57
41 58
42 46
42 47
42 48
42 49
42 50
42 51
42 52
42 53
42 54
42 55
42 56
42 57
42 58
43 46
43 47
43 48
43 49
43 50
43 51
43 52
43 53
43 54
43 55
43 56
43 57
43 58
44 46
44 47
44 48
44 49
44 50
44 51
44 52
44 53
44 54
44 55
44 56
44 57
44 58
45 46
45 47
45 48
45 49
45 50
45 51
45 52
45 53
45 54
45 55
45 56
45 57
45 58
63 64
62 63
62 64
62 65
59 60
59 61
59 62
59 63
59 64
59 65
35 59
35 60
35 61
35 62
35 63
35 64
35 65
36 59
36 60
36 61
36 62
36 63
36 64
36 65
37 59
37 60
37 61
37 62
37 63
37 64
37 65
38 59
38 60
38 61
38 62
38 63
38 64
38 65
39 59
39 60
39 61
39 62
39 63
39 64
39 65
40 59
40 60
40 61
40 62
40 63
40 64
40 65
41 59
41 60
41 61
41 62
41 63
41 64
41 65
42 59
42 60
42 61
42 62
42 63
42 64
42 65
43 59
43 60
43 61
43 62
43 63
43 64
43 65
44 59
44 60
44 61
44 62
44 63
44 64
44 65
45 59
45 60
45 61
45 62
45 63
45 64
45 65
46 59
46 60
46 61
46 62
46 63
46 64
46 65
47 59
47 60
47 61
47 62
47 63
47 64
47 65
48 59
48 60
48 61
48 62
48 63
48 64
48 65
49 59
49 60
49 61
49 62
49 63
49 64
49 65
50 59
50 60
50 61
50 62
50 63
50 64
50 65
51 59
51 60
51 61
51 62
51 63
51 64
51 65
52 59
52 60
52 61
52 62
52 63
52 64
52 65
53 59
53 60
53 61
53 62
53 63
53 64
53 65
54 59
54 60
54 61
54 62
54 63
54 64
54 65
55 59
55 60
55 61
55 62
55 63
55 64
55 65
56 59
56 60
56 61
56 62
56 63
56 64
56 65
57 59
57 60
57 61
57 62
57 63
57 64
57 65
58 59
58 60
58 61
58 62
58 63
58 64
58 65
0 22
0 23
0 24
0 25
0 26
0 27
0 28
0 29
0 30
0 31
0 32
0 33
0 34
0 35
0 36
0 37
0 38
0 39
0 40
0 41
0 42
0 43
0 44
0 45
0 46
0 47
0 48
0 49
0 50
0 51
0 52
0 53
0 54
0 55
0 56
0 57
0 58
0 59
0 60
0 61
0 62
0 63
0 64
0 65
1 22
1 23
1 24
1 25
1 26
1 27
1 28
1 29
1 30
1 31
1 32
1 33
1 34
1 35
1 36
1 37
1 38
1 39
1 40
1 41
1 42
1 43
1 44
1 45
1 46
1 47
1 48
1 49
1 50
1 51
1 52
1 53
1 54
1 55
1 56
1 57
1 58
1 59
1 60
1 61
1 62
1 63
1 64
1 65
2 22
2 23
2 24
2 25
2 26
2 27
2 28
2 29
2 30
2 31
2 32
2 33
2 34
2 35
2 36
2 37
2 38
2 39
2 40
2 41
2 42
2 43
2 44
2 45
2 46
2 47
2 48
2 49
2 50
2 51
2 52
2 53
2 54
2 55
2 56
2 57
2 58
2 59
2 60
2 61
2 62
2 63
2 64
2 65
3 22
3 23
3 24
3 25
3 26
3 27
3 28
3 29
3 30
3 31
3 32
3 33
3 34
3 35
3 36
3 37
3 38
3 39
3 40
3 41
3 42
3 43
3 44
3 45
3 46
3 47
3 48
3 49
3 50
3 51
3 52
3 53
3 54
3 55
3 56
3 57
3 58
3 59
3 60
3 61
3 62
3 63
3 64
3 65
4 22
4 23
4 24
4 25
4 26
4 27
4 28
4 29
4 30
4 31
4 32
4 33
4 34
4 35
4 36
4 37
4 38
4 39
4 40
4 41
4 42
4 43
4 44
4 45
4 46
4 47
4 48
4 49
4 50
4 51
4 52
4 53
4 54
4 55
4 56
4 57
4 58
4 59
4 60
4 61
4 62
4 63
4 64
4 65
5 22
5 23
5 24
5 25
5 26
5 27
5 28
5 29
5 30
5 31
5 32
5 33
5 34
5 35
5 36
5 37
5 38
5 39
5 40
5 41
5 42
5 43
5 44
5 45
5 46
5 47
5 48
5 49
5 50
5 51
5 52
5 53
5 54
5 55
5 56
5 57
5 58
5 59
5 60
5 61
5 62
5 63
5 64
5 65
6 22
6 23
6 24
6 25
6 26
6 27
6 28
6 29
6 30
6 31
6 32
6 33
6 34
6 35
6 36
6 37
6 38
6 39
6 40
6 41
6 42
6 43
6 44
6 45
6 46
6 47
6 48
6 49
6 50
6 51
6 52
6 53
6 54
6 55
6 56
6 57
6 58
6 59
6 60
6 61
6 62
6 63
6 64
6 65
7 22
7 23
7 24
7 25
7 26
7 27
7 28
7 29
7 30
7 31
7 32
7 33
7 34
7 35
7 36
7 37
7 38
7 39
7 40
7 41
7 42
7 43
7 44
7 45
7 46
7 47
7 48
7 49
7 50
7 51
7 52
7 53
7 54
7 55
7 56
7 57
7 58
7 59
7 60
7 61
7 62
7 63
7 64
7 65
8 22
8 23
8 24
8 25
8 26
8 27
8 28
8 29
8 30
8 31
8 32
8 33
8 34
8 35
8 36
8 37
8 38
8 39
8 40
8 41
8 42
8 43
8 44
8 45
8 46
8 47
8 48
8 49
8 50
8 51
8 52
8 53
8 54
8 55
8 56
8 57
8 58
8 59
8 60
8 61
8 62
8 63
8 64
8 65
9 22
9 23
9 24
9 25
9 26
9 27
9 28
9 29
9 30
9 31
9 32
9 33
9 34
9 35
9 36
9 37
9 38
9 39
9 40
9 41
9 42
9 43
9 44
9 45
9 46
9 47
9 48
9 49
9 50
9 51
9 52
9 53
9 54
9 55
9 56
9 57
9 58
9 59
9 60
9 61
9 62
9 63
9 64
9 65
10 22
10 23
10 24
10 25
10 26
10 27
10 28
10 29
10 30
10 31
10 32
10 33
10 34
10 35
10 36
10 37
10 38
10 39
10 40
10 41
10 42
10 43
10 44
10 45
10 46
10 47
10 48
10 49
10 50
10 51
10 52
10 53
10 54
10 55
10 56
10 57
10 58
10 59
10 60
10 61
10 62
10 63
10 64
10 65
11 22
11 23
11 24
11 25
11 26
11 27
11 28
11 29
11 30
11 31
11 32
11 33
11 34
11 35
11 36
11 37
11 38
11 39
11 40
11 41
11 42
11 43
11 44
11 45
11 46
11 47
11 48
11 49
11 50
11 51
11 52
11 53
11 54
11 55
11 56
11 57
11 58
11 59
11 60
11 61
11 62
11 63
11 64
11 65
12 22
12 23
12 24
12 25
12 26
12 27
12 28
12 29
12 30
12 31
12 32
12 33
12 34
12 35
12 36
12 37
12 38
12 39
12 40
12 41
12 42
12 43
12 44
12 45
12 46
12 47
12 48
12 49
12 50
12 51
12 52
12 53
12 54
12 55
12 56
12 57
12 58
12 59
12 60
12 61
12 62
12 63
12 64
12 65
13 22
13 23
13 24
13 25
13 26
13 27
13 28
13 29
13 30
13 31
13 32
13 33
13 34
13 35
13 36
13 37
13 38
13 39
13 40
13 41
13 42
13 43
13 44
13 45
13 46
13 47
13 48
13 49
13 50
13 51
13 52
13 53
13 54
13 55
13 56
13 57
13 58
13 59
13 60
13 61
13 62
13 63
13 64
13 65
14 22
14 23
14 24
14 25
14 26
14 27
14 28
14 29
14 30
14 31
14 32
14 33
14 34
14 35
14 36
14 37
14 38
14 39
14 40
14 41
14 42
14 43
14 44
14 45
14 46
14 47
14 48
14 49
14 50
14 51
14 52
14 53
14 54
14 55
14 56
14 57
14 58
14 59
14 60
14 61
14 62
14 63
14 64
14 65
15 22
15 23
15 24
15 25
15 26
15 27
15 28
15 29
15 30
15 31
15 32
15 33
15 34
15 35
15 36
15 37
15 38
15 39
15 40
15 41
15 42
15 43
15 44
15 45
15 46
15 47
15 48
15 49
15 50
15 51
15 52
15 53
15 54
15 55
15 56
15 57
15 58
15 59
15 60
15 61
15 62
15 63
15 64
15 65
16 22
16 23
16 24
16 25
16 26
16 27
16 28
16 29
16 30
16 31
16 32
16 33
16 34
16 35
16 36
16 37
16 38
16 39
16 40
16 41
16 42
16 43
16 44
16 45
16 46
16 47
16 48
16 49
16 50
16 51
16 52
16 53
16 54
16 55
16 56
16 57
16 58
16 59
16 60
16 61
16 62
16 63
16 64
16 65
17 22
17 23
17 24
17 25
17 26
17 27
17 28
17 29
17 30
17 31
17 32
17 33
17 34
17 35
17 36
17 37
17 38
17 39
17 40
17 41
17 42
17 43
17 44
17 45
17 46
17 47
17 48
17 49
17 50
17 51
17 52
17 53
17 54
17 55
17 56
17 57
17 58
17 59
17 60
17 61
17 62
17 63
17 64
17 65
18 22
18 23
18 24
18 25
18 26
18 27
18 28
18 29
18 30
18 31
18 32
18 33
18 34
18 35
18 36
18 37
18 38
18 39
18 40
18 41
18 42
18 43
18 44
18 45
18 46
18 47
18 48
18 49
18 50
18 51
18 52
18 53
18 54
18 55
18 56
18 57
18 58
18 59
18 60
18 61
18 62
18 63
18 64
18 65
19 22
19 23
19 24
19 25
19 26
19 27
19 28
19 29
19 30
19 31
19 32
19 33
19 34
19 35
19 36
19 37
19 38
19 39
19 40
19 41
19 42
19 43
19 44
19 45
19 46
19 47
19 48
19 49
19 50
19 51
19 52
19 53
19 54
19 55
19 56
19 57
19 58
19 59
19 60
19 61
19 62
19 63
19 64
19 65
20 22
20 23
20 24
20 25
20 26
20 27
20 28
20 29
20 30
20 31
20 32
20 33
20 34
20 35
20 36
20 37
20 38
20 39
20 40
20 41
20 42
20 43
20 44
20 45
20 46
20 47
20 48
20 49
20 50
20 51
20 52
20 53
20 54
20 55
20 56
20 57
20 58
20 59
20 60
20 61
20 62
20 63
20 64
20 65
21 22
21 23
21 24
21 25
21 26
21 27
21 28
21 29
21 30
21 31
21 32
21 33
21 34
21 35
21 36
21 37
21 38
21 39
21 40
21 41
21 42
21 43
21 44
21 45
21 46
21 47
21 48
21 49
21 50
21 51
21 52
21 53
21 54
21 55
21 56
21 57
21 58
21 59
21 60
21 61
21 62
21 63
21 64
21 65
66 68
67 68
66 69
67 69
68 69
71 72
73 76
74 76
75 76
70 73
70 74
70 75
70 76
71 73
71 74
71 75
71 76
72 73
72 74
72 75
72 76
79 80
82 83
85 86
84 85
84 86
88 89
91 92
87 94
88 94
89 94
90 94
91 94
92 94
93 94
66 77
66 78
66 79
66 80
66 81
66 82
66 83
66 84
66 85
66 86
66 87
66 88
66 89
66 90
66 91
66 92
66 93
66 94
67 77
67 78
67 79
67 80
67 81
67 82
67 83
67 84
67 85
67 86
67 87
67 88
67 89
67 90
67 91
67 92
67 93
67 94
68 77
68 78
68 79
68 80
68 81
68 82
68 83
68 84
68 85
68 86
68 87
68 88
68 89
68 90
68 91
68 92
68 93
68 94
69 77
69 78
69 79
69 80
69 81
69 82
69 83
69 84
69 85
69 86
69 87
69 88
69 89
69 90
69 91
69 92
69 93
69 94
70 77
70 78
70 79
70 80
70 81
70 82
70 83
70 84
70 85
70 86
70 87
70 88
70 89
70 90
70 91
70 92
70 93
70 94
71 77
71 78
71 79
71 80
71 81
71 82
71 83
71 84
71 85
71 86
71 87
71 88
71 89
71 90
71 91
71 92
71 93
71 94
72 77
72 78
72 79
72 80
72 81
72 82
72 83
72 84
72 85
72 86
72 87
72 88
72 89
72 90
72 91
72 92
72 93
72 94
73 77
73 78
73 79
73 80
73 81
73 82
73 83
73 84
73 85
73 86
73 87
73 88
73 89
73 90
73 91
73 92
73 93
73 94
74 77
74 78
74 79
74 80
74 81
74 82
74 83
74 84
74 85
74 86
74 87
74 88
74 89
74 90
74 91
74 92
74 93
74 94
75 77
75 78
75 79
75 80
75 81
75 82
75 83
75 84
75 85
75 86
75 87
75 88
75 89
75 90
75 91
75 92
75 93
75 94
76 77
76 78
76 79
76 80
76 81
76 82
76 83
76 84
76 85
76 86
76 87
76 88
76 89
76 90
76 91
76 92
76 93
76 94
95 96
95 97
96 97
98 99
95 98
95 99
96 98
96 99
97 98
97 99
103 104
102 105
103 105
104 105
113 115
113 116
114 115
114 116
113 118
114 118
115 118
116 118
117 118
119 120
125 126
101 119
101 120
101 121
101 122
101 123
101 124
101 125
101 126
101 127
102 119
102 120
102 121
102 122
102 123
102 124
102 125
102 126
102 127
103 119
103 120
103 121
103 122
103 123
103 124
103 125
103 126
103 127
104 119
104 120
104 121
104 122
104 123
104 124
104 125
104 126
104 127
105 119
105 120
105 121
105 122
105 123
105 124
105 125
105 126
105 127
106 119
106 120
106 121
106 122
106 123
106 124
106 125
106 126
106 127
107 119
107 120
107 121
107 122
107 123
107 124
107 125
107 126
107 127
108 119
108 120
108 121
108 122
108 123
108 124
108 125
108 126
108 127
109 119
109 120
109 121
109 122
109 123
109 124
109 125
109 126
109 127
110 119
110 120
110 121
110 122
110 123
110 124
110 125
110 126
110 127
111 119
111 120
111 121
111 122
111 123
111 124
111 125
111 126
111 127
112 119
112 120
112 121
112 122
112 123
112 124
112 125
112 126
112 127
113 119
113 120
113 121
113 122
113 123
113 124
113 125
113 126
113 127
114 119
114 120
114 121
114 122
114 123
114 124
114 125
114 126
114 127
115 119
115 120
115 121
115 122
115 123
115 124
115 125
115 126
115 127
116 119
116 120
116 121
116 122
116 123
116 124
116 125
116 126
116 127
117 119
117 120
117 121
117 122
117 123
117 124
117 125
117 126
117 127
118 119
118 120
118 121
118 122
118 123
118 124
118 125
118 126
118 127
128 129
135 136
137 138
139 140
137 139
137 140
138 139
138 140
130 137
130 138
130 139
130 140
131 137
131 138
131 139
131 140
132 137
132 138
132 139
132 140
133 137
133 138
133 139
133 140
134 137
134 138
134 139
134 140
135 137
135 138
135 139
135 140
136 137
136 138
136 139
136 140
142 143
142 144
145 146
145 147
145 148
145 149
146 147
146 148
146 149
141 145
141 146
141 147
141 148
141 149
142 145
142 146
142 147
142 148
142 149
143 145
143 146
143 147
143 148
143 149
144 145
144 146
144 147
144 148
144 149
66 95
66 96
66 97
66 98
66 99
66 100
66 101
66 102
66 103
66 104
66 105
66 106
66 107
66 108
66 109
66 110
66 111
66 112
66 113
66 114
66 115
66 116
66 117
66 118
66 119
66 120
66 121
66 122
66 123
66 124
66 125
66 126
66 127
66 128
66 129
66 130
66 131
66 132
66 133
66 134
66 135
66 136
66 137
66 138
66 139
66 140
66 141
66 142
66 143
66 144
66 145
66 146
66 147
66 148
66 149
67 95
67 96
67 97
67 98
67 99
67 100
67 101
67 102
67 103
67 104
67 105
67 106
67 107
67 108
67 109
67 110
67 111
67 112
67 113
67 114
67 115
67 116
67 117
67 118
67 119
67 120
67 121
67 122
67 123
67 124
67 125
67 126
67 127
67 128
67 129
67 130
67 131
67 132
67 133
67 134
67 135
67 136
67 137
67 138
67 139
67 140
67 141
67 142
67 143
67 144
67 145
67 146
67 147
67 148
67 149
68 95
68 96
68 97
68 98
68 99
68 100
68 101
68 102
68 103
68 104
68 105
68 106
68 107
68 108
68 109
68 110
68 111
68 112
68 113
68 114
68 115
68 116
68 117
68 118
68 119
68 120
68 121
68 122
68 123
68 124
68 125
68 126
68 127
68 128
68 129
68 130
68 131
68 132
68 133
68 134
68 135
68 136
68 137
68 138
68 139
68 140
68 141
68 142
68 143
68 144
68 145
68 146
68 147
68 148
68 149
69 95
69 96
69 97
69 98
69 99
69 100
69 101
69 102
69 103
69 104
69 105
69 106
69 107
69 108
69 109
69 110
69 111
69 112
69 113
69 114
69 115
69 116
69 117
69 118
69 119
69 120
69 121
69 122
69 123
69 124
69 125
69 126
69 127
69 128
69 129
69 130
69 131
69 132
69 133
69 134
69 135
69 136
69 137
69 138
69 139
69 140
69 141
69 142
69 143
69 144
69 145
69 146
69 147
69 148
69 149
70 95
70 96
70 97
70 98
70 99
70 100
70 101
70 102
70 103
70 104
70 105
70 106
70 107
70 108
70 109
70 110
70 111
70 112
70 113
70 114
70 115
70 116
70 117
70 118
70 119
70 120
70 121
70 122
70 123
70 124
70 125
70 126
70 127
70 128
70 129
70 130
70 131
70 132
70 133
70 134
70 135
70 136
70 137
70 138
70 139
70 140
70 141
70 142
70 143
70 144
70 145
70 146
70 147
70 148
70 149
71 95
71 96
71 97
71 98
71 99
71 100
71 101
71 102
71 103
71 104
71 105
71 106
71 107
71 108
71 109
71 110
71 111
71 112
71 113
71 114
71 115
71 116
71 117
71 118
71 119
71 120
71 121
71 122
71 123
71 124
71 125
71 126
71 127
71 128
71 129
71 130
71 131
71 132
71 133
71 134
71 135
71 136
71 137
71 138
71 139
71 140
71 141
71 142
71 143
71 144
71 145
71 146
71 147
71 148
71 149
72 95
72 96
72 97
72 98
72 99
72 100
72 101
72 102
72 103
72 104
72 105
72 106
72 107
72 108
72 109
72 110
72 111
72 112
72 113
72 114
72 115
72 116
72 117
72 118
72 119
72 120
72 121
72 122
72 123
72 124
72 125
72 126
72 127
72 128
72 129
72 130
72 131
72 132
72 133
72 134
72 135
72 136
72 137
72 138
72 139
72 140
72 141
72 142
72 143
72 144
72 145
72 146
72 147
72 148
72 149
73 95
73 96
73 97
73 98
73 99
73 100
73 101
73 102
73 103
73 104
73 105
73 106
73 107
73 108
73 109
73 110
73 111
73 112
73 113
73 114
73 115
73 116
73 117
73 118
73 119
73 120
73 121
73 122
73 123
73 124
73 125
73 126
73 127
73 128
73 129
73 130
73 131
73 132
73 133
73 134
73 135
73 136
73 137
73 138
73 139
73 140
73 141
73 142
73 143
73 144
73 145
73 146
73 147
73 148
73 149
74 95
74 96
74 97
74 98
74 99
74 100
74 101
74 102
74 103
74 104
74 105
74 106
74 107
74 108
74 109
74 110
74 111
74 112
74 113
74 114
74 115
74 116
74 117
74 118
74 119
74 120
74 121
74 122
74 123
74 124
74 125
74 126
74 127
74 128
74 129
74 130
74 131
74 132
74 133
74 134
74 135
74 136
74 137
74 138
74 139
74 140
74 141
74 142
74 143
74 144
74 145
74 146
74 147
74 148
74 149
75 95
75 96
75 97
75 98
75 99
75 100
75 101
75 102
75 103
75 104
75 105
75 106
75 107
75 108
75 109
75 110
75 111
75 112
75 113
75 114
75 115
75 116
75 117
75 118
75 119
75 120
75 121
75 122
75 123
75 124
75 125
75 126
75 127
75 128
75 129
75 130
75 131
75 132
75 133
75 134
75 135
75 136
75 137
75 138
75 139
75 140
75 141
75 142
75 143
75 144
75 145
75 146
75 147
75 148
75 149
76 95
76 96
76 97
76 98
76 99
76 100
76 101
76 102
76 103
76 104
76 105
76 106
76 107
76 108
76 109
76 110
76 111
76 112
76 113
76 114
76 115
76 116
76 117
76 118
76 119
76 120
76 121
76 122
76 123
76 124
76 125
76 126
76 127
76 128
76 129
76 130
76 131
76 132
76 133
76 134
76 135
76 136
76 137
76 138
76 139
76 140
76 141
76 142
76 143
76 144
76 145
76 146
76 147
76 148
76 149
77 95
77 96
77 97
77 98
77 99
77 100
77 101
77 102
77 103
77 104
77 105
77 106
77 107
77 108
77 109
77 110
77 111
77 112
77 113
77 114
77 115
77 116
77 117
77 118
77 119
77 120
77 121
77 122
77 123
77 124
77 125
77 126
77 127
77 128
77 129
77 130
77 131
77 132
77 133
77 134
77 135
77 136
77 137
77 138
77 139
77 140
77 141
77 142
77 143
77 144
77 145
77 146
77 147
77 148
77 149
78 95
78 96
78 97
78 98
78 99
78 100
78 101
78 102
78 103
78 104
78 105
78 106
78 107
78 108
78 109
78 110
78 111
78 112
78 113
78 114
78 115
78 116
78 117
78 118
78 119
78 120
78 121
78 122
78 123
78 124
78 125
78 126
78 127
78 128
78 129
78 130
78 131
78 132
78 133
78 134
78 135
78 136
78 137
78 138
78 139
78 140
78 141
78 142
78 143
78 144
78 145
78 146
78 147
78 148
78 149
79 95
79 96
79 97
79 98
79 99
79 100
79 101
79 102
79 103
79 104
79 105
79 106
79 107
79 108
79 109
79 110
79 111
79 112
79 113
79 114
79 115
79 116
79 117
79 118
79 119
79 120
79 121
79 122
79 123
79 124
79 125
79 126
79 127
79 128
79 129
79 130
79 131
79 132
79 133
79 134
79 135
79 136
79 137
79 138
79 139
79 140
79 141
79 142
79 143
79 144
79 145
79 146
79 147
79 148
79 149
80 95
80 96
80 97
80 98
80 99
80 100
80 101
80 102
80 103
80 104
80 105
80 106
80 107
80 108
80 109
80 110
80 111
80 112
80 113
80 114
80 115
80 116
80 117
80 118
80 119
80 120
80 121
80 122
80 123
80 124
80 125
80 126
80 127
80 128
80 129
80 130
80 131
80 132
80 133
80 134
80 135
80 136
80 137
80 138
80 139
80 140
80 141
80 142
80 143
80 144
80 145
80 146
80 147
80 148
80 149
81 95
81 96
81 97
81 98
81 99
81 100
81 101
81 102
81 103
81 104
81 105
81 106
81 107
81 108
81 109
81 110
81 111
81 112
81 113
81 114
81 115
81 116
81 117
81 118
81 119
81 120
81 121
81 122
81 123
81 124
81 125
81 126
81 127
81 128
81 129
81 130
81 131
81 132
81 133
81 134
81 135
81 136
81 137
81 138
81 139
81 140
81 141
81 142
81 143
81 144
81 145
81 146
81 147
81 148
81 149
82 95
82 96
82 97
82 98
82 99
82 100
82 101
82 102
82 103
82 104
82 105
82 106
82 107
82 108
82 109
82 110
82 111
82 112
82 113
82 114
82 115
82 116
82 117
82 118
82 119
82 120
82 121
82 122
82 123
82 124
82 125
82 126
82 127
82 128
82 129
82 130
82 131
82 132
82 133
82 134
82 135
82 136
82 137
82 138
82 139
82 140
82 141
82 142
82 143
82 144
82 145
82 146
82 147
82 148
82 149
83 95
83 96
83 97
83 98
83 99
83 100
83 101
83 102
83 103
83 104
83 105
83 106
83 107
83 108
83 109
83 110
83 111
83 112
83 113
83 114
83 115
83 116
83 117
83 118
83 119
83 120
83 121
83 122
83 123
83 124
83 125
83 126
83 127
83 128
83 129
83 130
83 131
83 132
83 133
83 134
83 135
83 136
83 137
83 138
83 139
83 140
83 141
83 142
83 143
83 144
83 145
83 146
83 147
83 148
83 149
84 95
84 96
84 97
84 98
84 99
84 100
84 101
84 102
84 103
84 104
84 105
84 106
84 107
84 108
84 109
84 110
84 111
84 112
84 113
84 114
84 115
84 116
84 117
84 118
84 119
84 120
84 121
84 122
84 123
84 124
84 125
84 126
84 127
84 128
84 129
84 130
84 131
84 132
84 133
84 134
84 135
84 136
84 137
84 138
84 139
84 140
84 141
84 142
84 143
84 144
84 145
84 146
84 147
84 148
84 149
85 95
85 96
85 97
85 98
85 99
85 100
85 101
85 102
85 103
85 104
85 105
85 106
85 107
85 108
85 109
85 110
85 111
85 112
85 113
85 114
85 115
85 116
85 117
85 118
85 119
85 120
85 121
85 122
85 123
85 124
85 125
85 126
85 127
85 128
85 129
85 130
85 131
85 132
85 133
85 134
85 135
85 136
85 137
85 138
85 139
85 140
85 141
85 142
85 143
85 144
85 145
85 146
85 147
85 148
85 149
86 95
86 96
86 97
86 98
86 99
86 100
86 101
86 102
86 103
86 104
86 105
86 106
86 107
86 108
86 109
86 110
86 111
86 112
86 113
86 114
86 115
86 116
86 117
86 118
86 119
86 120
86 121
86 122
86 123
86 124
86 125
86 126
86 127
86 128
86 129
86 130
86 131
86 132
86 133
86 134
86 135
86 136
86 137
86 138
86 139
86 140
86 141
86 142
86 143
86 144
86 145
86 146
86 147
86 148
86 149
87 95
87 96
87 97
87 98
87 99
87 100
87 101
87 102
87 103
87 104
87 105
87 106
87 107
87 108
87 109
87 110
87 111
87 112
87 113
87 114
87 115
87 116
87 117
87 118
87 119
87 120
87 121
87 122
87 123
87 124
87 125
87 126
87 127
87 128
87 129
87 130
87 131
87 132
87 133
87 134
87 135
87 136
87 137
87 138
87 139
87 140
87 141
87 142
87 143
87 144
87 145
87 146
87 147
87 148
87 149
88 95
88 96
88 97
88 98
88 99
88 100
88 101
88 102
88 103
88 104
88 105
88 106
88 107
88 108
88 109
88 110
88 111
88 112
88 113
88 114
88 115
88 116
88 117
88 118
88 119
88 120
88 121
88 122
88 123
88 124
88 125
88 126
88 127
88 128
88 129
88 130
88 131
88 132
88 133
88 134
88 135
88 136
88 137
88 138
88 139
88 140
88 141
88 142
88 143
88 144
88 145
88 146
88 147
88 148
88 149
89 95
89 96
89 97
89 98
89 99
89 100
89 101
89 102
89 103
89 104
89 105
89 106
89 107
89 108
89 109
89 110
89 111
89 112
89 113
89 114
89 115
89 116
89 117
89 118
89 119
89 120
89 121
89 122
89 123
89 124
89 125
89 126
89 127
89 128
89 129
89 130
89 131
89 132
89 133
89 134
89 135
89 136
89 137
89 138
89 139
89 140
89 141
89 142
89 143
89 144
89 145
89 146
89 147
89 148
89 149
90 95
90 96
90 97
90 98
90 99
90 100
90 101
90 102
90 103
90 104
90 105
90 106
90 107
90 108
90 109
90 110
90 111
90 112
90 113
90 114
90 115
90 116
90 117
90 118
90 119
90 120
90 121
90 122
90 123
90 124
90 125
90 126
90 127
90 128
90 129
90 130
90 131
90 132
90 133
90 134
90 135
90 136
90 137
90 138
90 139
90 140
90 141
90 142
90 143
90 144
90 145
90 146
90 147
90 148
90 149
91 95
91 96
91 97
91 98
91 99
91 100
91 101
91 102
91 103
91 104
91 105
91 106
91 107
91 108
91 109
91 110
91 111
91 112
91 113
91 114
91 115
91 116
91 117
91 118
91 119
91 120
91 121
91 122
91 123
91 124
91 125
91 126
91 127
91 128
91 129
91 130
91 131
91 132
91 133
91 134
91 135
91 136
91 137
91 138
91 139
91 140
91 141
91 142
91 143
91 144
91 145
91 146
91 147
91 148
91 149
92 95
92 96
92 97
92 98
92 99
92 100
92 101
92 102
92 103
92 104
92 105
92 106
92 107
92 108
92 109
92 110
92 111
92 112
92 113
92 114
92 115
92 116
92 117
92 118
92 119
92 120
92 121
92 122
92 123
92 124
92 125
92 126
92 127
92 128
92 129
92 130
92 131
92 132
92 133
92 134
92 135
92 136
92 137
92 138
92 139
92 140
92 141
92 142
92 143
92 144
92 145
92 146
92 147
92 148
92 149
93 95
93 96
93 97
93 98
93 99
93 100
93 101
93 102
93 103
93 104
93 105
93 106
93 107
93 108
93 109
93 110
93 111
93 112
93 113
93 114
93 115
93 116
93 117
93 118
93 119
93 120
93 121
93 122
93 123
93 124
93 125
93 126
93 127
93 128
93 129
93 130
93 131
93 132
93 133
93 134
93 135
93 136
93 137
93 138
93 139
93 140
93 141
93 142
93 143
93 144
93 145
93 146
93 147
93 148
93 149
94 95
94 96
94 97
94 98
94 99
94 100
94 101
94 102
94 103
94 104
94 105
94 106
94 107
94 108
94 109
94 110
94 111
94 112
94 113
94 114
94 115
94 116
94 117
94 118
94 119
94 120
94 121
94 122
94 123
94 124
94 125
94 126
94 127
94 128
94 129
94 130
94 131
94 132
94 133
94 134
94 135
94 136
94 137
94 138
94 139
94 140
94 141
94 142
94 143
94 144
94 145
94 146
94 147
94 148
94 149
0 1
0 2
1 2
3 5
3 6
4 5
4 6
0 3
0 4
0 5
0 6
1 3
1 4
1 5
1 6
2 3
2 4
2 5
2 6
9 10
0 7
0 8
0 9
0 10
1 7
1 8
1 9
1 10
2 7
2 8
2 9
2 10
3 7
3 8
3 9
3 10
4 7
4 8
4 9
4 10
5 7
5 8
5 9
5 10
6 7
6 8
6 9
6 10
11 12
13 15
14 15
11 13
11 14
11 15
12 13
12 14
12 15
18 19
17 18
17 19
16 17
16 18
16 19
11 16
11 17
11 18
11 19
12 16
12 17
12 18
12 19
13 16
13 17
13 18
13 19
14 16
14 17
14 18
14 19
15 16
15 17
15 18
15 19
21 22
23 24
20 23
20 24
20 25
21 23
21 24
21 25
22 23
22 24
22 25
28 29
31 32
38 40
38 41
39 40
39 41
42 47
43 47
44 47
45 47
46 47
26 42
26 43
26 44
26 45
26 46
26 47
27 42
27 43
27 44
27 45
27 46
27 47
28 42
28 43
28 44
28 45
28 46
28 47
29 42
29 43
29 44
29 45
29 46
29 47
30 42
30 43
30 44
30 45
30 46
30 47
31 42
31 43
31 44
31 45
31 46
31 47
32 42
32 43
32 44
32 45
32 46
32 47
33 42
33 43
33 44
33 45
33 46
33 47
34 42
34 43
34 44
34 45
34 46
34 47
35 42
35 43
35 44
35 45
35 46
35 47
36 42
36 43
36 44
36 45
36 46
36 47
37 42
37 43
37 44
37 45
37 46
37 47
38 42
38 43
38 44
38 45
38 46
38 47
39 42
39 43
39 44
39 45
39 46
39 47
40 42
40 43
40 44
40 45
40 46
40 47
41 42
41 43
41 44
41 45
41 46
41 47
48 51
49 51
50 51
26 48
26 49
26 50
26 51
26 52
27 48
27 49
27 50
27 51
27 52
28 48
28 49
28 50
28 51
28 52
29 48
29 49
29 50
29 51
29 52
30 48
30 49
30 50
30 51
30 52
31 48
31 49
31 50
31 51
31 52
32 48
32 49
32 50
32 51
32 52
33 48
33 49
33 50
33 51
33 52
34 48
34 49
34 50
34 51
34 52
35 48
35 49
35 50
35 51
35 52
36 48
36 49
36 50
36 51
36 52
37 48
37 49
37 50
37 51
37 52
38 48
38 49
38 50
38 51
38 52
39 48
39 49
39 50
39 51
39 52
40 48
40 49
40 50
40 51
40 52
41 48
41 49
41 50
41 51
41 52
42 48
42 49
42 50
42 51
42 52
43 48
43 49
43 50
43 51
43 52
44 48
44 49
44 50
44 51
44 52
45 48
45 49
45 50
45 51
45 52
46 48
46 49
46 50
46 51
46 52
47 48
47 49
47 50
47 51
47 52
26 53
26 54
27 53
27 54
28 53
28 54
29 53
29 54
30 53
30 54
31 53
31 54
32 53
32 54
33 53
33 54
34 53
34 54
35 53
35 54
36 53
36 54
37 53
37 54
38 53
38 54
39 53
39 54
40 53
40 54
41 53
41 54
42 53
42 54
43 53
43 54
44 53
44 54
45 53
45 54
46 53
46 54
47 53
47 54
48 53
48 54
49 53
49 54
50 53
50 54
51 53
51 54
52 53
52 54
64 65
66 67
66 68
72 73
26 55
26 56
26 57
26 58
26 59
26 60
26 61
26 62
26 63
26 64
26 65
26 66
26 67
26 68
26 69
26 70
26 71
26 72
26 73
26 74
27 55
27 56
27 57
27 58
27 59
27 60
27 61
27 62
27 63
27 64
27 65
27 66
27 67
27 68
27 69
27 70
27 71
27 72
27 73
27 74
28 55
28 56
28 57
28 58
28 59
28 60
28 61
28 62
28 63
28 64
28 65
28 66
28 67
28 68
28 69
28 70
28 71
28 72
28 73
28 74
29 55
29 56
29 57
29 58
29 59
29 60
29 61
29 62
29 63
29 64
29 65
29 66
29 67
29 68
29 69
29 70
29 71
29 72
29 73
29 74
30 55
30 56
30 57
30 58
30 59
30 60
30 61
30 62
30 63
30 64
30 65
30 66
30 67
30 68
30 69
30 70
30 71
30 72
30 73
30 74
31 55
31 56
31 57
31 58
31 59
31 60
31 61
31 62
31 63
31 64
31 65
31 66
31 67
31 68
31 69
31 70
31 71
31 72
31 73
31 74
32 55
32 56
32 57
32 58
32 59
32 60
32 61
32 62
32 63
32 64
32 65
32 66
32 67
32 68
32 69
32 70
32 71
32 72
32 73
32 74
33 55
33 56
33 57
33 58
33 59
33 60
33 61
33 62
33 63
33 64
33 65
33 66
33 67
33 68
33 69
33 70
33 71
33 72
33 73
33 74
34 55
34 56
34 57
34 58
34 59
34 60
34 61
34 62
34 63
34 64
34 65
34 66
34 67
34 68
34 69
34 70
34 71
34 72
34 73
34 74
35 55
35 56
35 57
35 58
35 59
35 60
35 61
35 62
35 63
35 64
35 65
35 66
35 67
35 68
35 69
35 70
35 71
35 72
35 73
35 74
36 55
36 56
36 57
36 58
36 59
36 60
36 61
36 62
36 63
36 64
36 65
36 66
36 67
36 68
36 69
36 70
36 71
36 72
36 73
36 74
37 55
37 56
37 57
37 58
37 59
37 60
37 61
37 62
37 63
37 64
37 65
37 66
37 67
37 68
37 69
37 70
37 71
37 72
37 73
37 74
38 55
38 56
38 57
38 58
38 59
38 60
38 61
38 62
38 63
38 64
38 65
38 66
38 67
38 68
38 69
38 70
38 71
38 72
38 73
38 74
39 55
39 56
39 57
39 58
39 59
39 60
39 61
39 62
39 63
39 64
39 65
39 66
39 67
39 68
39 69
39 70
39 71
39 72
39 73
39 74
40 55
40 56
40 57
40 58
40 59
40 60
40 61
40 62
40 63
40 64
40 65
40 66
40 67
40 68
40 69
40 70
40 71
40 72
40 73
40 74
41 55
41 56
41 57
41 58
41 59
41 60
41 61
41 62
41 63
41 64
41 65
41 66
41 67
41 68
41 69
41 70
41 71
41 72
41 73
41 74
42 55
42 56
42 57
42 58
42 59
42 60
42 61
42 62
42 63
42 64
42 65
42 66
42 67
42 68
42 69
42 70
42 71
42 72
42 73
42 74
43 55
43 56
43 57
43 58
43 59
43 60
43 61
43 62
43 63
43 64
43 65
43 66
43 67
43 68
43 69
43 70
43 71
43 72
43 73
43 74
44 55
44 56
44 57
44 58
44 59
44 60
44 61
44 62
44 63
44 64
44 65
44 66
44 67
44 68
44 69
44 70
44 71
44 72
44 73
44 74
45 55
45 56
45 57
45 58
45 59
45 60
45 61
45 62
45 63
45 64
45 65
45 66
45 67
45 68
45 69
45 70
45 71
45 72
45 73
45 74
46 55
46 56
46 57
46 58
46 59
46 60
46 61
46 62
46 63
46 64
46 65
46 66
46 67
46 68
46 69
46 70
46 71
46 72
46 73
46 74
47 55
47 56
47 57
47 58
47 59
47 60
47 61
47 62
47 63
47 64
47 65
47 66
47 67
47 68
47 69
47 70
47 71
47 72
47 73
47 74
48 55
48 56
48 57
48 58
48 59
48 60
48 61
48 62
48 63
48 64
48 65
48 66
48 67
48 68
48 69
48 70
48 71
48 72
48 73
48 74
49 55
49 56
49 57
49 58
49 59
49 60
49 61
49 62
49 63
49 64
49 65
49 66
49 67
49 68
49 69
49 70
49 71
49 72
49 73
49 74
50 55
50 56
50 57
50 58
50 59
50 60
50 61
50 62
50 63
50 64
50 65
50 66
50 67
50 68
50 69
50 70
50 71
50 72
50 73
50 74
51 55
51 56
51 57
51 58
51 59
51 60
51 61
51 62
51 63
51 64
51 65
51 66
51 67
51 68
51 69
51 70
51 71
51 72
51 73
51 74
52 55
52 56
52 57
52 58
52 59
52 60
52 61
52 62
52 63
52 64
52 65
52 66
52 67
52 68
52 69
52 70
52 71
52 72
52 73
52 74
53 55
53 56
53 57
53 58
53 59
53 60
53 61
53 62
53 63
53 64
53 65
53 66
53 67
53 68
53 69
53 70
53 71
53 72
53 73
53 74
54 55
54 56
54 57
54 58
54 59
54 60
54 61
54 62
54 63
54 64
54 65
54 66
54 67
54 68
54 69
54 70
54 71
54 72
54 73
54 74
75 77
76 77
75 78
75 79
76 78
76 79
77 78
77 79
82 83
80 81
80 82
80 83
26 75
26 76
26 77
26 78
26 79
26 80
26 81
26 82
26 83
27 75
27 76
27 77
27 78
27 79
27 80
27 81
27 82
27 83
28 75
28 76
28 77
28 78
28 79
28 80
28 81
28 82
28 83
29 75
29 76
29 77
29 78
29 79
29 80
29 81
29 82
29 83
30 75
30 76
30 77
30 78
30 79
30 80
30 81
30 82
30 83
31 75
31 76
31 77
31 78
31 79
31 80
31 81
31 82
31 83
32 75
32 76
32 77
32 78
32 79
32 80
32 81
32 82
32 83
33 75
33 76
33 77
33 78
33 79
33 80
33 81
33 82
33 83
34 75
34 76
34 77
34 78
34 79
34 80
34 81
34 82
34 83
35 75
35 76
35 77
35 78
35 79
35 80
35 81
35 82
35 83
36 75
36 76
36 77
36 78
36 79
36 80
36 81
36 82
36 83
37 75
37 76
37 77
37 78
37 79
37 80
37 81
37 82
37 83
38 75
38 76
38 77
38 78
38 79
38 80
38 81
38 82
38 83
39 75
39 76
39 77
39 78
39 79
39 80
39 81
39 82
39 83
40 75
40 76
40 77
40 78
40 79
40 80
40 81
40 82
40 83
41 75
41 76
41 77
41 78
41 79
41 80
41 81
41 82
41 83
42 75
42 76
42 77
42 78
42 79
42 80
42 81
42 82
42 83
43 75
43 76
43 77
43 78
43 79
43 80
43 81
43 82
43 83
44 75
44 76
44 77
44 78
44 79
44 80
44 81
44 82
44 83
45 75
45 76
45 77
45 78
45 79
45 80
45 81
45 82
45 83
46 75
46 76
46 77
46 78
46 79
46 80
46 81
46 82
46 83
47 75
47 76
47 77
47 78
47 79
47 80
47 81
47 82
47 83
48 75
48 76
48 77
48 78
48 79
48 80
48 81
48 82
48 83
49 75
49 76
49 77
49 78
49 79
49 80
49 81
49 82
49 83
50 75
50 76
50 77
50 78
50 79
50 80
50 81
50 82
50 83
51 75
51 76
51 77
51 78
51 79
51 80
51 81
51 82
51 83
52 75
52 76
52 77
52 78
52 79
52 80
52 81
52 82
52 83
53 75
53 76
53 77
53 78
53 79
53 80
53 81
53 82
53 83
54 75
54 76
54 77
54 78
54 79
54 80
54 81
54 82
54 83
55 75
55 76
55 77
55 78
55 79
55 80
55 81
55 82
55 83
56 75
56 76
56 77
56 78
56 79
56 80
56 81
56 82
56 83
57 75
57 76
57 77
57 78
57 79
57 80
57 81
57 82
57 83
58 75
58 76
58 77
58 78
58 79
58 80
58 81
58 82
58 83
59 75
59 76
59 77
59 78
59 79
59 80
59 81
59 82
59 83
60 75
60 76
60 77
60 78
60 79
60 80
60 81
60 82
60 83
61 75
61 76
61 77
61 78
61 79
61 80
61 81
61 82
61 83
62 75
62 76
62 77
62 78
62 79
62 80
62 81
62 82
62 83
63 75
63 76
63 77
63 78
63 79
63 80
63 81
63 82
63 83
64 75
64 76
64 77
64 78
64 79
64 80
64 81
64 82
64 83
65 75
65 76
65 77
65 78
65 79
65 80
65 81
65 82
65 83
66 75
66 76
66 77
66 78
66 79
66 80
66 81
66 82
66 83
67 75
67 76
67 77
67 78
67 79
67 80
67 81
67 82
67 83
68 75
68 76
68 77
68 78
68 79
68 80
68 81
68 82
68 83
69 75
69 76
69 77
69 78
69 79
69 80
69 81
69 82
69 83
70 75
70 76
70 77
70 78
70 79
70 80
70 81
70 82
70 83
71 75
71 76
71 77
71 78
71 79
71 80
71 81
71 82
71 83
72 75
72 76
72 77
72 78
72 79
72 80
72 81
72 82
72 83
73 75
73 76
73 77
73 78
73 79
73 80
73 81
73 82
73 83
74 75
74 76
74 77
74 78
74 79
74 80
74 81
74 82
74 83
0 11
0 12
0 13
0 14
0 15
0 16
0 17
0 18
0 19
0 20
0 21
0 22
0 23
0 24
0 25
0 26
0 27
0 28
0 29
0 30
0 31
0 32
0 33
0 34
0 35
0 36
0 37
0 38
0 39
0 40
0 41
0 42
0 43
0 44
0 45
0 46
0 47
0 48
0 49
0 50
0 51
0 52
0 53
0 54
0 55
0 56
0 57
0 58
0 59
0 60
0 61
0 62
0 63
0 64
0 65
0 66
0 67
0 68
0 69
0 70
0 71
0 72
0 73
0 74
0 75
0 76
0 77
0 78
0 79
0 80
0 81
0 82
0 83
1 11
1 12
1 13
1 14
1 15
1 16
1 17
1 18
1 19
1 20
1 21
1 22
1 23
1 24
1 25
1 26
1 27
1 28
1 29
1 30
1 31
1 32
1 33
1 34
1 35
1 36
1 37
1 38
1 39
1 40
1 41
1 42
1 43
1 44
1 45
1 46
1 47
1 48
1 49
1 50
1 51
1 52
1 53
1 54
1 55
1 56
1 57
1 58
1 59
1 60
1 61
1 62
1 63
1 64
1 65
1 66
1 67
1 68
1 69
1 70
1 71
1 72
1 73
1 74
1 75
1 76
1 77
1 78
1 79
1 80
1 81
1 82
1 83
2 11
2 12
2 13
2 14
2 15
2 16
2 17
2 18
2 19
2 20
2 21
2 22
2 23
2 24
2 25
2 26
2 27
2 28
2 29
2 30
2 31
2 32
2 33
2 34
2 35
2 36
2 37
2 38
2 39
2 40
2 41
2 42
2 43
2 44
2 45
2 46
2 47
2 48
2 49
2 50
2 51
2 52
2 53
2 54
2 55
2 56
2 57
2 58
2 59
2 60
2 61
2 62
2 63
2 64
2 65
2 66
2 67
2 68
2 69
2 70
2 71
2 72
2 73
2 74
2 75
2 76
2 77
2 78
2 79
2 80
2 81
2 82
2 83
3 11
3 12
3 13
3 14
3 15
3 16
3 17
3 18
3 19
3 20
3 21
3 22
3 23
3 24
3 25
3 26
3 27
3 28
3 29
3 30
3 31
3 32
3 33
3 34
3 35
3 36
3 37
3 38
3 39
3 40
3 41
3 42
3 43
3 44
3 45
3 46
3 47
3 48
3 49
3 50
3 51
3 52
3 53
3 54
3 55
3 56
3 57
3 58
3 59
3 60
3 61
3 62
3 63
3 64
3 65
3 66
3 67
3 68
3 69
3 70
3 71
3 72
3 73
3 74
3 75
3 76
3 77
3 78
3 79
3 80
3 81
3 82
3 83
4 11
4 12
4 13
4 14
4 15
4 16
4 17
4 18
4 19
4 20
4 21
4 22
4 23
4 24
4 25
4 26
4 27
4 28
4 29
4 30
4 31
4 32
4 33
4 34
4 35
4 36
4 37
4 38
4 39
4 40
4 41
4 42
4 43
4 44
4 45
4 46
4 47
4 48
4 49
4 50
4 51
4 52
4 53
4 54
4 55
4 56
4 57
4 58
4 59
4 60
4 61
4 62
4 63
4 64
4 65
4 66
4 67
4 68
4 69
4 70
4 71
4 72
4 73
4 74
4 75
4 76
4 77
4 78
4 79
4 80
4 81
4 82
4 83
5 11
5 12
5 13
5 14
5 15
5 16
5 17
5 18
5 19
5 20
5 21
5 22
5 23
5 24
5 25
5 26
5 27
5 28
5 29
5 30
5 31
5 32
5 33
5 34
5 35
5 36
5 37
5 38
5 39
5 40
5 41
5 42
5 43
5 44
5 45
5 46
5 47
5 48
5 49
5 50
5 51
5 52
5 53
5 54
5 55
5 56
5 57
5 58
5 59
5 60
5 61
5 62
5 63
5 64
5 65
5 66
5 67
5 68
5 69
5 70
5 71
5 72
5 73
5 74
5 75
5 76
5 77
5 78
5 79
5 80
5 81
5 82
5 83
6 11
6 12
6 13
6 14
6 15
6 16
6 17
6 18
6 19
6 20
6 21
6 22
6 23
6 24
6 25
6 26
6 27
6 28
6 29
6 30
6 31
6 32
6 33
6 34
6 35
6 36
6 37
6 38
6 39
6 40
6 41
6 42
6 43
6 44
6 45
6 46
6 47
6 48
6 49
6 50
6 51
6 52
6 53
6 54
6 55
6 56
6 57
6 58
6 59
6 60
6 61
6 62
6 63
6 64
6 65
6 66
6 67
6 68
6 69
6 70
6 71
6 72
6 73
6 74
6 75
6 76
6 77
6 78
6 79
6 80
6 81
6 82
6 83
7 11
7 12
7 13
7 14
7 15
7 16
7 17
7 18
7 19
7 20
7 21
7 22
7 23
7 24
7 25
7 26
7 27
7 28
7 29
7 30
7 31
7 32
7 33
7 34
7 35
7 36
7 37
7 38
7 39
7 40
7 41
7 42
7 43
7 44
7 45
7 46
7 47
7 48
7 49
7 50
7 51
7 52
7 53
7 54
7 55
7 56
7 57
7 58
7 59
7 60
7 61
7 62
7 63
7 64
7 65
7 66
7 67
7 68
7 69
7 70
7 71
7 72
7 73
7 74
7 75
7 76
7 77
7 78
7 79
7 80
7 81
7 82
7 83
8 11
8 12
8 13
8 14
8 15
8 16
8 17
8 18
8 19
8 20
8 21
8 22
8 23
8 24
8 25
8 26
8 27
8 28
8 29
8 30
8 31
8 32
8 33
8 34
8 35
8 36
8 37
8 38
8 39
8 40
8 41
8 42
8 43
8 44
8 45
8 46
8 47
8 48
8 49
8 50
8 51
8 52
8 53
8 54
8 55
8 56
8 57
8 58
8 59
8 60
8 61
8 62
8 63
8 64
8 65
8 66
8 67
8 68
8 69
8 70
8 71
8 72
8 73
8 74
8 75
8 76
8 77
8 78
8 79
8 80
8 81
8 82
8 83
9 11
9 12
9 13
9 14
9 15
9 16
9 17
9 18
9 19
9 20
9 21
9 22
9 23
9 24
9 25
9 26
9 27
9 28
9 29
9 30
9 31
9 32
9 33
9 34
9 35
9 36
9 37
9 38
9 39
9 40
9 41
9 42
9 43
9 44
9 45
9 46
9 47
9 48
9 49
9 50
9 51
9 52
9 53
9 54
9 55
9 56
9 57
9 58
9 59
9 60
9 61
9 62
9 63
9 64
9 65
9 66
9 67
9 68
9 69
9 70
9 71
9 72
9 73
9 74
9 75
9 76
9 77
9 78
9 79
9 80
9 81
9 82
9 83
10 11
10 12
10 13
10 14
10 15
10 16
10 17
10 18
10 19
10 20
10 21
10 22
10 23
10 24
10 25
10 26
10 27
10 28
10 29
10 30
10 31
10 32
10 33
10 34
10 35
10 36
10 37
10 38
10 39
10 40
10 41
10 42
10 43
10 44
10 45
10 46
10 47
10 48
10 49
10 50
10 51
10 52
10 53
10 54
10 55
10 56
10 57
10 58
10 59
10 60
10 61
10 62
10 63
10 64
10 65
10 66
10 67
10 68
10 69
10 70
10 71
10 72
10 73
10 74
10 75
10 76
10 77
10 78
10 79
10 80
10 81
10 82
10 83
84 86
84 87
84 88
84 89
85 86
85 87
85 88
85 89
90 92
91 92
94 95
93 96
94 96
95 96
99 100
84 93
84 94
84 95
84 96
84 97
84 98
84 99
84 100
85 93
85 94
85 95
85 96
85 97
85 98
85 99
85 100
86 93
86 94
86 95
86 96
86 97
86 98
86 99
86 100
87 93
87 94
87 95
87 96
87 97
87 98
87 99
87 100
88 93
88 94
88 95
88 96
88 97
88 98
88 99
88 100
89 93
89 94
89 95
89 96
89 97
89 98
89 99
89 100
90 93
90 94
90 95
90 96
90 97
90 98
90 99
90 100
91 93
91 94
91 95
91 96
91 97
91 98
91 99
91 100
92 93
92 94
92 95
92 96
92 97
92 98
92 99
92 100
102 103
108 109
113 114
113 115
113 116
113 117
114 116
114 117
115 116
115 117
121 122
113 118
113 119
113 120
113 121
113 122
114 118
114 119
114 120
114 121
114 122
115 118
115 119
115 120
115 121
115 122
116 118
116 119
116 120
116 121
116 122
117 118
117 119
117 120
117 121
117 122
113 123
114 123
115 123
116 123
117 123
118 123
119 123
120 123
121 123
122 123
125 126
128 131
128 132
128 133
129 131
129 132
129 133
130 131
130 132
130 133
124 128
124 129
124 130
124 131
124 132
124 133
125 128
125 129
125 130
125 131
125 132
125 133
126 128
126 129
126 130
126 131
126 132
126 133
127 128
127 129
127 130
127 131
127 132
127 133
135 136
137 138
137 139
135 137
135 138
135 139
136 137
136 138
136 139
141 142
135 140
135 141
135 142
136 140
136 141
136 142
137 140
137 141
137 142
138 140
138 141
138 142
139 140
139 141
139 142
146 147
110 113
110 114
110 115
110 116
110 117
110 118
110 119
110 120
110 121
110 122
110 123
110 124
110 125
110 126
110 127
110 128
110 129
110 130
110 131
110 132
110 133
110 134
110 135
110 136
110 137
110 138
110 139
110 140
110 141
110 142
110 143
110 144
110 145
110 146
110 147
111 113
111 114
111 115
111 116
111 117
111 118
111 119
111 120
111 121
111 122
111 123
111 124
111 125
111 126
111 127
111 128
111 129
111 130
111 131
111 132
111 133
111 134
111 135
111 136
111 137
111 138
111 139
111 140
111 141
111 142
111 143
111 144
111 145
111 146
111 147
112 113
112 114
112 115
112 116
112 117
112 118
112 119
112 120
112 121
112 122
112 123
112 124
112 125
112 126
112 127
112 128
112 129
112 130
112 131
112 132
112 133
112 134
112 135
112 136
112 137
112 138
112 139
112 140
112 141
112 142
112 143
112 144
112 145
112 146
112 147
101 105
101 106
101 107
101 108
101 109
101 110
101 111
101 112
101 113
101 114
101 115
101 116
101 117
101 118
101 119
101 120
101 121
101 122
101 123
101 124
101 125
101 126
101 127
101 128
101 129
101 130
101 131
101 132
101 133
101 134
101 135
101 136
101 137
101 138
101 139
101 140
101 141
101 142
101 143
101 144
101 145
101 146
101 147
102 105
102 106
102 107
102 108
102 109
102 110
102 111
102 112
102 113
102 114
102 115
102 116
102 117
102 118
102 119
102 120
102 121
102 122
102 123
102 124
102 125
102 126
102 127
102 128
102 129
102 130
102 131
102 132
102 133
102 134
102 135
102 136
102 137
102 138
102 139
102 140
102 141
102 142
102 143
102 144
102 145
102 146
102 147
103 105
103 106
103 107
103 108
103 109
103 110
103 111
103 112
103 113
103 114
103 115
103 116
103 117
103 118
103 119
103 120
103 121
103 122
103 123
103 124
103 125
103 126
103 127
103 128
103 129
103 130
103 131
103 132
103 133
103 134
103 135
103 136
103 137
103 138
103 139
103 140
103 141
103 142
103 143
103 144
103 145
103 146
103 147
104 105
104 106
104 107
104 108
104 109
104 110
104 111
104 112
104 113
104 114
104 115
104 116
104 117
104 118
104 119
104 120
104 121
104 122
104 123
104 124
104 125
104 126
104 127
104 128
104 129
104 130
104 131
104 132
104 133
104 134
104 135
104 136
104 137
104 138
104 139
104 140
104 141
104 142
104 143
104 144
104 145
104 146
104 147
148 149
148 150
151 152
148 151
148 152
149 151
149 152
150 151
150 152
157 159
157 160
158 159
158 160
153 157
153 158
153 159
153 160
154 157
154 158
154 159
154 160
155 157
155 158
155 159
155 160
156 157
156 158
156 159
156 160
161 162
153 161
153 162
154 161
154 162
155 161
155 162
156 161
156 162
157 161
157 162
158 161
158 162
159 161
159 162
160 161
160 162
163 165
164 165
153 163
153 164
153 165
154 163
154 164
154 165
155 163
155 164
155 165
156 163
156 164
156 165
157 163
157 164
157 165
158 163
158 164
158 165
159 163
159 164
159 165
160 163
160 164
160 165
161 163
161 164
161 165
162 163
162 164
162 165
167 168
166 167
166 168
169 170
171 172
166 169
166 170
166 171
166 172
167 169
167 170
167 171
167 172
168 169
168 170
168 171
168 172
178 179
177 178
177 179
176 177
176 178
176 179
175 176
175 177
175 178
175 179
173 175
173 176
173 177
173 178
173 179
174 175
174 176
174 177
174 178
174 179
180 181
173 182
173 183
174 182
174 183
175 182
175 183
176 182
176 183
177 182
177 183
178 182
178 183
179 182
179 183
180 182
180 183
181 182
181 183
166 173
166 174
166 175
166 176
166 177
166 178
166 179
166 180
166 181
166 182
166 183
167 173
167 174
167 175
167 176
167 177
167 178
167 179
167 180
167 181
167 182
167 183
168 173
168 174
168 175
168 176
168 177
168 178
168 179
168 180
168 181
168 182
168 183
169 173
169 174
169 175
169 176
169 177
169 178
169 179
169 180
169 181
169 182
169 183
170 173
170 174
170 175
170 176
170 177
170 178
170 179
170 180
170 181
170 182
170 183
171 173
171 174
171 175
171 176
171 177
171 178
171 179
171 180
171 181
171 182
171 183
172 173
172 174
172 175
172 176
172 177
172 178
172 179
172 180
172 181
172 182
172 183
185 187
186 187
184 185
184 186
184 187
189 190
189 191
192 193
192 194
192 195
193 194
193 195
184 192
184 193
184 194
184 195
184 196
184 197
184 198
184 199
185 192
185 193
185 194
185 195
185 196
185 197
185 198
185 199
186 192
186 193
186 194
186 195
186 196
186 197
186 198
186 199
187 192
187 193
187 194
187 195
187 196
187 197
187 198
187 199
188 192
188 193
188 194
188 195
188 196
188 197
188 198
188 199
189 192
189 193
189 194
189 195
189 196
189 197
189 198
189 199
190 192
190 193
190 194
190 195
190 196
190 197
190 198
190 199
191 192
191 193
191 194
191 195
191 196
191 197
191 198
191 199
166 184
166 185
166 186
166 187
166 188
166 189
166 190
166 191
166 192
166 193
166 194
166 195
166 196
166 197
166 198
166 199
167 184
167 185
167 186
167 187
167 188
167 189
167 190
167 191
167 192
167 193
167 194
167 195
167 196
167 197
167 198
167 199
168 184
168 185
168 186
168 187
168 188
168 189
168 190
168 191
168 192
168 193
168 194
168 195
168 196
168 197
168 198
168 199
169 184
169 185
169 186
169 187
169 188
169 189
169 190
169 191
169 192
169 193
169 194
169 195
169 196
169 197
169 198
169 199
170 184
170 185
170 186
170 187
170 188
170 189
170 190
170 191
170 192
170 193
170 194
170 195
170 196
170 197
170 198
170 199
171 184
171 185
171 186
171 187
171 188
171 189
171 190
171 191
171 192
171 193
171 194
171 195
171 196
171 197
171 198
171 199
172 184
172 185
172 186
172 187
172 188
172 189
172 190
172 191
172 192
172 193
172 194
172 195
172 196
172 197
172 198
172 199
173 184
173 185
173 186
173 187
173 188
173 189
173 190
173 191
173 192
173 193
173 194
173 195
173 196
173 197
173 198
173 199
174 184
174 185
174 186
174 187
174 188
174 189
174 190
174 191
174 192
174 193
174 194
174 195
174 196
174 197
174 198
174 199
175 184
175 185
175 186
175 187
175 188
175 189
175 190
175 191
175 192
175 193
175 194
175 195
175 196
175 197
175 198
175 199
176 184
176 185
176 186
176 187
176 188
176 189
176 190
176 191
176 192
176 193
176 194
176 195
176 196
176 197
176 198
176 199
177 184
177 185
177 186
177 187
177 188
177 189
177 190
177 191
177 192
177 193
177 194
177 195
177 196
177 197
177 198
177 199
178 184
178 185
178 186
178 187
178 188
178 189
178 190
178 191
178 192
178 193
178 194
178 195
178 196
178 197
178 198
178 199
179 184
179 185
179 186
179 187
179 188
179 189
179 190
179 191
179 192
179 193
179 194
179 195
179 196
179 197
179 198
179 199
180 184
180 185
180 186
180 187
180 188
180 189
180 190
180 191
180 192
180 193
180 194
180 195
180 196
180 197
180 198
180 199
181 184
181 185
181 186
181 187
181 188
181 189
181 190
181 191
181 192
181 193
181 194
181 195
181 196
181 197
181 198
181 199
182 184
182 185
182 186
182 187
182 188
182 189
182 190
182 191
182 192
182 193
182 194
182 195
182 196
182 197
182 198
182 199
183 184
183 185
183 186
183 187
183 188
183 189
183 190
183 191
183 192
183 193
183 194
183 195
183 196
183 197
183 198
183 199
148 153
148 154
148 155
148 156
148 157
148 158
148 159
148 160
148 161
148 162
148 163
148 164
148 165
148 166
148 167
148 168
148 169
148 170
148 171
148 172
148 173
148 174
148 175
148 176
148 177
148 178
148 179
148 180
148 181
148 182
148 183
148 184
148 185
148 186
148 187
148 188
148 189
148 190
148 191
148 192
148 193
148 194
148 195
148 196
148 197
148 198
148 199
149 153
149 154
149 155
149 156
149 157
149 158
149 159
149 160
149 161
149 162
149 163
149 164
149 165
149 166
149 167
149 168
149 169
149 170
149 171
149 172
149 173
149 174
149 175
149 176
149 177
149 178
149 179
149 180
149 181
149 182
149 183
149 184
149 185
149 186
149 187
149 188
149 189
149 190
149 191
149 192
149 193
149 194
149 195
149 196
149 197
149 198
149 199
150 153
150 154
150 155
150 156
150 157
150 158
150 159
150 160
150 161
150 162
150 163
150 164
150 165
150 166
150 167
150 168
150 169
150 170
150 171
150 172
150 173
150 174
150 175
150 176
150 177
150 178
150 179
150 180
150 181
150 182
150 183
150 184
150 185
150 186
150 187
150 188
150 189
150 190
150 191
150 192
150 193
150 194
150 195
150 196
150 197
150 198
150 199
151 153
151 154
151 155
151 156
151 157
151 158
151 159
151 160
151 161
151 162
151 163
151 164
151 165
151 166
151 167
151 168
151 169
151 170
151 171
151 172
151 173
151 174
151 175
151 176
151 177
151 178
151 179
151 180
151 181
151 182
151 183
151 184
151 185
151 186
151 187
151 188
151 189
151 190
151 191
151 192
151 193
151 194
151 195
151 196
151 197
151 198
151 199
152 153
152 154
152 155
152 156
152 157
152 158
152 159
152 160
152 161
152 162
152 163
152 164
152 165
152 166
152 167
152 168
152 169
152 170
152 171
152 172
152 173
152 174
152 175
152 176
152 177
152 178
152 179
152 180
152 181
152 182
152 183
152 184
152 185
152 186
152 187
152 188
152 189
152 190
152 191
152 192
152 193
152 194
152 195
152 196
152 197
152 198
152 199
