15 0 50 200
36 34
44 42
45 22
36 35
30 18
42 0
46 43
49 36
39 16
27 25
49 39
39 29
17 4
48 31
42 11
12 5
14 3
36 8
43 37
39 12
42 29
38 5
22 8
48 37
48 21
36 11
36 33
26 25
40 36
38 36
17 12
5 0
19 5
37 14
40 26
28 3
25 3
39 8
36 4
44 28
14 9
44 6
42 23
14 8
44 30
45 30
42 34
42 7
14 6
38 31
28 17
40 11
25 15
47 34
42 26
43 16
39 7
42 30
48 7
49 47
19 11
46 27
35 0
19 16
31 19
40 34
40 24
21 17
22 6
41 12
42 13
42 41
18 14
45 26
34 23
39 33
38 21
28 14
6 5
46 41
25 17
38 6
10 3
49 45
22 19
48 46
14 12
46 19
30 1
24 22
20 3
39 35
23 19
37 26
29 18
39 31
47 15
44 21
32 31
29 2
32 15
38 3
32 21
32 11
33 12
29 4
33 0
27 3
33 28
34 17
39 22
48 4
42 33
21 6
43 14
39 5
27 9
33 5
45 14
38 10
18 0
49 35
44 17
34 11
46 25
33 30
26 16
49 4
29 12
49 6
17 10
16 7
48 25
36 1
49 37
48 17
29 23
43 11
39 14
42 38
49 34
21 12
46 0
27 19
47 35
43 22
29 10
11 0
43 34
45 12
21 2
25 7
40 37
37 35
40 1
49 18
47 9
13 3
42 9
32 5
26 6
35 29
35 5
48 2
41 32
39 19
45 28
16 9
46 23
45 35
37 31
48 20
48 27
45 0
44 40
48 30
42 20
39 20
36 21
23 16
11 10
38 32
20 1
19 18
24 13
42 36
24 18
41 40
49 32
30 14
41 34
11 4
7 2
47 7
41 2
19 9
35 17
29 3
37 4
48 0
