60 6 50 200
49 28
49 14
37 35
59 57
46 24
31 3
43 23
30 8
13 7
42 3
43 26
27 8
32 13
27 0
27 16
36 31
39 14
31 21
9 3
30 10
43 35
10 1
46 17
32 26
30 12
31 9
41 36
37 16
45 28
37 11
40 22
35 24
49 48
34 1
20 16
19 1
29 6
44 36
10 0
2 1
49 41
31 14
37 24
14 4
34 16
44 13
36 4
28 10
46 2
15 13
43 1
42 11
44 12
40 37
39 20
49 20
18 1
21 3
46 14
28 18
45 1
42 6
33 20
30 21
23 5
28 6
34 22
34 21
9 2
26 17
42 41
27 19
39 28
30 18
46 29
49 35
47 43
6 5
24 4
38 22
47 35
44 6
39 35
24 16
48 35
35 25
46 1
34 19
41 17
38 36
45 7
42 12
32 14
41 37
31 25
46 19
11 3
24 22
32 27
38 16
35 15
8 3
21 4
18 13
36 29
22 4
41 7
29 3
24 19
48 18
24 9
40 36
18 6
38 10
24 5
48 47
23 4
44 11
40 3
33 13
21 13
36 32
46 27
45 21
42 35
22 8
44 10
39 15
46 15
37 20
46 11
28 27
34 27
17 5
9 7
26 4
25 18
44 37
19 2
12 10
25 24
43 32
32 29
25 20
48 42
22 1
11 5
14 10
45 16
33 12
40 9
48 15
22 19
21 8
47 46
39 24
46 13
49 31
28 23
30 14
45 24
44 0
14 9
5 1
27 22
40 14
40 32
40 21
36 28
27 25
38 24
33 17
46 32
20 0
45 37
38 32
29 15
38 13
15 7
14 11
39 0
47 37
15 4
35 12
27 1
42 8
36 26
45 34
45 29
15 2
27 17
49 17
44 28
41 19
2 0
42 13
42 0
29 27
12 6
24 15
39 22
44 5
31 15
17 14
17 8
26 11
