35 0 50 200
40 12
43 30
46 9
38 37
41 24
16 13
13 2
37 23
36 34
32 5
31 7
44 40
19 18
25 2
37 27
38 4
41 8
14 5
18 7
37 2
33 16
25 9
21 4
42 18
46 5
35 6
48 13
18 5
38 0
34 21
35 7
46 38
14 13
45 25
11 1
17 11
35 20
30 3
34 4
33 5
28 20
18 17
10 5
33 6
31 16
34 10
32 24
39 1
43 5
22 13
38 33
39 37
29 4
39 5
36 35
43 36
22 3
35 18
6 1
47 2
33 2
20 8
45 9
26 9
17 3
46 30
47 20
43 8
46 31
47 28
46 41
40 11
18 8
47 34
43 37
49 6
47 14
27 14
12 1
39 14
26 2
44 36
36 11
40 18
40 17
23 13
23 17
24 13
44 2
32 19
13 9
21 13
49 32
41 15
14 6
26 4
16 14
46 17
44 29
19 7
43 23
39 12
25 4
39 21
46 32
23 5
37 14
35 29
49 7
30 18
28 22
9 8
24 10
42 12
45 36
45 12
19 9
40 37
39 32
39 38
38 27
45 28
28 15
17 12
35 24
38 1
30 26
28 26
22 12
45 30
32 10
36 23
43 15
34 2
38 11
44 5
38 2
44 24
43 13
46 37
49 24
18 4
45 6
32 26
36 10
36 14
39 9
8 2
48 46
21 3
45 10
12 10
39 8
33 11
42 25
13 12
34 29
40 4
18 1
34 17
32 13
41 31
48 30
42 9
45 4
31 28
26 16
44 4
49 37
11 5
45 5
25 14
28 16
40 36
28 19
34 26
24 12
45 43
42 13
33 1
45 41
29 16
8 4
45 29
44 25
38 8
39 15
36 1
23 20
38 28
17 6
21 12
46 44
46 14
25 8
38 23
37 28
30 16
36 24
10 0
