65 0 50 200
21 16
11 4
17 11
19 9
5 4
40 34
43 38
46 40
21 12
18 9
31 23
41 7
15 4
46 0
36 0
45 33
26 9
29 9
35 11
38 25
42 1
45 8
34 32
23 5
45 41
27 6
41 26
17 15
48 43
34 16
35 6
22 1
45 24
27 10
15 9
47 30
42 29
31 11
47 36
19 7
31 28
41 16
39 38
45 42
21 17
7 0
39 21
43 1
47 1
33 19
35 0
42 6
40 13
17 14
38 5
43 3
47 24
7 5
27 15
4 2
30 28
22 14
17 4
45 19
45 10
24 9
37 27
16 3
48 20
42 37
32 0
32 5
27 14
49 43
6 4
19 2
28 12
24 11
30 29
27 16
20 6
33 4
43 10
27 11
12 5
22 6
39 36
35 15
44 19
30 19
48 9
47 33
34 17
41 13
25 18
12 4
34 8
34 21
49 8
40 29
40 17
42 27
24 3
48 42
24 16
36 17
20 7
45 5
47 40
32 7
43 24
3 0
38 7
48 6
46 18
19 14
31 8
40 2
43 18
36 5
19 4
38 11
49 7
47 15
9 4
37 2
33 7
49 25
27 12
42 24
47 3
14 6
28 22
18 3
44 3
39 35
33 25
31 27
45 31
44 6
39 33
44 8
38 27
41 17
32 23
47 37
27 25
39 20
40 1
24 18
49 22
43 9
37 33
36 16
31 19
40 12
34 4
32 30
40 10
32 1
19 0
33 0
44 42
18 14
45 16
26 3
43 11
33 5
28 6
26 15
25 12
43 36
42 16
12 7
19 8
42 30
45 3
28 4
37 5
35 29
11 9
49 33
12 0
30 23
9 6
27 22
48 10
41 30
46 26
44 26
44 16
34 25
41 29
44 12
34 33
39 9
38 23
27 24
47 28
37 20
