25 0 50 200
46 17
29 6
29 22
36 14
45 43
47 20
33 1
43 23
21 11
20 17
14 4
29 7
49 16
46 16
12 11
31 10
27 3
46 0
29 13
37 10
12 0
29 25
42 39
32 6
18 16
35 29
8 0
43 28
31 16
21 1
33 32
25 21
25 0
27 16
24 17
49 34
16 14
29 4
20 7
39 38
27 21
48 18
23 19
39 13
33 29
45 9
33 24
43 29
48 44
48 7
49 17
23 5
21 4
29 8
48 24
37 31
44 32
23 17
19 6
25 3
33 2
48 47
44 28
47 4
44 40
39 22
23 22
25 5
47 6
48 33
49 45
29 27
27 2
47 12
28 11
46 27
30 27
26 5
41 26
32 23
6 0
28 2
49 25
47 2
32 28
46 12
19 17
28 0
30 11
36 30
40 37
49 43
43 31
46 1
45 14
45 30
45 36
15 7
45 20
24 6
35 32
16 11
45 31
41 15
36 1
41 6
25 8
36 12
37 24
37 32
9 6
17 9
34 27
33 5
42 24
35 21
14 8
23 21
49 26
49 3
36 24
42 16
23 8
27 4
33 11
29 24
25 18
34 29
41 9
24 13
41 18
20 1
34 5
41 28
45 35
22 12
6 4
7 3
27 12
36 34
40 23
19 4
43 3
40 13
4 2
47 7
45 17
33 20
19 12
43 22
38 5
15 10
45 24
43 1
34 2
40 19
29 10
34 13
49 9
36 21
41 17
41 25
35 10
47 31
45 32
9 2
47 46
15 3
3 1
20 9
2 0
45 13
49 0
19 1
45 21
16 12
49 24
14 0
20 6
25 16
14 7
25 12
44 16
28 14
13 11
44 20
28 17
35 27
35 12
6 3
5 2
30 13
49 22
48 41
44 30
42 5
38 12
37 15
44 31
15 6
