50 4 50 200
49 28
49 14
37 35
12 3
36 17
32 25
46 45
47 25
28 5
46 39
29 11
48 28
13 5
46 34
37 32
41 16
43 33
15 12
40 27
32 7
42 24
49 4
39 20
30 8
22 17
38 25
48 27
32 28
6 3
41 28
44 39
17 14
28 26
33 2
14 11
21 1
49 43
15 13
43 35
48 36
44 19
31 20
47 4
29 5
46 22
21 11
37 1
42 1
14 1
11 0
46 16
48 6
29 24
37 16
37 23
44 4
34 4
41 27
35 14
32 31
9 5
42 38
48 33
22 10
38 27
38 35
31 21
24 14
27 9
36 21
42 19
28 6
49 28
16 15
31 24
33 19
46 42
46 20
37 11
9 2
47 32
31 10
34 9
16 5
44 16
18 10
7 1
46 13
42 13
18 7
39 36
49 12
29 16
45 12
34 29
34 16
37 2
38 13
35 16
19 4
38 16
45 13
27 14
22 6
42 4
41 29
42 32
43 9
32 9
32 14
41 4
31 17
36 9
46 40
35 19
31 22
7 5
24 13
11 8
34 13
27 3
39 25
41 6
26 18
27 7
29 22
10 9
42 21
25 4
37 5
18 14
40 28
30 16
41 33
47 23
45 23
26 25
7 6
22 2
40 6
47 39
29 14
26 5
34 0
18 4
39 18
30 19
41 40
41 7
17 1
47 28
28 14
26 11
25 21
39 23
36 3
23 4
28 4
43 18
27 21
33 9
26 13
30 10
27 23
43 7
35 25
44 26
47 41
45 28
37 3
39 34
42 11
49 16
24 5
48 25
38 1
25 6
23 15
45 44
39 17
44 8
10 4
46 9
45 16
21 13
41 36
40 24
40 18
19 3
42 37
30 3
22 4
31 25
23 5
11 10
48 17
40 17
29 13
37 13
23 13
44 3
14 7
48 5
34 8
