5 
0 0.1958790000 0.1956690000 0.1916210000 0.1910060000 0.1936320000 
30 0.4530820000 0.4489720000 0.4501800000 0.4521860000 0.4524140000 
60 0.2513920000 0.2526820000 0.2506310000 0.2492970000 0.2518870000 
90 0.7505130000 0.7421490000 0.7396690000 0.7417210000 0.7364750000 
120 0.5042340000 0.5016420000 0.5023010000 0.5022440000 0.5035170000 
150 0.7618740000 0.7661300000 0.7644280000 0.7625340000 0.7626160000 
180 1.5278970000 1.5349400000 1.5335340000 1.5195120000 1.5259720000 
210 1.0279750000 1.0258770000 1.0243580000 1.0223370000 1.0241440000 
240 0.7816590000 0.7795900000 0.7760610000 0.7782170000 0.7745540000 
270 0.5246420000 0.5235130000 0.5239230000 0.5245940000 0.5221610000 
300 0.2740600000 0.2721450000 0.2690490000 0.2729030000 0.2713530000 
330 0.2731710000 0.2713090000 0.2763290000 0.2708380000 0.2723620000 
