5 
0 0.1929490000 0.1922690000 0.1923090000 0.1927300000 0.1929180000 
30 0.2328650000 0.2366100000 0.2314280000 0.2314180000 0.2326860000 
60 0.2553060000 0.2541390000 0.2518290000 0.2505640000 0.2529380000 
90 0.4905110000 0.4908570000 0.4904100000 0.4920850000 0.4916940000 
120 0.7462470000 0.7451830000 0.7511460000 0.7471250000 0.7453390000 
150 0.7639470000 0.7566760000 0.7584180000 0.7586850000 0.7588050000 
180 0.5111190000 0.5143750000 0.5151250000 0.5140570000 0.5181450000 
210 2.5456080000 2.5285400000 2.5327060000 2.5276150000 2.5445100000 
240 2.5515430000 2.5524680000 2.5533320000 2.5525310000 2.5541170000 
270 2.8133390000 2.8155160000 2.8052180000 2.8069260000 2.8037220000 
300 4.3432560000 4.3422400000 4.3508940000 4.3325090000 4.3343800000 
330 0.2711670000 0.2691800000 0.2725120000 0.2714320000 0.2761190000 
