65 195 65 195
49 28
49 14
37 35
59 57
46 24
31 3
38 3
48 3
18 11
49 19
49 37
45 39
27 10
57 53
59 24
63 26
53 38
49 18
36 13
38 17
56 35
56 16
29 14
58 48
49 9
63 29
33 23
58 34
44 25
53 18
27 1
43 9
33 15
62 27
53 5
15 9
36 9
50 44
20 11
24 4
12 0
37 6
45 21
57 28
61 53
59 21
15 1
40 18
57 29
23 17
50 43
51 36
58 5
57 16
28 13
20 12
53 8
54 10
55 19
25 18
28 9
28 11
17 5
29 2
64 24
38 37
38 14
8 5
56 6
60 4
7 4
40 1
38 7
57 41
13 4
29 28
33 14
62 4
23 2
51 39
49 17
50 47
49 46
62 3
44 16
9 8
37 32
16 11
42 12
54 42
22 7
58 14
63 54
55 18
61 5
33 27
39 8
55 25
49 39
43 5
33 8
35 24
55 29
45 33
64 28
31 27
63 12
59 28
36 8
58 56
63 25
10 3
11 6
32 10
20 0
12 1
49 24
37 21
48 23
47 15
37 30
52 22
55 2
40 19
34 0
57 8
54 17
35 17
56 54
47 44
47 1
40 2
64 47
32 0
19 16
50 15
45 12
53 16
49 48
62 7
63 33
30 22
58 27
39 28
61 1
31 29
44 2
49 25
38 29
64 20
52 51
46 14
23 13
33 4
21 0
18 8
46 3
41 2
55 47
13 0
59 55
16 15
61 43
27 5
52 19
39 4
24 0
39 29
29 8
61 39
58 31
8 1
43 16
63 7
61 42
47 6
51 29
61 28
47 23
28 4
45 25
54 43
26 21
57 46
60 11
52 11
16 1
43 42
54 52
23 19
60 46
30 28
44 0
58 30
56 13
21 16
11 4
17 11
50 8
5 4
40 34
52 49
60 43
21 12
50 38
52 36
63 46
15 4
63 44
36 0
45 33
26 9
55 42
35 11
38 25
42 1
60 39
34 32
51 6
45 41
27 6
62 45
53 51
48 43
34 16
52 41
22 1
45 24
57 52
57 25
52 14
57 17
64 55
62 61
51 14
50 6
41 16
39 38
45 42
21 17
7 0
52 35
52 6
47 1
58 6
35 0
42 6
40 13
17 14
54 35
43 3
56 29
7 5
27 15
4 2
30 28
22 14
17 4
58 38
45 10
64 31
37 27
58 14
48 20
42 37
32 0
58 12
58 25
62 4
6 4
19 2
58 33
24 11
30 29
27 16
20 6
33 4
43 10
27 11
60 3
22 6
53 38
35 15
44 19
50 40
48 9
51 13
63 31
55 41
25 18
12 4
53 22
59 58
49 8
40 29
40 17
42 27
24 3
56 37
61 14
36 17
59 36
63 56
47 40
32 7
57 28
3 0
38 7
48 6
53 7
19 14
31 8
40 2
43 18
63 14
57 3
38 11
54 8
47 15
9 4
63 52
33 7
49 25
27 12
59 30
47 3
57 36
63 40
18 3
62 50
64 57
33 25
31 27
45 31
51 1
39 33
61 31
63 62
41 17
58 22
62 30
58 13
55 12
56 21
24 18
49 22
43 9
52 42
63 47
31 19
63 4
34 4
32 30
40 10
32 1
19 0
57 45
63 32
52 0
45 16
26 3
43 11
33 5
62 13
26 15
64 39
64 38
53 17
12 7
19 8
42 30
55 22
28 4
37 5
35 29
11 9
49 33
12 0
53 19
50 30
53 36
48 10
64 42
63 17
44 26
44 16
34 25
41 29
44 12
34 33
