55 165 55 165
49 28
49 14
37 35
53 32
46 24
31 3
38 3
48 3
18 11
49 19
49 37
45 39
27 10
2 1
48 38
40 12
53 38
49 18
36 13
38 17
34 28
41 6
29 14
34 17
49 9
20 2
33 23
53 51
44 25
53 18
27 1
43 9
33 15
34 24
53 5
15 9
36 9
50 44
20 11
24 4
12 0
37 6
45 21
44 5
42 18
53 35
15 1
40 18
42 21
23 17
50 43
51 36
39 9
9 7
28 13
20 12
53 8
54 10
43 7
25 18
28 9
28 11
17 5
29 2
31 21
38 37
38 14
8 5
33 29
37 36
7 4
40 1
38 7
44 19
13 4
29 28
33 14
38 5
23 2
51 39
49 17
50 47
49 46
6 4
44 16
9 8
37 32
16 11
42 12
54 42
22 7
23 11
52 17
46 25
18 4
33 27
39 8
43 35
49 39
43 5
33 8
35 24
53 29
45 33
26 14
31 27
28 17
31 26
36 8
41 19
46 4
10 3
11 6
32 10
20 0
12 1
49 24
37 21
48 23
47 15
37 30
52 22
50 26
40 19
34 0
51 28
54 17
35 17
29 13
47 44
47 1
40 2
50 45
32 0
19 16
50 15
45 12
53 16
49 48
49 0
53 24
30 22
37 18
39 28
52 10
31 29
44 2
49 25
38 29
47 12
52 51
46 14
23 13
33 4
21 0
18 8
46 3
41 2
53 3
13 0
13 7
16 15
36 1
27 5
52 19
31 28
46 40
40 26
31 4
43 27
40 34
31 21
37 11
24 8
50 27
35 24
34 28
28 15
50 3
50 31
51 8
17 4
17 16
18 11
41 11
14 8
41 39
40 17
48 24
36 35
51 39
39 10
46 11
20 11
12 7
39 13
15 3
12 9
23 8
49 37
49 17
34 3
33 24
37 9
11 6
27 15
53 12
19 18
38 28
33 32
32 8
48 4
17 1
40 27
49 30
41 0
48 28
53 30
21 0
38 15
26 2
43 37
12 10
45 9
18 0
30 8
9 4
44 35
31 8
49 12
53 33
25 8
36 30
25 15
40 29
29 8
42 10
20 15
48 40
26 8
52 36
40 36
31 13
5 1
47 2
33 13
20 9
51 40
17 15
32 0
47 30
48 27
25 1
16 15
48 19
39 32
43 2
10 7
52 35
43 31
48 47
19 14
21 10
34 7
48 7
38 25
13 7
47 1
7 4
19 6
48 14
54 50
54 13
32 21
43 15
45 19
24 11
30 14
11 0
48 29
27 26
44 16
28 10
23 22
41 8
34 6
20 2
38 12
23 5
38 8
45 39
27 5
39 36
53 10
28 19
52 43
53 28
51 32
37 35
42 34
48 6
52 46
51 49
47 38
35 31
36 14
54 12
49 7
50 41
47 36
30 12
4 2
38 13
47 19
54 48
29 23
42 8
12 2
38 36
38 11
25 6
15 6
54 37
43 20
19 10
47 24
37 21
51 47
30 28
49 15
