30 90 30 90
15 5
24 14
5 1
12 3
20 19
17 6
6 2
24 17
18 11
26 25
15 10
25 22
27 10
2 1
12 9
24 5
28 22
27 24
18 0
15 11
17 7
26 4
29 14
16 13
27 12
20 2
7 6
23 22
14 13
21 3
27 1
29 21
23 20
24 12
28 18
15 9
26 16
29 7
20 11
24 4
12 0
21 17
29 0
13 1
23 6
19 5
15 1
1 0
26 3
23 17
19 11
18 12
18 10
9 7
28 13
20 12
10 4
15 0
17 13
25 18
28 9
28 11
17 5
29 2
29 22
27 3
4 2
8 5
29 15
28 7
7 4
25 11
20 6
8 3
13 4
29 28
29 17
27 7
23 2
24 11
7 2
16 2
26 20
6 4
16 6
9 8
16 0
16 11
26 7
2 0
24 13
29 22
7 3
26 10
4 3
19 4
20 15
26 1
19 10
27 5
12 9
28 22
11 0
9 4
18 7
19 1
7 6
25 24
20 19
28 14
23 16
18 10
18 17
12 7
18 4
19 0
21 19
17 2
27 2
29 8
16 13
25 11
27 0
16 6
20 10
5 4
7 2
29 5
10 4
26 22
19 9
11 1
19 8
21 20
13 12
17 1
18 14
28 10
13 4
23 22
29 23
28 16
25 15
18 12
22 11
2 1
25 10
28 0
16 4
16 2
16 9
6 4
20 2
23 5
28 25
25 20
29 9
29 13
16 3
22 14
28 13
28 20
29 1
27 14
23 13
21 16
12 4
19 18
9 7
29 10
28 8
20 9
21 3
18 0
28 19
27 12
27 6
25 5
23 14
29 12
