35 105 35 105
15 5
24 14
5 1
12 3
33 32
31 3
6 2
24 17
18 11
26 25
33 30
25 22
27 10
2 1
34 6
24 5
28 22
27 24
18 0
15 11
34 28
26 4
29 14
34 17
27 12
20 2
33 23
33 31
14 13
21 3
27 1
29 21
33 15
34 24
28 18
15 9
33 1
29 7
20 11
24 4
12 0
21 17
29 0
34 13
23 6
19 5
15 1
1 0
26 3
23 17
34 30
18 12
18 10
9 7
28 13
20 12
10 4
15 0
17 13
25 18
28 9
28 11
17 5
29 2
31 21
27 3
4 2
8 5
33 29
28 7
7 4
31 20
20 6
34 18
13 4
29 28
33 14
27 7
23 2
24 11
7 2
34 10
31 24
6 4
16 6
9 8
16 0
16 11
26 7
30 13
22 7
23 11
30 19
21 8
18 4
33 27
21 15
30 2
30 8
19 8
33 8
31 10
19 9
31 22
26 14
20 18
23 22
13 11
33 19
29 24
16 13
13 2
22 14
18 3
32 5
31 7
13 1
19 18
25 2
22 9
19 16
12 2
14 5
18 7
30 6
33 16
25 9
21 4
24 22
20 19
30 17
17 10
18 5
31 1
34 21
24 8
17 15
14 13
27 0
11 1
17 11
30 13
30 3
34 4
33 5
28 20
18 17
10 5
33 6
31 16
34 10
32 24
33 24
9 2
22 13
33 27
22 11
29 4
15 10
29 17
33 7
22 3
29 18
6 1
17 5
33 2
20 8
29 15
26 9
17 3
32 20
19 10
13 0
15 5
31 19
21 8
12 4
18 8
10 1
33 32
31 2
8 3
27 14
12 1
16 5
26 2
31 21
26 11
28 8
26 6
23 13
23 17
24 13
28 27
32 19
13 9
21 13
33 21
34 6
14 6
26 4
16 14
25 22
24 20
19 7
23 3
27 1
25 4
18 9
21 19
