45 135 45 135
15 5
24 14
37 35
12 3
33 32
31 3
38 3
42 35
18 11
43 23
40 15
25 22
27 10
2 1
34 6
40 12
35 7
43 26
36 13
38 17
34 28
41 6
29 14
34 17
27 12
20 2
33 23
41 32
44 25
43 20
27 1
43 9
33 15
34 24
28 18
15 9
36 9
38 12
20 11
24 4
12 0
37 6
43 29
44 5
42 18
19 5
15 1
40 18
42 21
23 17
38 20
18 12
39 9
9 7
28 13
20 12
10 4
15 0
43 7
25 18
28 9
28 11
17 5
29 2
31 21
38 37
38 14
8 5
33 29
37 36
7 4
40 1
38 7
44 19
13 4
29 28
33 14
38 5
23 2
24 11
43 30
34 10
35 18
6 4
44 16
9 8
37 32
16 11
42 12
30 13
22 7
23 11
43 19
35 4
18 4
33 27
39 8
43 35
40 9
43 5
33 8
35 24
19 9
36 24
26 14
31 27
28 17
31 26
36 8
41 19
14 1
10 3
11 6
32 10
20 0
12 1
31 19
37 21
34 29
41 31
37 30
33 16
12 8
40 19
34 0
38 18
31 15
35 17
29 13
25 9
25 1
40 2
42 17
32 0
19 16
10 9
36 16
34 21
35 31
26 11
43 2
10 4
17 12
30 20
44 39
43 9
25 22
23 10
31 14
30 17
5 2
41 10
25 24
41 30
25 12
25 23
19 3
30 1
16 15
29 1
20 12
23 8
34 24
30 22
29 3
10 0
36 10
42 26
30 5
33 7
23 12
20 3
44 24
37 8
21 6
15 9
37 28
39 15
42 0
36 31
21 7
42 6
32 18
29 14
36 26
32 7
23 14
25 10
42 15
42 20
35 10
26 13
11 2
12 10
42 29
27 16
43 5
26 22
37 7
39 14
18 2
40 4
43 41
42 21
25 13
44 32
21 16
36 23
18 17
32 21
27 4
36 33
40 21
23 3
31 16
28 2
16 3
33 10
23 9
41 37
29 10
17 6
35 30
20 14
31 1
38 21
19 10
27 8
34 25
17 1
34 15
40 0
7 2
44 5
37 34
16 11
34 31
42 34
30 24
43 11
39 28
39 21
31 18
16 12
42 27
25 15
35 2
40 39
40 1
43 35
40 28
26 0
26 5
43 14
2 1
42 38
13 6
34 2
39 23
40 37
36 18
25 4
25 7
3 1
40 9
20 2
33 30
5 0
23 18
9 6
