40 120 40 120
15 5
24 14
37 35
12 3
33 32
31 3
38 3
24 17
18 11
26 25
33 30
25 22
27 10
2 1
34 6
24 5
35 7
27 24
36 13
38 17
34 28
37 26
29 14
34 17
27 12
20 2
33 23
33 31
14 13
21 3
27 1
29 21
33 15
34 24
28 18
15 9
36 9
38 12
20 11
24 4
12 0
37 6
29 0
34 13
23 6
19 5
15 1
39 32
26 3
23 17
38 20
18 12
39 9
9 7
28 13
20 12
10 4
15 0
17 13
25 18
28 9
28 11
17 5
29 2
31 21
38 37
38 14
8 5
33 29
37 36
7 4
38 15
38 7
36 3
13 4
29 28
33 14
38 5
23 2
24 11
7 2
34 10
35 18
6 4
16 6
9 8
37 32
16 11
26 7
30 13
22 7
23 11
30 19
35 4
18 4
33 27
39 8
38 16
30 8
19 8
33 8
35 24
19 9
36 24
26 14
31 27
28 17
31 26
36 8
15 8
14 1
10 3
11 6
32 10
20 0
12 1
31 19
37 21
34 29
32 18
11 2
38 33
12 11
37 24
34 33
18 4
37 32
17 6
26 12
31 26
35 30
28 18
38 2
22 18
36 7
17 16
24 15
15 14
30 9
34 28
28 12
22 9
27 18
19 0
28 25
37 13
26 15
15 9
34 13
9 4
24 20
37 17
22 20
37 30
28 14
19 3
25 6
34 3
24 9
24 23
28 7
6 4
19 9
32 10
36 11
26 20
16 3
27 25
22 7
14 7
24 19
13 3
35 17
9 1
30 8
17 7
27 12
23 17
27 7
26 8
22 15
37 29
10 0
31 2
26 16
11 3
11 6
6 0
20 15
8 7
38 1
21 20
34 11
33 32
21 10
23 8
20 13
11 8
9 5
28 2
25 23
22 0
38 17
36 30
21 15
33 15
20 16
39 24
8 5
22 12
16 10
20 2
36 31
19 5
28 0
27 1
25 18
33 30
39 17
22 19
30 27
21 5
21 13
29 3
14 3
39 13
38 13
25 14
29 15
39 10
33 17
26 0
26 22
23 21
38 4
26 3
34 32
28 1
24 22
23 9
