70 210 70 210
49 28
49 14
37 35
69 48
69 54
31 3
38 3
48 3
18 11
69 43
49 37
45 39
27 10
57 53
59 24
63 26
53 38
49 18
36 13
38 17
56 35
56 16
29 14
68 40
49 9
63 29
33 23
58 34
44 25
53 18
27 1
43 9
33 15
67 44
53 5
15 9
36 9
50 44
20 11
24 4
12 0
37 6
45 21
57 28
61 53
59 21
15 1
40 18
57 29
23 17
50 43
51 36
68 8
57 16
28 13
20 12
53 8
54 10
55 19
25 18
28 9
28 11
17 5
29 2
64 24
38 37
38 14
8 5
56 6
60 4
7 4
40 1
38 7
57 41
13 4
29 28
33 14
62 4
23 2
51 39
49 17
50 47
49 46
62 3
44 16
9 8
37 32
16 11
67 54
54 42
66 60
58 14
63 54
55 18
61 5
33 27
65 15
68 1
49 39
43 5
33 8
66 6
55 29
45 33
64 28
31 27
63 12
59 28
36 8
58 56
63 25
10 3
11 6
32 10
20 0
12 1
49 24
37 21
69 15
47 15
37 30
52 22
55 2
40 19
34 0
57 8
54 17
35 17
65 4
47 44
65 32
40 2
64 47
32 0
19 16
50 15
45 12
53 16
65 42
62 7
66 45
68 65
66 63
39 28
61 1
31 29
44 2
49 25
38 29
64 20
52 51
46 14
23 13
33 4
21 0
18 8
46 3
67 9
55 47
13 0
59 55
16 15
61 43
27 5
52 19
39 4
24 0
39 29
29 8
61 39
66 7
67 4
68 34
63 7
61 42
47 6
51 29
61 28
67 31
28 4
45 25
54 43
26 21
57 46
60 11
52 11
16 1
43 42
54 52
23 19
60 46
30 28
44 0
58 30
56 13
66 20
12 4
38 1
36 35
66 21
42 40
65 14
11 5
64 57
67 39
40 37
61 14
55 27
41 9
61 60
21 17
51 34
33 20
35 25
40 29
39 6
61 37
51 33
36 9
51 6
28 6
39 38
16 10
19 8
12 11
34 9
69 56
37 33
59 14
43 10
22 2
29 20
31 17
33 7
34 15
66 21
44 23
62 27
61 14
59 26
62 20
68 43
63 17
52 13
66 2
24 18
39 20
41 35
53 33
12 1
12 6
67 4
37 10
17 7
63 61
48 22
54 21
40 34
62 37
59 19
50 31
23 17
24 21
58 30
61 30
62 1
52 10
48 29
44 19
47 12
23 12
38 34
61 20
41 29
41 17
46 2
39 16
69 4
60 1
49 39
31 14
61 13
50 5
24 4
57 19
64 12
65 26
25 22
45 42
43 9
52 32
53 51
59 45
44 36
63 32
66 41
38 6
61 49
22 20
62 10
62 61
16 2
55 50
40 36
46 28
45 10
47 45
9 4
15 0
61 31
66 22
61 27
61 38
44 10
59 3
40 31
36 10
34 8
56 23
61 0
53 1
54 29
23 9
68 64
55 9
58 57
62 43
57 33
55 23
68 57
60 25
46 13
46 35
52 41
41 3
16 4
69 36
22 17
25 10
40 32
47 24
4 0
38 26
45 36
59 52
42 1
54 8
49 28
68 63
66 58
49 33
61 18
29 19
55 39
18 9
44 17
29 0
23 7
41 4
23 1
33 18
41 21
59 41
37 2
59 6
12 2
58 41
42 12
65 48
62 46
22 19
34 27
53 40
67 21
33 26
33 9
42 13
64 46
60 26
35 15
30 0
16 14
49 21
54 40
62 22
62 4
27 24
43 21
59 43
13 6
29 7
41 19
49 40
32 13
28 2
69 64
25 9
57 32
50 46
40 37
63 54
29 22
55 8
58 1
27 17
58 40
4 1
65 3
68 36
65 41
67 2
66 6
58 17
44 27
62 53
59 16
48 40
40 7
64 33
19 11
