60 180 60 180
49 28
49 14
37 35
59 57
46 24
31 3
38 3
48 3
18 11
49 19
49 37
45 39
27 10
57 53
59 24
40 12
53 38
49 18
36 13
38 17
56 35
56 16
29 14
58 48
49 9
20 2
33 23
58 34
44 25
53 18
27 1
43 9
33 15
34 24
53 5
15 9
36 9
50 44
20 11
24 4
12 0
37 6
45 21
57 28
42 18
59 21
15 1
40 18
57 29
23 17
50 43
51 36
58 5
57 16
28 13
20 12
53 8
54 10
55 19
25 18
28 9
28 11
17 5
29 2
31 21
38 37
38 14
8 5
56 6
37 36
7 4
40 1
38 7
57 41
13 4
29 28
33 14
38 5
23 2
51 39
49 17
50 47
49 46
6 4
44 16
9 8
37 32
16 11
42 12
54 42
22 7
58 14
52 17
55 18
18 4
33 27
39 8
55 25
49 39
43 5
33 8
35 24
55 29
45 33
26 14
31 27
28 17
59 28
36 8
58 56
46 4
10 3
11 6
32 10
20 0
12 1
49 24
37 21
48 23
47 15
37 30
52 22
55 2
40 19
34 0
57 8
54 17
35 17
56 54
47 44
47 1
40 2
50 45
32 0
19 16
50 15
45 12
53 16
49 48
49 0
53 24
30 22
58 27
39 28
52 10
31 29
44 2
49 25
38 29
47 12
52 51
46 14
23 13
33 4
21 0
18 8
46 3
41 2
55 47
13 0
59 55
16 15
56 47
27 5
52 19
39 4
24 0
39 29
29 8
44 26
58 31
8 1
43 16
56 4
59 50
47 6
51 29
58 26
47 23
28 4
43 23
30 8
13 7
42 3
43 26
27 8
32 13
52 48
59 24
51 3
39 14
31 21
59 31
30 10
43 35
10 1
52 36
55 40
58 8
55 12
41 36
37 16
45 28
37 11
40 22
59 37
49 48
34 1
20 16
19 1
57 2
57 18
10 0
2 1
50 31
31 14
37 24
57 36
34 16
44 13
55 0
28 10
58 38
53 39
43 1
52 42
44 12
40 37
54 49
49 20
18 1
21 3
46 14
28 18
45 1
42 6
33 20
30 21
58 24
55 5
34 22
34 21
50 10
50 49
42 41
27 19
57 43
52 38
53 32
49 35
52 21
55 34
24 4
53 33
47 35
44 6
39 35
24 16
48 35
35 25
58 34
34 19
41 17
38 36
45 7
42 12
58 9
41 37
31 25
46 19
54 21
24 22
32 27
38 16
35 15
8 3
51 47
18 13
36 29
22 4
41 7
51 17
52 20
59 29
24 9
53 1
52 28
38 10
24 5
59 50
54 33
58 15
53 15
33 13
21 13
36 32
55 14
45 21
42 35
54 27
44 10
39 15
46 15
37 20
56 18
28 27
57 8
55 52
9 7
26 4
50 43
44 37
52 31
12 10
25 24
43 32
32 29
25 20
48 42
22 1
11 5
14 10
45 16
33 12
40 9
54 12
22 19
21 8
47 46
39 24
46 13
59 18
51 42
30 14
45 24
44 0
14 9
5 1
27 22
58 48
40 32
59 33
36 28
27 25
38 24
33 17
46 32
51 8
45 37
38 32
54 32
38 13
15 7
14 11
39 0
54 15
15 4
35 12
58 25
42 8
