20 60 20 60
15 5
10 6
5 1
12 3
15 14
17 6
6 2
15 4
18 11
14 10
15 10
9 3
15 3
2 1
12 9
11 1
11 4
18 13
18 0
15 11
17 7
13 8
11 2
16 13
18 16
17 14
7 6
17 0
14 13
11 3
8 2
14 5
5 3
12 2
16 10
15 9
12 5
14 11
4 3
17 3
12 0
13 2
14 12
13 1
13 11
19 5
15 1
1 0
17 16
18 14
19 11
18 12
18 10
9 7
6 1
11 5
10 4
15 0
17 13
16 12
17 16
15 7
16 8
10 6
12 9
13 7
15 4
8 5
19 2
15 1
18 10
16 11
14 5
5 4
2 0
15 11
15 9
17 2
15 10
9 3
16 15
10 1
11 6
17 12
19 3
19 0
7 1
18 1
14 13
19 5
15 0
11 1
8 3
12 7
2 1
19 18
18 8
14 12
18 17
14 9
7 2
12 1
19 17
15 2
15 5
7 0
16 0
12 6
17 5
19 6
17 13
10 2
18 0
9 8
14 2
19 10
6 4
17 14
5 2
18 15
