50 150 50 150
49 28
49 14
37 35
12 3
46 24
31 3
38 3
48 3
18 11
49 19
49 37
45 39
27 10
2 1
48 38
40 12
47 10
49 18
36 13
38 17
34 28
41 6
29 14
34 17
49 9
20 2
33 23
41 32
44 25
43 20
27 1
43 9
33 15
34 24
28 18
15 9
36 9
49 31
20 11
24 4
12 0
37 6
45 21
44 5
42 18
48 47
15 1
40 18
42 21
23 17
46 32
18 12
39 9
9 7
28 13
20 12
10 4
15 0
43 7
25 18
28 9
28 11
17 5
29 2
31 21
38 37
38 14
8 5
33 29
37 36
7 4
40 1
38 7
44 19
13 4
29 28
33 14
38 5
23 2
24 11
49 17
34 10
49 46
6 4
44 16
9 8
37 32
16 11
42 12
48 24
22 7
23 11
43 19
46 25
18 4
33 27
39 8
43 35
49 39
43 5
33 8
35 24
19 9
45 33
26 14
31 27
28 17
31 26
36 8
41 19
46 4
10 3
11 6
32 10
20 0
12 1
49 24
37 21
48 23
47 15
37 30
33 16
12 8
40 19
34 0
38 18
45 36
35 17
29 13
47 44
47 1
40 2
42 17
32 0
19 16
49 40
45 12
40 28
49 48
49 0
39 24
30 22
37 18
39 28
49 12
31 29
44 2
49 25
38 29
47 12
36 17
32 25
46 45
47 25
28 5
46 39
29 11
48 28
13 5
46 34
37 32
41 16
43 33
15 12
40 27
32 7
42 24
49 4
39 20
30 8
22 17
38 25
48 27
32 28
6 3
41 28
44 39
17 14
28 26
33 2
14 11
21 1
49 43
15 13
43 35
48 36
44 19
31 20
47 4
29 5
46 22
21 11
37 1
42 1
14 1
11 0
46 16
48 6
29 24
37 16
37 23
44 4
34 4
41 27
35 14
32 31
9 5
42 38
48 33
22 10
38 27
38 35
31 21
24 14
27 9
36 21
42 19
28 6
49 28
16 15
31 24
33 19
46 42
46 20
37 11
9 2
47 32
31 10
34 9
16 5
44 16
18 10
7 1
46 13
42 13
18 7
39 36
49 12
29 16
45 12
34 29
34 16
37 2
38 13
35 16
19 4
38 16
45 13
27 14
22 6
42 4
41 29
42 32
43 9
32 9
32 14
41 4
31 17
36 9
46 40
35 19
31 22
7 5
24 13
11 8
34 13
27 3
39 25
41 6
26 18
27 7
29 22
10 9
42 21
25 4
37 5
18 14
40 28
30 16
41 33
47 23
45 23
26 25
7 6
22 2
40 6
47 39
29 14
26 5
34 0
18 4
39 18
30 19
41 40
41 7
17 1
47 28
28 14
26 11
25 21
