240 24 320 2500
182 54
227 68
85 23
230 97
228 215
231 192
192 112
199 121
233 87
231 107
88 51
207 203
27 10
111 82
232 139
153 141
228 63
132 15
200 23
181 92
226 25
122 7
218 42
68 40
132 40
317 161
265 198
150 17
195 108
230 62
247 234
226 179
287 176
128 20
221 64
233 162
319 18
217 107
274 93
305 12
303 116
176 30
80 64
227 80
267 132
199 11
71 40
199 171
317 144
284 272
292 21
311 234
118 112
236 147
169 167
311 300
223 177
297 192
72 4
158 101
210 108
190 143
219 145
275 119
214 65
42 9
229 51
292 110
205 70
139 80
215 26
245 59
293 209
201 177
296 136
183 140
273 247
229 172
207 114
165 20
226 64
272 177
159 66
190 20
294 203
201 176
196 73
251 165
270 2
260 231
177 100
28 5
225 202
299 35
127 50
173 97
167 78
115 105
173 147
77 62
239 72
271 214
98 16
243 41
261 204
253 71
70 59
212 199
318 225
123 111
295 62
301 260
106 65
171 81
307 302
286 107
202 124
236 37
175 3
231 112
281 163
186 124
115 19
274 4
139 49
246 110
201 179
92 43
238 198
221 92
307 33
190 102
52 43
127 106
263 259
221 151
205 182
220 108
278 9
307 119
21 1
311 226
269 234
129 33
178 116
297 136
218 133
223 20
161 94
255 179
291 246
226 51
159 58
71 14
252 201
298 124
281 116
133 24
145 120
261 153
265 34
115 38
79 14
82 3
304 191
296 256
167 99
151 11
172 2
303 236
250 162
269 169
289 222
294 82
249 57
75 29
207 119
116 3
209 170
251 84
238 17
219 160
171 135
294 141
91 16
145 13
102 62
289 260
265 152
297 244
153 21
314 283
237 121
272 166
318 316
276 8
149 138
245 160
223 126
284 191
310 112
158 140
143 122
232 79
282 170
297 1
193 76
203 14
254 8
270 0
193 118
112 1
100 28
202 89
259 42
298 133
313 10
269 111
47 35
127 69
97 35
261 124
285 4
289 287
198 137
152 36
266 1
292 199
131 86
209 201
93 57
181 38
202 152
249 176
250 217
241 66
266 168
148 130
202 108
35 15
232 16
316 148
300 80
294 184
301 244
245 202
72 67
128 67
309 181
41 28
190 87
272 56
259 73
291 115
153 35
184 42
308 250
91 62
165 71
127 111
180 17
211 152
259 26
313 139
243 21
292 135
248 31
250 95
296 118
118 61
259 57
266 60
194 127
241 215
228 54
178 158
199 26
309 170
235 124
136 60
218 186
193 31
89 66
309 269
310 44
61 51
306 121
204 175
281 207
273 253
91 41
198 106
303 131
280 5
124 91
257 43
187 182
282 1
82 72
105 104
307 127
235 189
253 177
206 54
111 1
316 219
41 14
115 87
170 17
149 10
107 56
140 111
279 53
296 155
190 126
310 179
297 87
107 7
94 39
201 149
200 95
217 74
40 0
319 48
157 78
256 121
242 240
71 45
265 117
201 57
103 43
234 225
209 64
199 114
165 97
166 46
309 131
98 2
227 24
114 49
306 50
286 258
169 120
192 88
113 5
84 17
262 82
317 40
303 171
245 149
168 96
231 82
297 159
197 132
249 17
33 5
224 59
286 173
198 115
213 73
65 46
246 0
71 52
44 2
55 16
198 64
298 36
169 3
277 118
99 23
254 54
204 53
262 33
200 51
212 185
106 84
133 20
236 221
172 121
238 181
305 39
234 108
81 37
243 97
35 11
225 111
304 4
286 179
72 65
210 9
227 116
311 29
289 185
262 129
269 243
21 6
319 112
132 59
230 51
312 275
264 111
146 56
184 160
275 211
234 45
187 98
273 171
279 137
108 42
65 33
298 77
259 0
185 47
197 78
255 18
103 77
162 3
244 165
293 273
281 124
258 88
147 47
290 168
74 52
296 43
144 38
253 3
234 22
175 88
275 48
317 125
173 24
250 68
80 51
95 40
281 81
246 44
37 3
108 12
302 12
316 7
267 148
167 38
308 125
269 175
242 237
288 175
218 16
235 150
64 40
35 13
200 74
206 195
38 2
193 115
185 184
84 79
274 230
270 40
297 15
312 78
302 76
225 199
185 31
261 250
87 10
284 41
258 69
211 106
313 244
175 172
259 130
148 125
284 154
314 226
318 53
250 169
143 4
110 61
50 0
172 52
223 137
200 46
283 119
312 233
157 5
201 109
164 8
128 13
162 108
222 159
227 31
186 128
305 189
308 146
81 76
140 83
179 43
314 108
231 74
264 113
260 71
299 251
204 91
260 257
180 68
137 97
158 33
206 188
207 129
290 56
234 137
231 212
301 209
277 225
286 144
305 42
39 6
309 47
277 47
298 118
314 40
152 136
231 116
143 97
205 200
194 26
148 102
157 74
183 44
314 11
83 40
251 113
169 21
261 43
316 41
256 4
215 67
192 81
196 176
189 117
277 267
111 78
133 59
109 84
283 263
256 137
108 57
224 167
163 135
107 11
316 187
282 184
298 125
297 39
284 44
154 99
67 30
289 110
268 245
297 266
219 83
205 77
237 159
234 63
199 150
166 103
289 64
159 86
81 72
230 199
225 72
240 134
201 52
86 17
290 251
243 163
224 71
272 32
306 31
188 4
155 14
282 115
78 77
181 151
35 12
306 44
272 134
146 46
254 173
288 166
186 60
280 144
106 102
284 143
242 3
240 15
178 140
247 195
260 195
48 11
66 25
213 139
252 81
302 236
302 239
303 9
141 51
125 3
124 103
135 39
309 233
277 98
226 67
282 185
319 36
127 26
64 41
274 11
201 147
271 9
257 127
166 40
282 63
310 72
64 37
247 180
159 13
171 27
167 36
99 14
250 237
212 64
234 37
86 50
255 174
60 12
163 155
187 62
200 162
285 214
165 124
203 65
200 175
216 124
97 67
157 65
252 45
244 198
129 105
253 156
188 2
319 72
58 8
48 5
261 240
247 229
47 3
188 1
149 109
297 238
134 77
257 103
213 44
250 19
293 67
119 46
228 101
297 71
247 89
309 228
256 204
218 6
267 218
318 5
236 220
316 260
310 140
98 64
180 71
312 167
222 194
234 135
280 117
248 73
220 56
278 81
304 85
206 81
243 40
178 13
203 86
253 251
229 140
259 238
310 51
290 201
281 266
215 199
206 135
175 8
261 152
56 42
296 161
74 31
302 157
293 159
263 245
309 257
181 34
218 202
313 111
107 8
282 124
182 44
304 129
161 11
267 95
238 88
264 137
214 199
254 69
304 125
309 204
272 28
229 194
288 29
232 200
172 0
81 23
150 5
217 71
118 19
267 165
162 23
273 175
316 81
58 27
285 52
221 130
57 16
289 93
256 18
290 152
261 247
135 83
229 198
285 175
234 196
262 97
265 73
309 36
299 246
139 77
149 81
247 102
181 144
188 34
186 171
163 6
95 48
286 11
173 106
232 196
225 19
319 269
277 107
270 122
101 63
294 291
264 133
215 49
145 125
168 29
287 139
316 158
180 24
266 84
142 125
312 9
291 155
150 27
81 40
138 70
116 29
118 55
207 64
227 138
271 7
319 247
270 68
255 81
214 131
310 60
210 190
283 249
173 88
109 89
208 205
301 161
288 91
174 74
73 7
175 148
110 106
196 150
87 32
292 4
159 101
195 169
120 117
278 219
305 152
273 61
310 239
179 33
252 182
47 41
218 153
186 7
87 77
184 109
195 155
249 187
210 134
74 67
131 73
191 41
192 23
239 25
124 53
202 186
210 207
309 1
276 237
293 244
207 102
279 119
209 102
269 153
153 109
319 202
247 42
121 108
224 33
110 10
188 165
74 38
69 66
246 234
119 45
319 43
272 85
188 153
165 157
130 15
141 99
312 118
254 74
65 8
232 62
248 160
172 15
180 147
298 120
196 180
280 71
149 68
164 61
189 161
204 66
112 86
185 26
297 286
91 24
248 95
252 153
277 119
253 109
236 61
233 102
235 162
199 149
196 17
182 59
222 171
115 5
315 63
262 20
313 138
240 207
185 107
133 29
151 33
224 1
307 272
273 41
160 24
144 87
238 102
135 110
66 9
124 9
65 30
192 11
262 85
247 177
198 16
213 89
77 71
314 308
250 138
196 6
154 136
312 188
246 235
285 44
169 83
312 146
221 175
319 270
92 7
152 147
138 134
191 10
50 48
243 127
266 123
242 92
142 94
299 223
243 143
204 144
261 213
196 29
286 55
249 169
194 109
291 237
219 202
157 43
312 18
203 114
118 26
295 3
309 24
226 103
246 209
206 125
261 125
318 165
311 38
171 156
306 105
230 31
217 77
301 147
279 248
262 9
109 66
220 88
144 118
199 64
114 42
43 26
107 60
113 102
168 127
72 22
230 38
306 248
286 202
316 160
48 18
266 194
236 0
185 181
141 55
265 25
211 66
187 75
153 10
124 80
70 17
145 40
232 224
92 12
183 103
308 272
276 255
72 51
61 11
37 8
317 258
186 33
69 17
244 18
218 110
176 141
271 162
145 23
270 229
202 106
147 9
168 39
304 63
315 58
256 43
51 30
224 110
290 229
135 130
314 259
109 43
263 8
298 191
80 2
241 204
275 254
205 120
247 149
268 51
222 153
303 266
259 173
256 143
188 169
130 84
294 66
142 45
306 123
264 30
181 1
220 217
155 57
215 213
143 64
201 195
315 306
195 178
214 29
186 109
296 74
314 153
215 5
255 51
142 96
301 104
186 10
137 104
149 58
214 51
288 157
311 129
293 22
210 131
144 116
244 12
263 65
119 38
310 56
100 33
263 187
236 36
220 36
240 38
256 57
154 100
243 120
274 161
143 126
238 112
286 191
145 41
151 37
243 234
96 0
211 185
315 135
137 129
313 224
201 93
132 23
234 13
218 85
203 147
259 148
281 72
315 269
308 195
218 161
278 196
209 61
303 281
235 180
144 105
239 202
284 233
267 178
186 153
158 124
215 113
176 103
214 7
63 8
127 6
289 34
296 234
213 69
19 16
167 83
222 182
250 167
194 33
56 3
195 141
200 114
234 169
224 195
283 201
228 67
289 133
190 42
192 70
192 145
263 203
226 158
272 95
229 197
221 59
170 95
202 129
253 37
271 110
170 64
304 184
314 234
214 197
282 29
185 132
277 123
249 35
194 7
240 235
304 181
70 48
135 82
188 49
109 55
301 160
165 85
312 1
212 16
269 76
309 180
230 192
44 42
304 202
127 94
143 74
121 109
289 191
115 44
270 167
205 93
170 131
266 133
212 1
277 203
305 220
231 154
234 226
268 84
215 63
115 81
129 107
271 215
185 97
315 224
214 175
148 55
196 167
257 95
160 62
33 24
203 190
246 13
51 26
281 251
170 103
293 249
133 125
265 221
263 212
163 160
256 14
64 50
104 51
138 115
292 155
200 194
92 47
51 37
123 55
229 192
254 181
267 159
246 211
130 87
226 129
51 10
292 190
99 97
238 75
285 32
51 2
253 77
179 128
307 36
236 228
304 263
75 49
318 201
310 238
256 10
222 91
189 63
314 36
284 184
290 257
113 99
54 21
180 89
117 4
131 42
97 64
284 125
315 222
245 147
90 49
315 302
313 90
211 150
108 18
244 142
309 144
310 91
111 52
76 59
194 3
306 29
164 110
159 76
271 119
74 63
283 122
316 177
154 151
209 132
92 17
172 120
120 79
265 207
191 89
264 26
272 103
211 204
204 194
151 104
232 30
187 137
310 116
295 60
219 162
119 51
310 11
314 26
248 24
314 28
180 60
195 157
259 162
289 51
161 89
288 284
316 285
126 23
212 210
110 76
286 218
265 11
203 149
153 69
71 36
286 18
211 115
141 61
249 242
288 28
222 82
127 70
76 64
196 86
95 6
294 272
255 229
314 271
158 54
306 227
47 34
271 104
176 160
309 4
166 105
303 126
300 152
315 51
212 102
173 125
233 158
264 234
189 180
299 79
145 110
226 59
313 136
315 198
236 187
232 167
282 17
217 167
280 249
240 101
207 88
180 157
224 31
246 210
77 41
183 65
308 88
284 176
259 172
286 195
318 266
312 79
282 121
196 178
186 64
108 43
182 115
153 4
233 217
131 31
270 226
126 39
206 22
124 35
216 195
154 95
282 10
253 208
150 122
268 57
294 87
246 153
120 89
298 244
296 123
299 56
262 145
278 11
63 39
287 257
229 153
185 43
106 96
318 94
286 188
210 41
270 258
253 122
88 5
317 69
316 197
258 48
267 199
237 13
174 98
219 199
180 25
239 18
225 91
280 43
183 53
62 12
157 96
269 195
141 90
281 263
289 24
271 114
187 64
299 14
316 71
217 82
241 159
287 81
311 21
189 163
259 127
256 167
265 177
294 167
241 93
265 66
132 127
102 80
296 112
46 11
136 117
307 225
51 44
284 202
181 16
91 55
225 18
294 51
265 158
245 208
86 13
205 78
168 41
270 170
97 81
140 57
289 247
275 186
294 121
117 105
134 87
277 59
262 226
257 114
278 183
205 190
221 160
296 232
305 149
239 221
45 43
116 112
203 159
58 49
280 232
309 211
207 45
317 296
296 273
317 294
297 98
254 165
98 17
190 19
246 147
232 83
195 179
97 78
221 121
214 117
217 183
166 117
305 73
309 173
238 89
47 6
268 212
311 102
314 46
263 57
219 70
302 10
307 174
29 0
172 102
237 147
316 74
313 280
293 281
70 66
238 2
286 52
297 274
297 196
309 61
33 16
139 100
61 46
217 143
162 11
199 27
222 85
304 107
223 81
116 95
316 189
123 106
54 10
251 118
249 231
127 96
283 11
147 33
263 195
195 146
280 39
207 111
155 19
265 106
263 157
305 190
217 161
244 68
294 246
295 161
103 53
287 175
192 164
299 54
277 140
246 123
43 28
20 13
253 160
170 129
256 150
177 84
72 34
246 238
50 44
286 31
260 202
229 77
319 26
180 124
202 62
150 82
118 43
241 120
312 201
159 7
182 95
319 169
297 81
239 131
298 260
271 269
310 16
163 32
194 107
314 248
187 44
319 222
254 166
251 76
295 59
173 21
189 167
282 205
185 134
282 275
318 74
252 61
73 48
111 80
159 30
316 44
316 238
133 104
292 150
216 113
197 104
176 119
88 61
200 66
297 186
243 194
194 151
220 103
272 25
224 82
107 40
233 19
188 40
69 46
68 10
147 104
311 269
155 146
234 85
156 43
208 151
133 82
280 35
161 4
212 114
268 185
260 76
187 8
201 160
317 221
225 130
258 130
219 156
233 37
254 68
138 124
108 82
144 77
255 205
196 149
277 273
292 234
255 230
105 93
142 99
263 170
246 219
212 10
294 65
245 201
117 62
269 110
119 85
252 103
317 230
131 101
54 53
206 7
190 152
298 20
170 125
290 288
264 141
191 58
296 159
191 48
283 42
251 208
316 243
131 103
173 109
236 47
234 180
138 128
155 35
257 104
162 142
147 56
217 113
163 36
289 201
151 94
121 79
185 57
150 76
289 178
252 73
143 125
162 29
252 140
52 4
256 229
210 163
92 87
190 13
174 36
310 49
258 249
285 82
285 159
276 21
290 167
269 240
204 119
288 154
61 59
283 159
273 232
200 129
306 245
212 87
238 143
207 82
174 68
226 122
253 10
192 111
251 99
183 63
157 129
189 39
303 133
249 227
192 133
254 51
139 107
225 47
258 17
300 86
198 176
239 86
195 134
90 57
188 90
261 190
117 72
106 22
114 52
121 37
257 80
273 186
152 41
309 153
208 99
184 172
275 216
140 59
192 27
184 121
288 61
245 85
198 40
26 14
204 78
214 191
236 180
197 102
269 170
184 47
134 69
272 5
61 13
298 93
121 23
19 1
270 141
275 133
266 148
310 84
246 203
203 3
294 135
213 115
287 26
195 85
317 85
31 11
240 218
180 121
228 196
118 46
217 49
98 27
291 265
259 31
133 110
275 116
153 93
244 122
303 195
278 95
179 35
173 28
298 272
213 42
202 32
286 270
88 7
222 201
273 66
262 153
298 108
251 2
168 157
274 18
219 197
71 23
93 23
301 65
228 98
260 106
295 33
281 243
131 37
257 30
242 87
216 54
207 172
85 82
250 55
149 92
239 59
17 11
252 69
316 10
71 64
237 210
103 39
126 83
283 129
116 27
232 57
184 82
194 160
268 123
124 36
100 59
119 67
312 96
157 137
259 91
145 8
278 251
232 74
271 193
67 53
274 237
301 286
307 205
93 74
296 170
247 161
279 70
312 297
192 127
269 87
275 50
124 49
228 203
111 23
114 84
232 127
165 49
242 226
271 74
268 153
275 274
188 128
263 60
184 15
178 151
231 33
106 30
250 166
284 162
222 92
120 38
293 163
257 152
103 84
267 221
312 65
223 199
85 68
282 160
228 162
301 280
218 71
90 32
208 104
185 103
191 35
264 79
259 142
236 150
120 5
112 107
179 3
118 24
165 152
284 207
225 221
165 100
231 79
158 145
144 40
235 114
36 28
132 109
251 186
204 147
197 105
247 185
305 86
272 39
204 45
121 44
295 40
272 100
168 56
314 298
282 59
89 65
207 50
161 147
57 1
151 113
195 49
88 3
104 10
246 127
190 150
211 84
213 121
310 23
66 17
146 124
277 54
270 74
221 197
166 83
134 125
280 178
264 149
139 108
65 39
230 16
119 112
256 59
281 192
190 148
284 204
215 176
281 129
304 176
223 112
101 20
319 89
257 73
259 12
284 18
249 179
73 42
306 161
134 57
131 102
228 13
165 103
210 48
34 1
303 127
75 65
261 101
246 39
173 166
266 68
232 193
212 2
166 91
101 60
225 147
250 142
282 194
189 109
202 119
304 66
144 59
262 25
271 185
170 144
131 88
137 81
295 83
229 133
92 84
315 108
211 174
268 257
297 110
263 216
308 106
293 2
140 129
145 43
247 228
79 55
299 118
187 73
135 38
202 191
110 44
256 48
231 99
266 103
228 62
315 60
202 159
304 38
109 103
208 206
258 245
230 112
224 106
289 119
278 121
97 0
147 91
237 136
231 190
264 29
188 48
166 70
81 44
223 77
119 96
293 86
148 56
249 150
216 154
249 81
89 2
317 207
139 78
188 164
218 195
127 23
224 37
295 176
266 87
229 152
155 125
161 139
203 88
293 51
184 149
248 108
240 119
293 283
245 12
235 214
243 128
111 55
306 223
317 250
82 75
172 50
291 113
304 230
273 185
225 3
297 102
229 161
81 38
223 57
167 124
279 104
307 164
97 89
89 79
244 78
239 155
150 31
217 142
252 71
295 95
205 74
303 94
73 47
141 32
210 29
182 169
71 44
201 96
319 19
103 96
309 57
90 42
93 11
271 8
312 8
130 9
218 156
160 138
133 3
307 10
206 138
102 29
241 236
122 85
149 69
202 180
313 266
147 84
284 43
244 94
257 196
221 153
274 152
180 37
230 221
248 212
210 192
190 175
307 198
250 159
185 112
291 124
295 291
238 204
164 159
277 10
266 86
254 75
287 0
153 62
143 32
196 85
92 77
269 136
303 95
242 62
113 3
227 72
167 87
313 261
257 52
280 121
265 160
245 244
35 20
74 39
154 149
197 68
58 19
156 117
300 155
120 62
97 73
200 29
221 136
141 73
54 17
111 25
154 109
301 12
267 108
155 5
286 147
265 144
159 60
247 223
277 70
148 67
161 160
32 6
214 78
103 98
233 64
161 109
92 90
81 70
280 116
309 53
230 23
289 106
241 177
133 63
116 54
192 59
209 143
264 20
313 273
238 55
188 170
276 96
121 49
150 1
310 237
204 154
284 55
140 29
316 300
315 79
222 181
144 113
75 57
250 145
245 100
296 23
277 204
223 91
291 77
71 30
68 61
280 76
146 122
281 184
236 82
33 8
143 14
244 183
124 29
238 171
283 74
283 2
206 175
157 134
292 263
214 123
207 12
131 83
293 164
296 249
250 179
108 51
300 30
272 74
293 292
268 228
213 177
239 136
127 125
285 137
285 132
48 7
246 19
273 254
317 232
96 25
180 140
293 121
172 98
179 4
210 5
287 254
261 121
91 10
183 172
243 157
162 49
103 91
76 60
246 5
263 27
185 118
252 52
270 268
318 69
146 115
200 73
157 12
258 42
195 115
303 1
215 79
115 89
275 0
299 286
210 181
316 142
296 204
111 40
290 38
254 204
212 109
206 121
264 42
175 85
306 102
253 7
296 33
256 29
286 163
184 126
308 284
267 112
233 32
246 72
234 125
82 54
248 38
267 155
286 246
225 118
267 121
123 71
314 152
152 135
102 52
296 157
261 226
161 132
308 190
69 1
262 208
47 40
283 106
278 51
243 231
315 161
222 218
231 1
188 14
128 90
241 231
202 139
313 38
307 245
270 157
49 45
275 82
283 48
230 215
224 54
251 65
270 7
215 60
230 67
51 17
95 65
305 157
300 202
168 82
126 7
87 35
131 53
254 45
123 48
268 55
256 79
65 20
293 31
272 41
305 35
105 24
261 4
204 25
311 260
251 36
244 127
236 19
143 41
222 10
182 105
260 181
308 60
173 80
208 113
220 171
237 163
75 55
260 24
149 85
212 136
143 100
55 34
284 16
291 32
282 199
176 51
315 204
275 161
296 191
199 98
287 135
156 100
234 145
228 119
140 110
232 225
308 42
271 216
235 188
309 241
70 58
258 41
130 62
241 8
150 137
307 165
274 101
217 104
249 190
236 166
298 247
222 69
185 58
208 44
288 48
147 65
181 159
180 6
226 181
134 123
223 71
259 153
43 1
119 81
295 175
116 1
271 124
227 67
277 197
187 10
255 145
85 63
289 129
164 133
102 13
250 226
245 23
241 166
281 278
182 3
245 115
227 41
159 55
184 60
302 296
294 60
109 107
187 141
97 30
118 50
247 136
287 262
194 161
114 61
216 135
240 201
219 187
284 140
166 8
303 33
273 24
234 124
41 29
217 188
145 91
186 35
171 47
290 202
108 67
95 57
177 69
55 51
81 30
165 21
285 275
149 42
288 193
289 156
270 204
255 3
133 28
256 165
86 38
125 58
184 124
109 46
271 107
261 73
274 207
46 25
192 60
170 74
269 73
299 44
164 121
70 45
284 153
122 47
266 198
280 276
127 78
266 112
85 53
77 23
209 28
198 11
314 270
255 128
241 220
103 65
249 207
130 19
288 134
307 256
169 121
176 171
248 238
197 181
240 159
79 64
304 174
303 75
163 144
139 7
288 245
175 33
103 3
277 5
221 217
222 34
221 144
128 92
251 178
200 14
193 168
255 190
92 79
208 30
221 95
203 116
198 132
188 30
283 203
226 69
306 160
172 133
198 70
183 24
271 121
208 57
