180 18 300 2500
162 100
49 14
85 23
123 47
175 50
31 3
38 3
87 13
18 11
126 41
88 51
93 57
27 10
111 82
134 51
153 141
53 38
132 15
291 264
124 52
170 17
290 285
192 7
194 143
109 75
181 96
127 86
287 225
187 64
274 113
258 234
161 106
244 161
70 0
181 87
120 118
265 205
147 14
70 8
141 70
287 83
111 71
232 217
288 79
280 150
276 41
208 51
212 16
255 23
263 77
123 13
213 83
211 6
211 206
232 21
198 94
239 185
281 156
272 182
234 83
263 106
159 70
269 85
293 161
226 147
240 164
99 26
182 53
171 7
277 87
220 124
58 34
253 34
296 63
190 31
217 68
248 59
215 12
174 130
262 22
257 38
53 18
65 13
228 147
242 37
256 51
195 68
187 57
132 131
177 151
273 26
124 62
280 91
107 30
251 236
197 57
71 29
277 151
85 47
33 5
111 82
273 35
96 20
215 140
298 136
228 34
188 9
58 23
289 167
296 211
253 168
217 174
197 170
141 21
246 163
252 229
277 268
125 51
221 61
299 298
290 80
262 201
197 77
181 149
160 144
212 5
152 149
273 212
66 8
244 103
67 9
163 36
198 161
207 194
148 94
221 209
56 25
284 103
295 0
238 6
219 40
194 71
284 275
201 199
253 65
251 78
278 47
228 89
218 151
120 48
253 243
146 117
153 24
244 101
279 61
161 101
264 228
271 105
256 65
160 138
169 119
79 49
175 8
236 204
175 168
95 42
162 16
150 110
177 86
162 48
184 71
18 0
196 63
289 136
225 72
225 53
205 180
227 215
221 173
80 73
285 123
207 67
262 250
289 142
254 68
145 11
238 196
284 262
93 10
232 188
104 12
192 26
231 131
115 97
177 116
295 236
229 110
158 32
227 31
229 60
250 17
73 3
251 148
280 211
116 53
198 21
265 262
251 232
194 104
82 49
208 18
253 100
284 173
54 30
232 107
188 64
171 143
259 7
267 43
121 112
127 10
199 73
271 76
194 112
261 199
291 118
227 219
291 235
281 245
37 22
281 132
250 43
140 127
248 199
299 246
286 90
117 59
271 234
28 25
275 5
278 224
250 104
237 25
205 5
177 82
248 180
230 36
279 48
122 63
89 46
191 75
296 154
127 29
70 13
286 74
245 96
39 33
237 222
275 40
52 4
226 9
269 187
258 198
284 182
144 85
257 222
298 151
154 52
133 51
260 221
123 96
221 13
237 117
223 48
82 20
69 48
185 167
113 7
167 140
248 116
152 80
285 58
265 187
169 110
146 76
193 89
297 33
205 193
213 205
244 84
190 48
281 12
134 111
168 86
8 2
261 224
280 126
298 49
119 32
284 101
274 233
192 19
98 40
251 174
36 26
250 126
91 7
277 93
140 42
223 46
274 271
214 138
255 232
74 8
45 37
274 187
131 29
158 81
242 232
162 83
141 72
276 10
222 87
250 40
149 50
229 40
216 174
279 266
251 4
256 87
35 4
191 39
102 29
200 86
98 65
165 36
234 181
41 35
195 172
276 15
228 91
267 102
245 207
107 53
268 196
106 91
156 73
117 111
166 116
194 118
289 186
205 154
202 64
229 25
276 165
66 17
171 132
249 232
272 232
250 36
284 69
182 34
275 181
226 204
223 25
278 249
270 71
281 259
96 94
263 80
145 71
230 124
148 132
199 153
184 170
248 64
134 89
286 167
235 210
282 160
178 145
294 124
28 26
187 127
292 12
139 133
284 111
229 219
141 20
208 126
228 63
280 34
104 8
270 121
103 47
285 277
248 43
236 202
210 170
79 72
227 156
256 107
245 110
206 72
186 124
241 85
140 111
189 121
280 200
286 282
187 134
274 143
220 21
224 35
271 232
148 92
276 52
96 65
225 60
101 55
290 136
163 48
24 12
161 24
162 104
126 123
39 13
265 139
229 145
291 162
262 251
294 44
147 93
252 17
135 17
267 82
85 65
165 35
189 164
297 11
189 60
227 124
228 119
246 139
239 224
148 107
248 146
67 59
266 181
257 106
132 24
221 44
272 2
36 13
202 186
87 33
253 182
189 45
120 36
142 106
297 3
234 20
262 7
260 161
216 88
261 102
221 122
243 165
276 173
242 176
168 90
251 194
114 69
35 14
195 54
269 51
283 266
215 17
214 104
144 35
102 82
172 169
238 114
274 147
245 196
175 110
185 29
124 16
154 71
292 185
86 21
296 57
213 39
103 101
289 0
160 60
259 111
155 53
280 163
267 83
221 66
290 42
183 67
207 78
182 77
131 5
290 242
118 22
238 11
247 56
227 179
219 195
219 128
198 124
141 97
264 151
174 109
137 6
217 159
205 161
215 62
211 177
193 31
214 121
155 102
213 28
215 35
296 251
91 66
190 79
57 40
257 70
278 240
243 88
172 95
226 80
136 84
153 57
185 184
187 139
285 50
246 107
268 54
275 241
238 4
63 22
142 107
288 136
152 58
223 131
282 0
256 92
205 169
184 120
259 73
245 34
110 98
220 40
131 87
200 149
74 55
254 150
188 7
181 146
263 85
278 40
92 16
262 207
288 131
54 48
279 211
243 18
229 168
225 215
290 99
296 295
130 57
227 109
275 84
275 149
230 171
255 237
299 65
253 220
207 182
102 61
169 20
152 62
174 20
42 20
152 13
176 119
200 99
257 217
286 63
281 185
252 24
255 194
226 218
242 234
270 138
193 94
154 53
178 84
162 158
78 17
117 73
186 43
242 172
215 93
170 157
262 157
236 81
174 80
112 109
94 76
180 130
198 148
160 55
54 19
181 60
128 32
77 12
295 221
132 35
284 149
166 28
256 2
181 165
97 90
102 51
278 1
181 177
56 14
192 140
272 44
258 43
83 69
80 4
230 23
268 178
76 35
31 0
231 23
247 150
224 188
272 202
188 89
207 149
296 277
199 176
20 17
212 47
268 86
191 169
181 78
250 20
269 251
196 183
296 120
286 116
142 48
52 13
282 120
248 130
294 5
272 15
226 88
226 219
245 238
269 254
239 233
250 67
127 70
275 121
262 76
218 102
208 93
147 90
199 72
98 17
275 91
299 91
62 8
278 36
170 46
271 260
289 53
245 38
148 17
278 164
243 115
266 42
106 17
222 10
105 22
251 202
193 192
276 275
235 92
281 212
256 64
215 185
166 159
191 129
115 50
283 166
126 17
293 14
270 135
155 68
282 209
98 32
40 37
210 32
194 76
223 122
85 14
17 10
221 185
101 100
268 95
95 75
294 86
196 61
201 140
189 28
134 122
229 167
237 223
212 118
256 239
58 19
108 3
174 21
272 21
241 72
238 167
175 154
281 172
279 203
285 222
267 90
207 114
92 48
224 55
45 18
288 276
95 24
124 20
281 31
205 179
286 126
278 207
103 86
211 70
70 19
293 289
235 27
190 127
278 144
276 238
287 224
237 194
207 177
253 210
293 18
190 16
277 7
208 55
281 159
166 158
130 59
75 15
246 84
262 69
192 48
51 39
296 275
260 30
164 56
205 101
277 97
114 84
194 153
108 96
122 49
182 17
243 155
105 66
259 67
139 69
248 89
138 93
168 146
215 7
142 100
243 127
198 45
150 8
78 75
171 111
152 2
251 170
237 227
285 252
280 121
299 233
251 163
234 112
60 57
99 82
263 187
140 48
37 27
153 96
237 195
241 164
279 89
202 49
182 108
135 80
152 44
266 101
237 5
211 86
133 67
279 88
172 33
261 93
201 24
218 37
181 171
216 77
91 27
124 122
180 20
143 123
285 138
201 155
241 204
296 156
221 39
205 90
128 123
296 26
288 84
87 8
230 20
77 62
263 7
57 37
290 48
163 4
276 236
165 39
275 37
107 24
296 15
30 8
284 174
267 227
299 80
138 73
286 137
127 44
291 239
293 255
217 5
248 194
197 190
73 41
199 188
250 89
177 80
236 45
269 267
280 181
263 8
254 110
181 123
285 211
269 124
239 23
265 14
215 50
61 2
259 92
295 183
134 85
56 24
247 159
291 107
244 51
147 115
232 56
263 246
226 115
120 6
167 40
218 106
40 8
247 132
272 231
130 20
201 21
79 17
256 203
228 200
189 148
252 176
135 11
274 261
165 27
211 184
202 103
291 275
191 186
254 233
225 90
186 47
207 200
234 13
73 43
165 81
215 114
266 46
188 18
299 206
211 35
77 23
185 147
234 129
42 32
299 270
55 49
107 100
232 171
267 0
178 107
248 83
200 124
255 114
183 77
182 27
287 192
211 163
196 11
188 74
199 127
271 46
263 123
61 51
276 157
273 82
115 62
172 70
281 76
233 27
105 99
194 50
257 88
136 27
170 99
54 46
227 160
97 64
292 129
42 17
93 50
150 50
98 96
171 78
13 6
212 105
173 65
72 38
218 164
208 82
265 12
268 7
219 55
236 71
271 180
292 71
288 147
181 152
173 17
48 22
105 97
276 128
299 49
123 74
242 131
126 90
273 52
117 38
71 15
233 205
170 48
269 252
278 250
235 156
228 15
129 54
270 12
283 209
285 136
240 3
60 54
182 180
104 42
190 113
275 196
225 107
262 184
170 98
290 25
251 58
235 29
116 3
10 1
179 38
102 59
160 20
169 134
297 194
242 223
214 183
271 217
129 65
294 241
297 168
281 248
209 127
292 133
189 100
204 196
58 27
258 171
232 108
254 16
233 214
297 247
98 18
154 10
289 45
164 36
109 22
160 36
177 138
158 82
196 153
77 60
244 241
184 127
275 51
150 75
177 103
253 23
117 16
274 128
229 125
127 68
94 12
299 285
267 101
43 12
256 96
211 159
66 35
104 25
213 107
96 43
111 39
225 89
86 50
169 78
207 5
181 155
230 25
282 262
294 129
222 126
96 85
88 1
207 96
233 40
294 131
288 60
116 30
166 95
297 6
152 124
34 13
238 177
143 48
98 42
135 121
96 33
288 163
182 162
101 33
139 132
222 11
100 64
131 67
244 74
54 49
257 112
262 187
127 58
94 18
174 161
280 175
265 36
280 83
295 278
242 36
138 60
217 47
166 164
164 98
249 15
279 271
275 68
296 276
212 40
230 187
299 89
129 37
271 174
240 8
227 185
204 56
282 271
223 93
293 228
77 61
59 37
136 67
52 16
270 230
244 121
165 14
293 124
299 87
82 78
182 106
262 63
228 70
169 91
231 148
273 232
124 101
156 31
244 49
104 6
217 25
184 24
239 209
18 2
291 82
158 132
146 51
251 192
276 107
211 4
243 203
242 155
252 106
292 137
179 157
296 141
75 65
240 97
138 13
295 10
279 123
250 12
289 244
113 18
270 55
127 93
288 129
150 53
298 246
297 121
54 23
183 20
39 17
104 16
282 255
292 100
238 23
172 97
258 141
42 23
90 25
248 231
286 258
27 5
226 41
290 272
203 47
134 71
82 34
169 120
262 218
274 220
267 66
223 220
177 89
118 71
275 57
105 64
255 189
246 204
245 86
151 7
178 45
206 169
153 69
63 8
281 10
276 245
207 204
208 106
279 63
284 218
183 15
207 84
101 62
259 201
161 65
260 38
250 16
57 27
55 39
145 72
141 132
75 73
262 112
288 92
275 263
240 116
258 166
241 178
208 74
122 114
214 77
239 161
208 103
87 41
264 85
231 146
255 130
224 209
211 124
212 39
136 21
205 16
54 5
287 100
142 4
282 106
233 68
152 32
58 5
117 45
131 17
76 69
254 31
270 147
188 165
156 34
230 69
119 41
239 181
264 69
169 67
236 220
290 44
207 1
298 114
222 172
213 93
286 234
133 43
198 69
238 229
265 186
252 159
238 219
116 75
132 51
156 49
226 60
147 56
286 259
299 239
206 131
176 16
292 88
202 147
168 15
161 28
198 114
150 139
178 133
154 34
206 115
213 50
90 31
271 236
65 14
260 130
110 27
174 33
191 36
232 227
280 167
152 39
191 40
268 194
247 35
249 227
278 26
225 217
279 91
267 228
259 195
294 226
205 43
289 194
151 79
282 199
234 139
273 31
201 54
242 177
168 64
103 2
238 119
132 92
122 119
208 205
117 0
80 53
294 97
137 39
289 50
235 98
59 2
199 187
264 105
215 87
276 17
185 121
280 68
211 157
66 4
162 29
278 11
250 241
191 159
68 66
226 63
256 248
40 1
235 165
58 21
277 193
267 78
191 68
65 16
165 115
139 131
191 102
273 225
298 120
186 45
276 42
139 124
134 116
265 128
185 179
234 57
212 180
128 18
203 108
283 227
147 135
75 5
153 41
206 118
151 138
273 5
253 154
276 153
285 10
157 1
261 43
66 32
265 84
234 14
276 211
218 13
271 259
285 44
211 204
217 182
284 181
222 22
291 144
185 136
240 58
234 91
248 126
280 80
251 175
212 32
204 105
230 31
211 25
275 203
165 62
21 5
76 54
184 37
94 77
219 53
283 211
164 45
146 129
290 248
289 35
297 277
97 96
191 88
293 66
275 224
287 174
150 30
208 87
89 58
120 44
208 76
173 101
229 94
233 105
262 42
265 53
212 134
73 55
268 57
267 166
184 49
93 4
142 15
240 69
187 40
271 264
291 230
261 48
214 156
42 41
141 98
251 70
172 84
286 272
199 164
37 8
283 6
261 36
296 98
292 215
233 147
122 45
115 82
160 130
134 82
116 43
257 82
294 156
274 256
167 137
228 71
92 65
205 194
295 131
299 59
274 61
233 192
276 169
231 196
154 50
293 251
143 52
261 61
244 4
273 126
178 155
159 131
146 136
285 4
270 1
233 31
104 48
296 216
145 48
283 90
204 142
160 146
185 19
195 117
168 69
181 170
99 12
225 66
128 95
269 29
169 58
291 108
258 131
267 25
147 0
228 160
259 204
113 52
183 13
208 200
160 104
251 114
280 56
117 65
285 227
167 31
111 63
259 102
283 170
278 79
165 130
10 9
223 167
53 10
61 57
30 1
228 62
281 133
153 1
148 44
244 66
200 115
168 46
178 165
223 162
122 19
168 13
269 4
288 36
290 122
199 96
297 203
248 45
258 81
232 205
260 125
102 79
261 72
186 11
95 54
130 12
127 50
208 189
78 63
291 80
207 193
112 16
251 82
78 62
151 127
144 36
256 236
152 10
299 272
212 63
235 203
165 23
299 86
26 0
267 57
261 73
295 52
245 147
89 63
234 174
165 20
188 17
214 9
203 62
156 133
232 46
229 62
214 74
182 23
166 73
236 13
134 131
229 111
220 82
93 82
287 78
225 129
274 241
299 61
296 233
102 77
274 11
133 25
157 20
282 71
287 166
138 102
275 259
251 172
286 108
183 99
81 0
214 0
275 212
244 200
146 139
190 178
210 62
242 119
69 18
258 246
138 100
177 155
213 210
106 22
116 58
238 69
154 68
289 104
230 158
69 9
200 12
222 220
230 105
287 27
139 48
220 52
276 197
154 120
85 42
87 17
285 234
234 82
147 52
296 227
164 87
212 58
291 229
161 148
182 149
161 117
17 1
124 57
278 217
92 15
103 57
61 23
277 18
230 137
122 29
81 77
102 80
76 21
59 30
120 45
297 294
195 174
257 148
291 236
272 223
291 76
278 14
255 24
171 108
108 16
292 90
224 206
51 48
228 3
295 114
138 40
268 139
263 136
253 109
201 182
292 242
124 18
293 90
179 139
299 148
202 174
134 64
188 173
284 87
234 53
43 13
182 19
254 11
68 46
289 1
153 86
298 133
277 157
280 203
281 18
189 29
185 112
246 228
257 236
294 239
107 38
174 65
216 202
214 193
227 223
257 208
256 27
274 273
173 44
271 92
292 97
182 88
39 9
205 172
171 129
209 17
217 57
198 127
275 161
119 88
255 46
112 43
117 29
294 89
102 100
266 58
299 84
252 29
266 44
262 34
53 4
134 27
222 140
137 11
82 44
94 87
111 35
146 24
205 46
280 78
164 13
39 14
186 141
246 128
162 65
151 131
145 117
62 34
259 156
258 238
143 113
115 29
51 34
134 95
130 107
235 95
212 205
206 1
241 216
14 2
166 51
299 3
251 234
81 65
188 33
249 208
218 68
203 109
244 146
236 125
294 246
234 158
176 112
244 162
110 79
296 48
294 111
179 15
223 47
240 221
253 244
265 159
51 0
293 178
57 9
169 57
254 122
227 177
250 175
260 157
144 72
2 1
170 92
176 59
286 181
214 61
100 69
297 119
230 186
187 85
192 121
262 113
237 69
280 212
151 125
268 121
259 218
93 70
240 85
293 219
21 10
229 29
286 227
187 96
179 2
178 142
204 166
241 56
131 56
288 134
133 3
142 71
269 54
262 102
286 3
134 78
85 70
201 51
174 116
260 16
29 24
197 113
179 109
209 20
251 128
231 184
243 107
242 116
197 195
221 142
269 236
291 185
86 38
272 111
273 180
137 110
227 158
204 67
198 105
256 170
156 72
235 39
142 42
100 38
247 99
252 195
298 280
209 104
166 148
257 128
119 13
202 190
89 28
294 171
282 157
165 51
266 128
265 83
183 135
294 60
156 64
228 211
236 22
163 153
110 33
153 110
202 79
296 50
175 68
256 138
167 29
138 41
242 168
282 83
253 116
159 125
236 56
275 255
299 230
258 22
282 235
277 220
292 104
106 64
100 4
218 180
207 38
272 122
95 74
284 209
112 73
272 184
95 77
255 224
295 72
147 17
282 81
279 218
280 177
117 24
148 78
152 136
186 113
202 44
220 200
212 133
160 155
13 9
293 77
248 217
289 22
198 176
169 10
147 31
298 214
221 25
51 14
182 159
288 274
276 232
221 169
235 5
111 105
189 59
74 28
179 86
266 108
160 11
105 25
242 33
202 78
231 29
260 247
39 0
244 33
208 34
205 74
117 35
93 45
206 124
252 171
292 167
6 1
156 75
52 33
78 59
188 53
160 99
235 127
244 222
112 29
225 204
212 120
297 295
205 49
245 223
164 48
288 61
281 203
182 72
112 108
236 167
279 7
277 201
248 154
291 65
64 22
247 103
278 193
246 81
86 30
163 106
279 221
148 88
170 115
293 176
268 113
72 42
259 226
187 147
72 44
195 70
109 65
59 4
256 6
191 42
199 125
223 28
236 131
290 210
166 78
287 51
201 142
74 32
279 244
196 105
257 101
115 99
261 147
155 60
143 39
290 12
268 102
138 104
212 36
152 117
57 14
105 77
44 35
114 29
255 104
223 111
140 56
28 16
298 208
187 80
257 191
202 11
298 76
240 121
171 12
225 85
179 153
77 3
144 33
134 133
149 125
185 108
117 104
207 57
192 126
232 67
125 108
284 184
192 100
89 43
261 146
229 186
152 22
261 230
262 141
267 164
193 87
116 96
241 214
195 49
271 24
158 40
47 43
278 244
279 259
108 77
235 63
281 7
257 147
211 60
105 10
244 82
179 79
247 166
207 85
239 113
75 16
251 141
97 95
284 228
299 17
179 8
136 130
86 19
154 109
132 19
291 173
154 37
70 4
179 129
278 96
212 209
272 269
97 61
130 103
192 152
54 31
192 139
207 2
204 86
208 81
222 64
167 149
276 61
151 58
103 13
80 47
239 83
134 7
219 15
236 133
156 93
284 11
282 138
271 65
155 36
45 7
245 155
114 31
268 65
275 140
179 58
231 193
295 276
207 186
167 38
110 92
258 151
182 100
282 250
131 62
188 42
268 187
204 159
198 115
297 63
227 224
260 92
121 18
287 283
45 8
174 53
165 159
284 269
287 44
232 151
266 20
252 239
90 51
278 102
124 120
273 202
198 194
166 45
266 215
190 90
190 9
267 262
259 238
220 3
223 86
269 249
237 65
132 40
172 75
192 102
199 105
213 151
183 64
236 153
251 246
235 121
280 242
233 62
153 80
83 12
146 49
279 133
185 149
154 49
33 3
229 18
162 81
263 177
209 162
246 209
40 29
136 101
221 157
68 7
93 77
272 155
139 97
205 148
73 15
107 36
155 2
149 77
209 143
175 9
71 42
176 118
203 188
225 167
280 53
35 19
200 198
133 66
202 124
87 27
257 46
129 119
232 183
219 119
153 85
91 28
230 26
131 27
154 13
256 85
49 24
271 83
206 87
297 162
133 16
158 134
261 42
231 101
250 9
176 155
284 212
116 108
239 109
152 109
96 71
155 32
191 175
152 142
151 107
206 22
102 17
151 141
34 8
39 31
196 100
267 178
238 183
281 219
281 166
292 192
297 96
137 37
217 208
224 136
264 57
203 45
42 30
257 55
284 63
127 52
264 153
270 262
245 125
197 17
253 241
262 72
218 126
297 18
263 119
166 106
115 78
210 21
94 89
292 21
159 85
119 90
287 200
297 50
216 25
111 24
32 4
283 191
104 17
277 130
254 218
232 225
271 238
188 163
241 130
188 4
276 255
197 40
289 270
238 70
179 6
196 106
201 117
146 58
125 116
261 227
258 108
257 207
146 41
252 65
191 81
268 13
248 4
184 19
81 73
229 89
44 31
22 5
271 119
269 218
235 74
171 74
286 213
74 67
234 38
287 115
218 82
294 80
190 145
297 85
232 116
286 276
294 245
296 40
282 278
287 139
195 119
161 25
151 123
242 187
81 78
266 185
297 158
226 131
208 94
177 44
176 174
186 133
256 77
292 121
147 141
110 40
280 60
141 57
115 40
269 100
109 25
255 234
22 6
54 43
286 18
189 162
150 130
284 277
254 124
254 213
187 102
242 227
128 110
112 68
276 270
27 10
277 175
258 155
244 94
260 119
213 78
148 61
216 186
199 123
260 246
34 11
203 191
199 27
166 59
232 81
185 98
282 66
191 106
61 7
173 27
211 200
118 36
67 24
149 147
245 151
271 218
84 39
284 102
37 26
223 36
115 73
50 38
291 134
130 118
274 204
243 236
169 51
195 113
296 235
129 78
142 28
132 57
219 185
298 139
88 18
58 45
289 222
230 79
250 193
142 121
91 58
182 22
214 151
268 60
232 152
109 70
162 145
178 111
15 11
295 247
132 86
259 53
238 118
211 29
278 39
66 26
274 198
249 55
106 20
298 291
66 21
30 2
179 76
194 21
291 174
134 81
266 249
126 53
186 87
278 83
69 1
153 109
213 36
99 44
292 140
291 123
282 224
159 109
141 44
223 192
234 64
158 80
119 42
70 63
234 12
191 29
299 36
212 125
276 111
254 129
296 95
295 233
249 16
124 81
146 142
274 203
265 119
190 143
122 57
251 162
102 35
78 14
211 113
188 81
272 222
94 80
172 80
296 256
188 8
123 16
149 141
74 4
247 37
225 111
202 145
272 152
249 160
196 138
247 202
98 79
