600 60 300 2500
297 201
227 68
490 474
424 380
544 25
317 115
192 112
496 363
233 87
589 231
313 273
315 310
27 10
558 129
447 413
550 483
585 419
483 435
464 351
535 266
384 63
122 7
218 42
522 482
588 81
453 325
471 258
572 90
311 41
564 347
487 2
539 267
253 134
67 44
391 369
86 16
558 480
521 196
594 547
472 45
279 96
174 18
585 409
539 116
307 284
429 288
210 83
485 145
442 180
493 345
455 370
51 36
589 28
526 161
340 216
430 196
376 152
443 323
426 294
493 77
282 162
262 22
234 130
249 161
119 85
65 56
208 130
96 45
102 39
271 208
224 223
29 10
172 153
21 12
72 71
118 3
196 1
253 109
229 225
65 18
129 65
159 30
250 198
286 206
77 68
221 164
252 57
78 10
292 283
57 56
191 40
255 87
109 74
266 118
286 230
78 55
291 174
270 217
107 96
265 93
243 24
240 21
181 20
285 140
298 221
112 0
153 55
273 164
226 116
126 40
258 225
263 175
270 92
170 1
265 220
18 13
265 53
292 238
236 188
79 26
218 154
222 125
90 43
148 4
259 185
227 204
133 56
148 52
112 111
274 119
224 67
163 52
241 138
281 20
187 8
257 228
231 31
257 32
276 183
205 162
216 141
278 201
236 198
267 102
17 11
130 23
150 37
92 91
253 171
216 142
171 66
173 55
203 143
205 91
188 133
252 1
140 122
218 210
148 103
240 128
282 36
228 16
239 17
157 142
283 114
80 4
230 152
199 102
103 59
245 68
288 210
270 5
244 39
285 270
114 5
163 33
50 11
282 159
225 123
192 133
158 45
245 16
161 29
228 119
48 40
23 12
236 123
107 33
286 227
31 22
287 104
265 205
276 56
143 105
298 186
241 8
150 35
179 42
295 201
52 23
147 27
25 7
190 188
228 150
298 168
268 91
205 181
285 6
252 181
277 132
277 124
196 149
210 132
266 259
109 90
129 107
232 190
196 47
217 60
288 211
101 58
277 20
280 1
266 25
109 64
278 217
277 76
174 13
231 115
144 46
282 218
180 40
263 231
181 145
293 33
198 153
207 192
295 109
130 105
169 97
289 209
272 141
128 55
201 100
122 20
260 94
238 21
288 157
207 56
156 107
191 108
161 132
154 37
94 82
273 122
185 109
294 205
268 27
153 128
188 45
297 249
122 101
201 10
179 1
116 91
138 16
253 117
276 231
179 111
241 90
276 254
181 176
214 19
287 33
70 23
126 59
61 36
77 60
210 192
204 203
249 198
270 269
67 44
71 19
159 25
118 109
57 33
284 273
278 157
30 4
232 121
190 46
131 65
56 32
174 63
229 227
246 114
244 202
239 213
283 209
118 4
139 75
184 23
296 293
296 272
265 161
228 91
217 115
213 76
115 90
152 46
84 48
287 21
80 23
284 105
170 140
95 61
138 29
187 170
101 22
87 0
179 79
210 0
169 26
96 6
230 0
242 172
59 45
80 52
138 14
286 181
291 196
131 120
258 149
269 43
219 70
155 82
141 3
89 20
81 34
263 118
267 168
225 213
162 31
239 231
205 154
283 126
253 90
288 37
89 87
212 61
182 58
274 92
224 45
291 144
259 120
149 57
264 214
107 94
163 149
228 128
282 15
184 61
129 37
186 164
132 127
222 6
101 1
206 35
298 254
182 142
278 272
108 69
278 39
241 120
257 7
108 28
159 68
169 123
24 21
248 203
240 60
196 19
237 111
291 164
217 131
226 24
122 69
188 82
221 118
268 21
279 113
295 18
54 14
153 143
230 165
158 79
209 165
131 72
243 54
156 117
278 107
168 20
218 14
136 54
135 27
165 0
252 87
271 40
235 199
266 172
280 113
278 245
232 141
264 82
285 272
146 111
221 159
163 6
280 58
299 27
156 67
134 50
186 74
35 29
117 51
94 54
82 41
235 89
19 4
228 177
82 24
230 21
62 39
226 82
79 11
166 143
210 146
196 140
144 0
119 71
181 125
67 35
244 1
141 83
215 75
197 37
253 0
130 32
135 68
257 174
223 24
298 57
298 85
213 148
212 4
193 58
130 44
84 51
281 170
51 43
230 196
235 209
298 269
233 74
263 62
259 151
213 102
289 81
288 244
261 205
186 180
155 23
281 248
297 136
65 10
190 27
295 235
243 234
244 105
170 148
192 36
176 170
139 63
265 214
264 179
280 64
93 89
262 178
118 67
275 153
187 168
168 119
88 5
137 15
268 26
225 149
139 94
297 292
247 152
265 208
295 21
213 113
264 27
128 3
213 142
265 81
180 122
224 71
288 90
172 46
288 1
201 92
299 276
252 17
186 160
255 41
243 175
215 85
253 71
235 53
284 191
98 49
290 23
298 55
258 19
117 70
296 16
190 135
278 12
72 3
244 124
198 135
132 78
271 19
293 153
258 253
249 134
272 217
272 145
190 82
247 110
250 170
238 211
276 123
204 63
170 65
285 97
276 97
90 32
63 55
211 172
204 65
161 92
205 14
245 47
151 71
262 3
235 162
41 36
198 97
173 21
212 178
112 37
222 117
278 110
207 139
60 40
175 105
207 85
187 39
293 152
181 28
114 9
83 82
224 149
263 259
125 63
132 56
254 178
139 41
263 243
285 111
177 58
98 73
277 168
251 239
258 221
187 78
151 95
106 78
247 9
216 126
238 188
184 88
140 72
155 54
108 78
216 15
290 121
176 68
191 75
163 125
220 182
184 94
223 166
243 159
201 55
263 174
265 142
249 87
162 41
128 22
238 208
208 199
238 194
65 50
170 44
100 19
250 30
273 171
283 42
188 118
88 8
204 6
250 63
127 79
269 135
132 114
137 71
196 80
296 22
288 132
289 153
283 243
115 47
232 32
226 214
140 39
79 65
178 110
200 135
298 170
89 4
285 166
243 227
225 108
203 64
295 148
129 30
218 138
123 79
216 99
231 51
185 55
258 29
216 31
229 17
281 201
267 192
225 147
214 189
22 7
236 196
125 26
282 167
201 52
205 146
185 48
252 143
270 231
92 80
274 16
241 35
260 129
287 198
204 180
176 134
201 74
274 182
294 123
227 129
141 70
145 40
37 8
282 106
145 100
242 27
259 156
115 13
254 242
282 111
143 111
285 148
181 172
191 119
209 200
172 171
143 141
279 175
44 40
291 279
202 196
237 210
160 51
230 185
237 207
141 73
124 100
228 123
265 186
228 221
238 42
176 83
291 260
212 109
228 13
164 21
242 1
256 42
275 199
35 30
214 59
266 78
138 102
24 2
288 129
298 210
144 106
144 90
161 114
91 82
103 22
208 112
288 16
153 145
87 39
292 127
176 43
194 40
96 84
213 109
56 9
154 1
247 15
294 50
139 116
180 37
57 26
80 55
253 81
225 134
154 33
108 80
207 171
50 43
89 8
239 237
222 169
267 218
282 32
292 243
238 92
32 11
234 122
178 76
285 91
247 245
233 177
127 29
155 11
292 147
284 92
231 217
256 246
116 83
106 94
189 28
275 53
165 67
175 92
212 113
145 98
77 35
256 77
200 101
267 110
258 112
288 273
272 132
290 289
119 38
114 106
236 73
45 18
148 94
286 127
130 66
283 12
267 261
124 14
296 243
213 175
175 69
196 177
131 7
288 281
168 122
135 51
191 182
174 20
231 2
291 97
273 260
87 81
287 234
259 196
134 16
257 131
236 164
264 245
286 120
133 10
280 272
272 204
201 178
289 195
142 31
110 31
157 37
261 33
75 34
265 66
232 89
120 3
254 203
225 36
162 127
166 71
277 190
209 99
284 181
226 2
203 135
142 78
104 87
191 162
18 4
227 94
286 38
223 157
177 37
111 26
224 177
285 63
261 186
296 289
292 212
60 46
273 107
211 33
46 37
237 56
278 181
253 225
289 41
222 99
216 28
224 105
293 285
37 15
293 75
275 30
217 142
197 94
200 60
195 132
158 71
292 92
293 209
181 60
285 172
292 194
92 69
261 61
209 155
224 198
298 47
274 171
227 27
251 179
148 135
105 57
233 193
116 68
76 52
277 49
199 93
228 161
230 164
285 122
248 0
166 62
145 88
97 91
249 106
115 52
287 185
292 30
298 204
280 224
285 235
180 145
203 74
49 3
230 75
158 57
53 28
96 65
143 66
240 9
258 13
212 147
154 116
160 86
76 15
289 227
151 23
102 29
24 10
105 58
156 5
253 246
118 110
8 3
245 106
256 91
211 67
174 31
107 31
217 108
70 21
238 150
107 86
205 68
242 241
262 254
14 5
174 170
194 181
204 53
135 57
195 107
55 9
274 220
284 49
238 98
265 14
123 67
216 50
275 173
115 42
88 19
269 217
250 232
224 115
216 2
236 225
49 44
266 128
236 105
273 158
279 258
291 40
201 103
248 175
120 93
265 168
299 82
162 28
247 59
247 128
160 101
176 129
88 12
281 100
295 159
17 12
220 191
46 44
200 84
279 119
137 10
220 112
108 41
155 126
208 83
71 10
138 42
241 203
214 136
284 173
98 94
251 12
222 59
251 73
155 34
256 186
149 19
195 95
226 53
159 157
213 34
173 159
193 114
186 162
228 186
145 46
295 53
177 109
81 25
129 124
186 6
93 86
289 191
146 73
277 127
276 262
269 23
199 34
88 30
241 84
253 237
277 106
263 150
104 77
95 16
265 121
254 114
161 142
173 17
251 198
216 87
218 124
199 70
214 84
159 85
268 57
259 136
277 156
56 48
207 64
112 5
232 162
71 21
204 139
98 26
181 15
139 113
179 103
276 12
279 96
299 161
212 15
177 35
277 133
223 117
149 64
175 33
220 91
126 94
219 76
180 8
161 88
108 52
167 79
244 181
283 277
202 158
227 66
243 142
236 72
170 133
182 0
158 14
276 68
159 67
271 142
164 71
233 101
102 31
90 66
293 12
235 129
282 132
40 33
264 177
160 48
69 59
263 10
258 66
78 61
227 32
216 80
168 67
232 116
227 156
297 162
220 147
208 117
92 37
26 13
233 228
164 43
185 73
254 162
227 67
248 197
285 197
297 58
213 110
159 28
217 152
229 153
235 215
207 60
297 210
52 10
103 86
208 43
37 24
208 42
28 23
218 24
173 167
218 25
101 72
262 228
145 67
263 53
89 46
217 199
68 44
90 67
100 16
272 4
203 173
285 77
201 131
270 252
134 126
266 4
251 159
169 36
159 123
176 63
202 180
271 112
200 63
162 83
202 118
21 3
224 174
32 1
298 53
47 40
235 191
291 87
232 134
141 14
149 67
211 121
195 176
231 193
275 227
177 151
53 30
222 54
135 113
216 21
91 71
247 190
196 61
83 42
253 242
263 97
288 169
99 19
165 33
101 6
241 210
231 47
140 85
160 49
120 0
97 11
259 169
221 178
179 41
269 84
27 17
224 146
68 27
259 108
121 83
164 25
295 279
212 140
93 12
264 155
219 196
128 66
89 70
158 58
156 3
290 284
231 165
114 40
208 204
207 101
234 172
158 29
134 18
79 58
208 151
172 15
138 106
167 67
87 2
115 60
197 105
288 54
143 43
180 125
244 144
285 218
233 47
236 7
282 221
123 34
230 66
198 172
291 134
115 45
174 136
126 82
97 55
270 206
276 241
174 52
248 82
297 142
215 114
292 155
220 15
250 68
226 22
69 58
226 181
255 248
290 283
46 4
204 32
233 99
208 12
93 33
281 206
172 138
110 53
275 179
276 275
99 6
132 104
275 252
186 88
223 121
256 228
169 135
294 182
150 125
186 23
182 134
189 165
214 64
105 2
174 97
249 226
294 114
289 91
258 215
276 102
294 35
151 107
276 215
226 104
57 51
162 15
116 92
274 211
152 5
108 62
243 92
296 207
122 35
160 88
259 91
286 50
185 127
211 123
266 76
43 23
266 197
197 39
243 63
208 71
240 215
186 11
214 3
113 95
177 85
245 242
271 268
32 6
231 189
155 31
139 64
299 285
294 68
67 45
185 63
61 28
241 226
274 9
96 90
121 78
252 109
205 11
290 226
248 127
172 126
170 30
205 80
235 230
151 110
235 5
189 118
179 92
274 60
132 4
118 43
240 183
134 70
266 103
204 183
175 95
299 297
286 256
299 278
287 167
257 195
219 52
171 112
269 79
256 220
111 21
127 96
290 195
191 172
98 83
88 0
174 155
189 136
258 160
173 60
284 282
209 40
230 104
186 15
184 174
274 270
200 177
247 136
188 121
270 220
219 218
259 184
186 174
184 72
187 66
224 44
129 127
165 122
294 148
279 193
77 25
181 45
136 42
157 0
199 129
253 139
125 2
119 1
213 36
271 34
298 118
133 23
120 118
120 58
256 230
176 93
237 135
202 79
175 89
197 55
232 80
69 15
292 77
284 126
227 92
252 126
257 167
157 73
294 183
211 94
125 74
220 181
248 56
170 4
236 208
199 193
215 56
107 28
228 202
295 48
204 94
181 135
281 121
184 183
241 57
81 37
258 46
195 174
287 196
229 99
258 132
31 21
228 181
251 245
166 7
254 180
205 84
205 199
185 136
216 1
107 51
244 206
248 121
249 6
244 131
251 163
12 8
118 91
138 57
186 120
272 148
91 0
115 51
241 96
124 101
284 108
204 132
246 163
243 199
276 142
186 170
120 65
223 66
160 108
255 254
187 62
256 242
120 20
238 184
98 6
295 236
185 22
221 106
255 93
299 180
253 118
231 0
80 42
218 114
116 51
84 66
111 46
232 47
281 54
155 139
258 194
153 67
269 31
131 49
76 13
235 212
211 191
172 100
294 28
271 231
282 51
194 35
80 11
212 165
217 203
254 235
290 224
78 18
257 86
286 119
262 126
149 21
162 135
216 145
204 182
205 133
86 75
272 111
255 204
225 0
153 3
194 162
216 17
219 156
279 8
264 29
235 225
241 42
140 86
206 200
226 60
146 82
199 76
248 200
239 5
98 95
203 103
247 166
294 270
81 73
173 152
256 64
178 52
130 61
56 17
174 85
197 144
254 4
46 29
298 44
211 104
244 140
249 218
95 18
186 73
243 124
15 8
203 47
116 63
187 33
220 139
62 53
166 140
248 38
63 9
166 109
187 29
174 135
259 33
122 1
235 233
247 120
264 3
248 71
267 40
211 164
206 125
260 188
272 103
277 40
196 73
272 62
255 186
97 53
191 171
143 60
110 26
82 81
226 212
227 124
260 80
127 87
100 14
127 40
218 96
43 21
230 200
233 109
244 29
85 60
176 156
186 142
275 262
130 122
151 4
289 252
235 75
134 89
283 164
231 142
287 215
205 78
187 20
160 125
283 192
228 225
195 154
273 86
247 19
266 124
235 110
248 222
203 100
197 190
285 147
279 91
253 98
223 194
260 193
271 256
219 98
267 57
157 16
65 47
233 146
299 157
214 178
75 11
132 44
105 75
278 125
58 24
68 2
41 20
182 119
234 57
137 80
191 132
273 211
101 69
34 20
240 141
216 138
241 52
224 131
273 205
259 219
246 197
78 9
199 83
250 127
184 53
167 108
265 29
198 149
286 92
235 70
231 6
153 133
30 8
290 274
169 11
97 21
235 116
32 24
241 51
256 75
57 55
247 44
115 95
126 76
123 19
21 7
280 0
79 52
100 95
173 104
133 112
42 39
282 158
181 26
288 162
286 166
61 13
116 57
289 228
129 7
229 183
188 187
179 61
179 11
264 26
226 119
157 90
280 17
63 16
99 33
206 181
255 205
172 48
84 4
250 38
278 203
198 39
280 104
190 34
266 188
195 72
272 120
272 86
219 5
222 74
261 52
242 216
144 140
234 221
163 83
230 218
219 66
286 272
126 67
169 35
232 160
138 66
149 136
138 59
270 54
263 240
51 46
295 180
209 83
132 107
222 41
286 98
144 141
93 90
267 41
270 178
200 51
267 68
279 170
198 124
132 100
209 31
167 141
126 79
278 210
195 13
229 220
267 265
133 35
184 112
203 116
221 78
201 106
213 67
252 89
78 13
207 130
231 84
47 34
238 106
257 232
295 60
192 145
102 40
252 131
222 181
115 12
132 11
258 103
226 145
66 1
228 214
168 50
114 64
214 102
154 21
191 43
186 85
180 3
128 111
225 126
173 126
166 142
198 20
111 57
267 228
194 74
298 256
221 22
280 117
290 0
282 249
172 19
111 70
143 29
257 110
176 123
224 6
177 173
285 261
245 128
204 185
298 164
209 2
171 145
183 149
67 55
136 41
202 36
276 109
293 122
151 47
194 95
144 97
28 17
196 6
157 19
240 26
74 0
277 43
290 110
243 188
164 10
200 20
284 183
231 123
264 182
89 57
229 46
133 8
259 90
269 178
159 129
154 127
151 58
286 53
295 93
295 12
255 184
17 10
142 87
223 151
116 11
96 24
251 115
178 160
173 71
245 82
121 45
184 89
187 50
154 149
258 23
155 33
149 73
291 135
267 122
134 129
46 10
248 188
48 33
239 116
266 93
191 113
282 12
150 42
225 113
183 14
227 117
263 89
212 159
49 29
237 98
150 130
94 65
95 92
255 77
220 52
254 60
240 6
259 162
287 184
140 90
228 45
260 245
183 17
244 84
161 93
162 149
287 100
259 114
263 28
242 210
174 40
182 163
213 196
282 198
245 158
282 10
171 53
265 9
277 72
207 128
221 136
269 209
155 92
165 119
290 248
198 44
212 131
262 230
244 83
73 41
150 4
203 170
231 136
190 45
240 79
130 124
206 46
267 81
87 64
248 136
158 30
262 82
252 151
260 92
254 24
116 67
170 145
183 50
104 99
121 16
85 6
171 49
271 232
53 35
111 11
281 277
258 76
154 120
295 126
228 195
178 102
141 109
272 216
220 65
246 123
57 0
244 218
211 147
142 49
99 69
207 90
82 44
102 12
185 153
114 0
149 137
271 88
294 125
223 112
218 204
142 2
33 4
266 51
153 116
143 53
197 116
166 113
258 156
286 32
161 136
195 122
265 206
76 64
181 34
215 92
81 75
244 69
63 53
201 179
286 104
228 11
158 115
144 123
147 3
100 69
131 68
260 221
124 54
189 80
166 165
216 134
272 199
161 97
268 221
167 44
188 165
236 145
101 76
269 2
280 188
268 70
290 94
75 59
99 83
184 25
278 112
286 145
137 14
14 13
88 82
276 216
196 88
289 127
293 58
196 168
259 26
235 7
165 147
288 183
286 155
275 64
87 85
77 44
214 208
281 267
278 73
263 65
94 36
125 10
112 70
87 80
242 87
218 40
195 66
280 30
264 255
299 54
298 211
136 7
262 260
172 95
298 292
203 164
60 47
154 55
248 241
120 60
141 22
220 138
140 34
255 92
45 42
222 145
160 111
129 24
171 153
280 21
249 148
45 8
164 78
185 35
217 119
271 32
243 135
254 243
189 186
116 65
252 236
274 95
100 2
187 126
132 29
262 29
279 241
135 54
167 66
15 13
268 242
231 176
128 93
273 119
268 42
212 20
165 157
286 21
292 290
286 156
101 92
276 9
146 92
116 30
190 136
200 9
183 6
202 160
112 43
197 70
219 14
96 49
198 35
212 185
184 170
168 128
126 19
197 109
230 126
123 64
222 149
146 34
296 193
265 133
273 262
132 27
286 66
206 195
282 47
294 134
189 176
253 182
228 133
171 60
208 38
55 51
250 49
148 108
238 233
267 167
146 44
282 62
191 139
267 262
185 129
253 226
162 42
232 143
277 59
92 28
109 2
192 6
293 124
171 131
277 80
105 6
293 78
276 53
277 245
62 16
93 40
59 58
297 165
222 140
189 104
229 13
295 157
36 27
185 101
256 105
116 17
168 102
68 45
236 152
138 9
134 13
205 101
293 47
180 170
244 94
70 30
75 18
123 59
82 49
211 194
138 52
96 82
220 156
288 59
280 149
125 44
95 49
297 37
140 95
195 50
284 26
180 150
296 222
92 58
297 233
250 180
235 33
192 108
165 39
140 133
80 63
284 137
219 50
236 108
55 52
228 92
127 26
106 31
53 22
263 71
164 138
259 113
283 68
143 34
288 86
164 139
263 55
67 61
52 37
223 143
122 9
189 175
286 277
266 40
130 3
145 142
182 74
190 20
130 113
192 98
91 34
97 20
37 4
93 61
264 43
202 181
151 93
290 39
95 57
244 98
233 30
81 4
218 110
44 36
286 177
289 79
227 205
242 154
47 10
95 8
138 135
280 27
213 103
194 97
258 162
138 61
294 199
275 121
283 93
279 239
259 172
276 57
200 21
180 66
288 27
133 61
226 75
268 95
296 244
281 150
221 108
247 185
260 107
115 18
264 46
127 1
98 16
242 28
115 67
184 57
104 14
186 31
228 216
279 123
238 41
219 61
181 178
243 38
207 195
133 55
71 36
286 271
253 66
299 266
172 2
185 110
163 1
254 229
258 212
41 31
294 177
136 38
121 2
225 31
142 106
276 193
164 88
274 214
13 6
252 163
277 129
162 114
131 28
211 142
291 192
155 71
140 134
150 29
259 180
145 15
173 129
137 33
246 177
291 140
298 167
245 50
259 65
108 73
122 37
76 5
116 69
210 72
26 2
280 74
208 133
83 19
255 191
62 46
170 123
123 62
277 236
270 249
38 9
139 131
169 101
38 26
71 47
257 204
249 44
240 219
254 67
71 40
261 34
237 136
89 78
108 72
227 49
166 96
262 110
140 11
204 138
236 36
290 52
170 69
281 113
268 161
278 209
90 80
147 100
194 163
167 150
289 282
30 14
52 5
271 13
48 30
187 27
256 102
166 54
106 19
216 19
150 63
194 188
142 68
272 113
124 74
210 137
232 71
292 185
241 200
251 175
145 24
192 142
235 154
213 58
210 40
163 134
242 106
163 5
158 108
169 83
201 154
252 152
110 86
186 56
182 68
186 67
254 176
122 91
127 106
215 178
72 11
191 83
115 27
258 196
205 7
225 3
257 210
191 19
245 78
259 132
33 21
148 25
260 207
152 124
267 244
114 79
202 65
248 20
248 140
144 12
92 83
73 50
149 15
98 20
194 5
110 84
193 86
62 50
282 97
212 64
204 177
185 157
160 98
249 196
268 266
213 116
235 200
145 68
137 27
150 46
190 124
81 8
253 211
280 157
297 216
283 175
190 114
38 11
156 15
271 205
73 48
222 186
203 81
289 161
132 128
244 150
283 193
227 146
143 90
280 139
177 41
298 69
227 28
241 87
226 172
197 113
210 83
258 41
268 200
122 115
140 41
279 208
172 104
202 4
233 126
253 11
242 58
298 94
266 44
297 193
167 126
280 214
105 85
220 85
199 42
178 21
222 205
244 214
274 229
268 136
261 67
255 239
102 77
277 94
215 94
251 171
130 28
122 5
259 22
274 185
298 193
118 7
244 186
280 176
295 272
231 175
259 94
282 27
260 1
196 57
124 55
190 85
203 198
94 16
247 51
284 52
219 182
287 211
192 170
296 117
161 152
173 97
77 22
167 113
280 216
79 9
112 61
201 119
248 199
159 1
175 174
267 221
110 10
