360 36 300 2500
297 201
227 68
332 167
247 220
303 75
317 115
192 112
324 203
233 87
256 7
313 273
315 310
27 10
248 13
232 139
257 107
242 10
327 27
200 23
181 92
254 104
122 7
218 42
68 40
316 78
63 29
352 173
209 109
311 41
264 103
118 104
324 87
253 134
67 44
330 168
86 16
248 148
298 134
257 188
187 166
124 28
277 219
253 45
267 185
282 278
140 102
285 112
259 228
196 172
257 237
193 87
85 24
213 190
223 85
118 94
259 196
243 223
269 207
291 28
97 5
240 108
260 74
221 28
193 152
59 20
204 138
195 166
284 269
253 190
107 66
79 77
237 4
277 16
65 36
294 74
193 135
216 132
159 104
181 4
141 68
294 116
86 16
163 117
148 110
246 188
264 116
295 178
21 18
187 76
274 41
299 14
36 8
291 118
259 99
267 183
190 0
34 1
127 88
251 145
106 81
112 11
194 66
207 184
203 39
99 57
82 72
53 46
268 193
267 108
150 36
212 137
215 173
182 56
148 124
138 88
165 93
72 8
231 110
236 43
196 173
271 250
208 31
15 8
147 133
207 69
171 128
261 238
292 166
279 10
211 29
232 166
247 183
192 189
161 143
286 198
129 25
253 117
195 141
108 80
258 32
258 100
127 104
61 46
120 97
276 264
218 118
210 144
81 17
93 31
107 91
7 2
181 121
199 120
183 126
146 109
274 193
283 20
185 34
119 22
283 161
119 60
166 12
36 13
263 32
224 188
240 144
148 48
142 47
215 106
130 71
264 75
286 0
284 53
263 164
248 4
191 135
192 99
236 37
284 5
164 150
99 83
164 156
115 69
270 120
296 149
279 4
223 153
141 53
103 35
290 197
187 71
296 42
192 29
130 44
155 97
196 166
152 93
231 72
235 194
233 69
283 10
143 58
290 141
140 79
98 97
112 95
208 126
198 196
232 42
104 40
267 37
162 128
121 98
274 138
277 163
101 44
188 97
232 58
137 52
266 20
283 17
199 172
162 154
274 220
123 49
250 110
103 64
218 123
99 35
195 74
252 169
211 183
253 48
97 55
247 170
48 7
70 23
285 4
235 138
247 149
174 64
212 104
74 42
263 55
237 229
272 169
102 26
284 265
177 8
219 78
36 21
248 136
96 91
284 69
237 88
128 121
299 32
262 194
114 25
204 28
211 46
174 22
279 50
144 120
172 2
280 217
289 148
216 110
266 6
133 67
201 195
265 244
196 50
259 149
268 97
290 125
196 49
180 46
213 72
224 205
175 27
298 169
257 128
152 65
224 9
291 64
196 30
254 151
248 50
292 56
122 23
203 46
50 35
267 155
232 107
100 93
280 255
288 268
289 56
224 54
222 172
259 69
263 15
115 92
246 232
272 189
273 64
186 39
202 64
268 166
35 33
170 110
269 147
166 81
129 9
199 112
228 127
261 73
273 223
248 181
175 44
283 121
80 13
239 86
11 7
272 45
77 35
278 274
147 70
141 77
88 30
298 144
267 103
63 59
286 213
195 194
227 70
232 186
173 159
243 18
140 132
161 71
238 24
266 101
233 99
204 57
16 9
278 93
231 187
202 141
279 103
227 60
206 32
160 54
238 1
245 26
219 114
273 270
139 11
30 7
268 226
107 89
273 156
271 230
211 167
196 192
158 31
241 69
170 158
296 102
207 84
108 79
269 262
261 164
215 204
162 55
191 76
210 116
224 46
98 36
217 108
169 41
238 204
295 180
154 122
157 92
241 203
216 11
153 111
214 156
98 51
122 0
242 111
279 53
184 87
119 70
204 145
280 186
253 110
216 80
259 26
163 144
263 154
295 216
54 2
62 9
209 52
277 41
287 195
263 24
171 34
248 247
131 62
291 177
189 106
276 143
138 62
85 20
139 22
284 52
262 132
246 134
289 16
201 32
252 75
183 78
141 8
288 280
227 126
217 133
288 7
128 5
291 150
201 74
219 12
181 71
204 130
264 3
281 242
178 95
256 248
125 9
32 6
122 34
164 114
100 32
155 33
218 1
244 99
217 201
178 109
195 61
205 158
286 170
296 116
212 65
251 116
114 67
251 193
172 138
160 109
190 50
83 30
265 192
209 4
14 9
244 20
185 134
216 37
298 23
193 36
236 219
248 200
290 267
83 72
204 23
224 61
220 127
155 62
278 101
260 22
233 173
296 135
274 5
240 182
243 102
297 236
135 51
277 20
271 10
153 112
148 76
171 94
208 89
206 125
239 66
231 119
77 0
245 235
257 56
50 47
15 9
194 150
66 52
287 104
206 175
97 44
60 54
170 89
143 139
212 111
272 82
196 73
234 79
242 40
208 49
218 72
157 64
293 119
286 162
272 213
153 5
290 31
293 177
230 111
122 60
191 40
288 108
160 46
169 60
80 14
290 178
293 93
289 23
223 55
207 54
141 126
51 24
183 32
179 18
127 24
291 249
48 29
291 221
253 224
167 18
221 173
252 203
176 141
275 130
192 155
33 24
223 48
259 176
83 34
268 102
164 146
289 25
160 29
284 281
254 202
283 246
213 131
128 97
219 113
164 12
279 94
291 46
237 101
277 154
188 5
177 47
175 40
226 38
235 37
214 160
161 33
73 12
299 90
118 77
151 144
297 169
281 99
286 41
261 141
258 35
286 190
221 54
149 119
207 177
72 30
289 105
152 147
298 11
238 102
239 201
53 49
226 39
292 33
22 14
167 103
152 135
274 81
267 130
255 236
234 165
223 62
85 80
190 176
184 39
284 257
140 87
118 37
188 81
280 103
248 91
284 254
228 136
31 18
294 288
121 19
94 34
299 167
257 91
294 292
221 45
238 171
186 64
203 175
66 2
256 149
287 117
292 113
230 147
115 14
123 56
250 243
266 146
283 220
235 65
240 74
231 229
211 187
285 258
148 37
264 251
248 154
205 109
285 184
183 69
261 131
68 49
239 108
240 150
256 11
159 132
274 36
203 62
166 35
134 127
295 97
241 2
294 65
242 197
202 120
270 191
276 262
265 48
223 138
242 43
234 67
83 82
239 18
36 6
85 84
265 221
210 40
288 254
108 38
283 93
165 158
196 104
237 108
271 206
174 121
133 5
272 230
274 264
150 61
160 100
188 101
201 3
275 53
297 117
119 25
296 106
282 156
101 22
45 26
69 27
258 162
267 114
264 119
286 16
62 21
252 32
133 85
37 34
213 62
188 163
195 192
75 28
204 189
205 108
248 32
244 55
281 22
257 83
90 20
46 31
109 103
261 186
288 158
108 50
299 201
296 13
291 265
75 1
233 43
268 91
298 30
166 130
278 62
146 18
286 179
89 7
243 76
292 35
236 190
88 39
218 21
259 10
225 37
65 2
202 39
219 2
164 53
95 64
288 18
184 107
222 46
207 127
230 216
272 145
293 44
81 13
290 261
111 94
282 6
273 76
299 225
228 168
218 48
227 4
296 143
241 96
249 36
168 49
275 83
208 95
138 73
253 148
292 146
192 120
285 187
21 8
173 152
221 148
294 66
34 20
251 3
204 168
146 140
183 94
282 269
173 79
102 0
271 177
253 63
277 235
261 212
268 261
192 10
229 52
189 101
269 6
195 60
261 147
263 67
106 26
232 228
126 19
120 4
230 100
31 16
158 64
167 147
90 3
102 96
120 53
244 107
153 91
140 43
267 190
127 100
57 34
188 119
130 1
129 32
231 97
225 67
208 128
296 151
166 112
294 6
132 20
252 205
207 149
156 112
187 155
88 27
278 99
217 136
191 128
215 154
290 4
161 62
297 102
59 54
201 35
227 13
203 42
284 241
207 144
68 45
128 48
30 6
83 46
199 30
279 247
176 82
181 42
296 28
209 202
210 18
126 68
50 31
294 49
210 46
95 8
97 21
156 53
294 55
158 13
204 153
247 65
182 82
139 80
155 69
119 12
163 26
185 176
285 279
298 102
225 74
21 17
258 243
241 7
217 214
167 6
199 55
266 207
96 67
273 117
37 17
262 117
230 225
199 100
119 40
188 167
270 3
239 214
250 119
209 158
267 239
256 114
156 0
118 17
128 87
278 103
228 103
130 84
287 16
122 17
192 131
90 9
242 170
272 65
176 55
289 42
177 142
164 121
293 41
285 204
96 75
243 5
230 218
184 110
198 129
24 19
211 181
120 76
254 49
234 189
271 145
227 21
234 65
133 98
121 60
185 135
282 116
255 220
238 214
223 27
256 238
197 118
207 76
180 63
249 115
56 32
248 122
238 156
272 231
264 254
232 25
258 222
150 97
270 212
237 210
194 33
277 40
194 183
178 150
250 56
256 162
252 222
283 252
279 187
257 27
299 112
292 141
142 127
236 3
295 60
244 128
226 19
108 99
284 98
243 144
263 50
159 70
185 75
241 180
213 108
201 69
204 53
268 164
228 38
291 245
104 45
177 75
253 90
256 167
264 182
286 64
74 5
283 4
269 263
155 36
254 110
280 222
248 38
246 0
122 75
114 0
229 137
240 80
243 55
262 91
296 208
232 97
285 136
291 89
188 6
59 30
191 107
232 190
109 67
142 104
237 19
278 125
197 60
211 168
228 148
296 275
248 96
250 173
182 21
245 202
264 101
226 147
262 257
116 28
136 32
139 67
272 238
273 258
237 209
294 230
280 27
166 17
231 174
149 36
160 22
231 108
257 159
261 49
267 123
241 207
70 65
112 59
247 25
199 38
51 45
232 156
283 9
91 42
219 50
151 101
268 229
299 115
232 167
298 182
195 7
226 169
110 74
245 34
184 56
274 56
258 189
289 221
80 17
299 130
181 70
184 18
289 20
148 3
297 77
272 15
59 22
191 118
285 29
238 115
219 48
183 140
154 7
252 17
204 170
290 161
52 40
236 156
63 4
167 49
113 109
197 187
157 97
295 45
267 167
160 48
259 253
195 92
247 234
172 140
158 34
48 39
154 3
293 5
88 29
276 192
195 168
183 174
129 110
225 135
185 26
187 171
113 103
280 94
177 129
184 15
260 230
91 70
204 48
172 29
181 88
251 131
296 202
285 142
177 24
101 14
110 60
239 199
178 45
266 33
210 35
125 22
194 32
179 40
242 165
198 189
205 148
170 8
291 169
204 112
95 54
94 49
212 202
126 7
214 168
230 205
93 81
214 79
128 23
283 211
200 62
250 228
294 150
224 125
276 59
290 58
213 97
210 152
252 45
265 237
211 124
255 203
187 174
211 22
285 131
224 175
219 163
109 39
202 155
204 135
181 26
251 81
210 159
113 7
222 14
200 57
244 181
278 140
67 51
190 179
276 129
80 35
159 35
266 22
108 98
259 96
199 61
142 76
273 28
264 210
278 212
250 171
183 88
286 214
237 207
206 76
296 244
129 82
259 138
236 145
148 68
258 121
250 126
280 95
271 154
84 9
67 54
185 3
208 150
237 163
225 31
179 80
265 126
175 19
153 46
61 26
158 41
208 2
250 116
264 166
249 157
282 76
265 69
141 50
137 135
77 51
236 54
153 25
236 167
142 134
78 54
67 2
175 98
165 42
189 127
291 283
273 230
178 130
260 11
277 250
298 212
236 4
198 39
92 51
259 208
234 207
229 202
37 9
230 89
225 201
187 44
51 47
296 66
221 77
193 180
296 142
239 138
126 51
137 15
172 7
263 102
210 181
289 168
166 18
52 32
263 189
237 75
270 76
191 184
220 22
153 109
205 123
40 30
279 60
285 13
148 140
218 14
58 19
290 260
124 105
79 14
283 69
163 45
199 99
200 65
155 31
243 184
141 95
196 160
240 23
52 37
88 54
277 124
261 54
244 210
283 258
73 4
143 32
253 198
122 48
139 7
166 104
198 172
291 285
116 1
258 89
210 57
281 181
58 48
206 117
271 116
294 62
216 109
177 157
129 113
210 36
212 39
173 77
138 22
74 33
116 76
292 151
28 19
206 173
239 169
232 119
238 145
205 102
152 138
170 145
264 1
276 247
241 164
245 71
210 54
131 98
286 27
248 33
258 59
279 71
196 48
197 191
246 30
211 69
281 274
232 148
293 79
90 43
134 73
288 188
213 106
291 217
248 147
187 131
54 9
170 42
226 20
231 190
236 183
202 172
146 64
155 140
233 124
298 297
277 224
279 252
248 153
238 59
294 222
191 170
294 34
226 58
265 136
46 17
274 156
299 138
242 168
150 100
211 70
271 28
197 33
282 125
121 55
245 208
10 3
275 240
201 183
254 50
255 14
202 38
288 265
262 24
187 4
138 131
230 126
223 201
78 0
199 97
80 45
82 65
222 171
187 90
287 173
170 76
179 88
181 139
255 221
284 89
231 86
237 25
94 45
219 6
48 37
69 46
216 144
276 251
246 10
86 2
288 142
226 180
50 3
213 151
54 43
133 3
202 33
221 44
18 6
208 19
137 58
151 8
153 88
86 72
288 3
266 66
208 24
299 25
246 72
158 35
153 77
234 148
174 169
86 8
204 149
286 265
269 161
188 56
148 142
131 50
248 205
243 191
245 39
295 234
295 6
255 59
150 146
136 51
253 206
262 7
292 222
294 264
245 206
218 200
225 175
233 135
65 15
94 71
58 35
100 88
147 91
176 47
232 209
153 87
148 143
244 85
141 12
282 281
105 62
236 138
272 111
143 6
153 41
270 122
250 67
218 140
269 249
149 130
236 178
165 16
215 138
292 76
258 33
112 72
225 94
251 61
172 164
288 135
293 224
289 78
296 230
152 106
165 121
101 40
268 99
79 71
250 79
275 150
109 44
155 72
140 76
298 41
288 19
231 44
254 86
171 80
262 77
238 84
295 165
250 53
150 29
272 158
110 71
108 96
187 133
151 84
287 178
281 21
181 15
44 40
287 60
127 72
126 21
278 117
178 53
221 158
105 68
296 258
287 103
236 78
246 116
215 60
169 140
280 140
103 45
259 240
270 44
195 127
234 116
286 8
269 202
124 80
165 66
273 58
166 164
182 97
277 51
299 292
32 19
238 79
289 282
103 28
299 51
124 107
257 165
139 131
176 73
98 78
175 43
175 113
190 168
242 172
129 85
220 213
277 10
242 191
265 161
164 4
75 49
177 81
270 265
144 137
279 177
46 32
254 61
294 193
126 82
293 91
261 108
49 0
262 252
227 87
224 140
272 152
187 30
260 169
239 97
244 6
281 29
141 63
276 166
231 58
254 134
212 58
207 68
241 28
275 224
168 23
201 106
240 227
173 6
214 180
230 104
87 82
218 57
166 157
292 25
258 69
27 26
200 178
283 206
121 76
263 240
173 82
184 73
256 101
115 34
234 88
155 129
271 37
170 30
172 87
179 71
153 36
60 51
296 259
203 172
290 97
23 0
274 33
217 188
290 230
293 187
59 49
235 180
271 92
249 182
81 73
68 8
63 33
294 123
123 54
277 151
263 256
90 10
276 258
183 82
211 1
35 30
257 133
194 180
222 189
166 97
200 150
279 34
143 36
75 8
295 98
219 210
258 128
231 176
274 247
45 32
165 111
238 86
290 241
296 181
69 33
42 2
86 58
253 191
293 22
264 83
135 103
232 206
181 67
215 10
267 234
266 223
223 180
278 3
297 210
227 219
236 177
131 116
262 261
264 161
296 111
137 116
165 61
209 53
280 197
287 242
242 66
165 85
92 53
219 179
130 100
80 70
219 44
272 58
256 178
257 36
247 204
279 172
220 68
129 42
200 4
276 16
226 41
276 122
98 20
27 17
298 38
240 45
251 181
110 14
250 137
221 11
125 112
109 31
195 71
283 5
164 144
125 10
267 42
107 47
279 86
263 109
229 217
299 102
251 0
252 166
247 203
184 171
138 94
229 93
179 47
147 30
286 196
277 263
255 239
169 24
220 57
277 176
54 26
189 24
162 49
159 141
169 113
258 212
172 142
195 32
127 106
217 184
245 176
268 12
230 135
190 52
279 69
292 178
245 135
260 75
238 53
140 111
283 151
194 81
282 5
193 177
40 12
147 6
288 201
253 39
257 218
137 43
97 59
189 72
141 29
225 199
209 12
144 117
243 21
142 103
215 161
174 136
234 133
263 170
254 97
162 24
281 225
130 23
112 19
235 201
274 98
175 136
144 126
298 98
287 137
265 68
246 90
140 74
237 128
289 161
274 122
282 240
212 71
129 123
79 9
292 261
140 70
281 72
112 42
220 70
176 132
286 23
264 139
148 131
296 284
209 201
232 7
91 12
271 107
137 47
99 72
189 116
217 122
104 36
267 6
189 143
240 210
203 176
157 75
269 68
170 38
249 23
205 150
47 13
276 88
84 47
286 94
152 37
179 90
254 47
130 90
114 91
233 202
288 25
203 144
214 161
143 57
256 77
194 74
209 183
102 41
106 67
123 84
284 261
166 131
176 48
234 215
183 43
268 202
252 82
126 20
165 2
195 135
88 71
29 18
59 6
173 104
279 12
245 164
284 140
232 9
138 44
218 50
228 69
263 147
272 84
283 36
111 47
232 227
111 64
116 37
114 53
195 79
174 23
264 155
186 131
296 15
287 141
157 101
159 59
293 75
81 49
48 19
298 272
257 127
286 102
262 69
291 154
263 199
171 81
258 4
293 255
246 242
292 121
64 19
193 54
202 23
250 94
241 4
257 24
224 50
291 155
189 28
202 111
281 51
223 22
143 14
281 215
222 53
180 140
133 128
204 166
174 4
65 25
203 71
211 179
238 150
266 2
296 269
194 55
212 148
280 183
204 200
279 130
247 63
234 10
148 83
296 45
156 40
33 10
143 131
298 269
145 16
264 258
268 81
126 13
152 2
54 24
267 253
169 62
49 21
205 185
283 105
85 57
244 239
226 89
239 101
234 230
123 6
162 37
282 222
226 120
110 101
209 203
160 32
212 160
157 54
45 0
250 216
159 39
294 229
284 263
281 30
297 239
250 69
223 192
116 44
144 26
212 75
132 61
265 195
146 120
279 85
152 3
283 159
185 119
266 182
175 171
288 145
213 94
257 136
104 16
100 94
24 15
233 109
244 203
82 64
48 3
126 37
95 33
287 105
164 107
74 46
206 83
293 257
168 141
257 96
76 16
180 101
56 1
191 64
294 224
261 99
146 79
153 132
166 25
217 115
148 24
139 93
212 138
173 17
145 71
260 164
265 89
291 152
297 149
182 103
195 193
223 12
81 16
195 26
271 235
78 9
218 41
220 88
293 52
120 37
159 85
249 216
259 101
186 94
79 44
221 32
103 3
261 247
204 7
113 8
230 207
214 118
81 10
174 58
24 5
294 235
140 68
218 5
239 115
210 31
3 0
292 29
194 142
284 161
243 66
224 105
162 116
287 268
292 247
273 151
209 195
152 127
187 45
272 257
169 80
241 16
240 4
296 197
129 59
183 20
255 238
272 133
171 132
42 11
293 193
204 5
256 136
279 174
273 96
97 45
145 44
264 227
270 232
151 120
94 13
239 30
195 88
257 202
247 95
134 60
58 17
187 58
264 154
176 80
230 128
298 82
93 79
130 99
116 91
94 39
261 79
289 17
156 17
209 36
80 65
260 78
151 112
144 7
226 220
116 103
175 90
228 173
224 212
144 18
243 198
213 35
29 0
229 131
169 131
213 6
208 63
296 137
156 28
91 90
182 160
262 239
254 108
185 171
261 122
141 60
257 4
69 18
274 187
252 186
287 40
263 200
297 156
264 142
156 121
291 119
281 258
265 187
182 50
291 269
220 1
160 23
200 98
225 222
295 276
256 216
123 71
200 199
135 12
126 79
275 245
171 73
279 202
166 47
239 64
246 216
298 34
155 56
215 77
204 174
295 17
116 79
212 106
217 109
262 31
206 61
273 123
31 12
81 8
205 172
264 64
233 199
299 36
263 167
235 19
273 141
109 65
184 161
234 115
209 35
167 105
207 60
285 232
271 18
287 24
242 65
235 99
292 90
189 94
191 42
278 143
89 72
54 37
249 22
93 91
181 51
167 7
240 224
255 46
259 6
274 233
277 195
104 24
212 34
144 97
268 134
299 63
229 153
228 46
247 185
199 130
196 127
97 14
218 65
165 118
156 150
215 51
292 223
229 45
228 94
165 81
281 97
297 22
202 109
105 51
253 173
261 89
192 147
175 83
179 70
100 8
137 75
276 104
269 223
280 238
127 64
179 60
201 152
71 50
231 82
273 57
26 8
186 78
255 196
115 36
285 124
196 148
159 79
298 115
266 92
170 85
160 67
214 203
144 37
160 0
297 135
239 2
143 85
166 67
251 169
296 194
253 133
254 224
144 48
244 169
182 100
282 255
126 40
294 285
188 96
201 46
88 46
292 180
270 152
191 62
163 159
277 130
104 53
133 118
275 132
102 86
66 3
120 96
189 173
145 113
216 87
179 69
288 172
208 121
287 201
292 102
295 12
208 74
145 84
179 108
174 80
299 163
158 49
241 100
221 191
196 79
127 43
273 5
96 52
126 66
172 155
214 93
150 55
109 77
140 28
146 6
275 55
279 70
254 194
152 73
167 108
282 137
52 38
258 85
255 135
249 241
189 137
217 54
185 72
280 230
241 52
178 18
10 0
280 257
96 45
97 75
164 76
220 66
128 62
276 187
198 192
128 123
195 142
169 94
182 170
100 64
281 184
233 156
233 38
267 131
128 40
232 153
235 88
168 108
143 90
239 113
274 61
157 7
276 183
153 116
279 18
150 31
233 122
63 9
133 65
291 55
263 116
215 55
228 36
163 50
201 104
292 53
264 262
143 19
270 35
164 23
131 130
291 281
232 147
293 158
228 225
247 184
256 32
238 235
247 148
184 139
197 175
115 104
292 16
44 37
180 164
239 179
249 212
159 138
284 67
94 36
139 26
34 13
62 12
173 19
157 131
240 26
298 73
227 12
160 27
241 198
215 110
174 107
158 121
160 158
291 263
103 29
94 10
207 6
50 7
186 22
295 289
73 24
280 178
202 82
177 159
183 19
289 218
282 265
153 129
207 42
45 41
219 51
248 59
116 27
188 164
209 178
263 187
278 158
264 52
77 42
99 48
260 67
296 81
291 8
280 17
217 183
286 5
210 126
155 79
158 124
247 145
178 126
243 27
210 194
210 123
259 34
257 57
279 27
275 178
220 187
88 47
249 240
114 14
238 133
10 8
67 13
230 129
212 107
130 11
138 101
244 149
91 25
105 99
175 11
145 119
173 105
141 139
220 56
238 135
141 71
217 68
216 210
234 62
249 121
279 213
266 189
247 57
211 62
231 96
132 27
227 225
291 134
262 215
262 166
240 47
163 58
208 28
30 17
151 104
177 50
82 10
166 33
233 76
90 32
117 68
180 7
211 186
288 132
113 23
72 65
55 21
277 14
263 87
64 51
103 54
280 142
226 203
271 253
182 139
249 123
277 13
168 64
123 36
172 39
216 137
18 9
122 21
159 66
232 64
126 69
