200 20 240 2500
182 54
49 14
85 23
123 47
187 185
31 3
192 112
199 121
18 11
126 41
88 51
93 57
27 10
111 82
134 51
153 141
53 38
132 15
101 6
181 92
118 24
42 23
33 31
141 99
126 44
227 5
192 117
186 139
175 147
213 174
125 18
172 55
234 194
148 113
119 66
155 150
167 150
156 10
156 81
76 69
213 208
230 124
143 114
202 107
45 24
62 29
202 176
219 156
83 0
149 11
139 75
161 152
220 132
68 32
190 180
96 36
116 105
234 78
102 17
220 127
59 14
204 108
166 149
118 61
206 176
231 216
119 2
65 37
213 29
178 122
185 2
214 61
193 3
154 150
133 120
208 201
208 163
186 155
100 44
229 112
18 5
64 46
164 2
149 82
234 80
106 101
177 162
145 21
226 86
232 123
229 88
188 50
172 145
32 12
188 156
238 187
22 1
102 44
233 14
89 70
79 46
195 8
179 153
106 25
118 37
93 79
205 82
178 160
158 54
107 105
170 39
87 85
95 40
198 175
66 28
198 29
134 100
215 191
81 9
239 159
223 90
197 94
101 90
185 129
182 47
238 111
123 11
54 42
222 102
192 53
226 149
228 133
216 195
180 90
185 140
163 37
178 33
153 8
203 5
189 38
210 5
89 23
230 184
137 5
117 66
188 51
141 33
190 137
148 48
201 133
175 60
140 77
197 155
159 21
209 9
224 29
178 170
78 6
123 98
102 12
232 117
122 42
146 72
194 157
159 62
153 133
107 17
158 15
192 35
101 28
235 9
140 64
183 9
79 36
152 145
208 195
137 74
192 23
147 144
220 71
57 52
45 31
231 43
230 81
157 138
131 44
124 77
188 145
126 31
183 30
233 136
158 141
202 99
154 43
95 77
197 21
162 10
229 164
135 31
197 60
89 73
102 85
230 192
223 158
186 59
182 131
74 45
236 10
169 107
204 5
149 77
213 136
114 8
159 136
193 92
139 112
124 1
140 92
114 101
208 170
184 37
200 191
83 24
221 214
150 144
122 101
198 196
234 164
179 87
181 123
239 104
34 20
227 114
196 31
163 72
224 139
206 139
233 138
151 82
210 205
239 1
200 179
162 51
193 48
182 124
130 57
106 85
60 51
177 17
209 130
180 92
62 45
189 40
176 173
128 48
228 176
91 47
204 203
119 28
224 164
180 154
35 16
202 142
219 171
180 32
169 153
40 36
60 58
48 13
206 116
63 27
206 5
210 77
133 107
192 89
231 102
112 46
220 197
153 80
187 121
168 9
202 1
222 5
180 137
48 32
41 39
191 154
148 89
215 124
74 42
74 3
128 39
231 99
162 47
159 9
32 3
213 157
187 63
180 125
175 45
224 47
162 98
205 183
144 49
239 167
158 109
87 0
144 135
88 47
147 2
121 18
178 172
218 51
232 146
143 41
66 41
134 105
133 12
196 1
125 72
232 3
168 121
63 52
228 158
154 71
160 66
112 31
189 181
145 49
80 9
214 39
93 6
147 100
131 26
153 51
134 34
165 107
196 19
147 98
28 25
160 57
221 186
187 65
192 104
116 92
216 69
20 9
229 212
101 38
138 94
236 213
155 119
214 22
159 101
171 44
192 107
178 65
169 94
118 39
23 16
206 86
149 35
209 160
206 133
20 0
107 77
168 130
79 57
67 0
136 94
219 215
234 91
83 12
148 97
121 85
170 144
140 131
146 76
180 112
89 41
60 48
212 186
227 8
218 23
138 29
172 16
185 35
201 162
231 228
93 64
149 74
216 41
82 72
129 22
229 174
188 165
109 90
97 21
210 114
190 50
193 183
169 84
88 76
146 66
222 121
180 155
138 75
166 41
111 19
126 85
34 12
129 80
143 42
222 175
134 120
178 5
126 118
166 116
71 50
186 85
196 20
214 63
195 164
192 32
108 37
94 87
126 47
226 50
223 41
73 1
222 14
179 85
66 42
239 54
89 36
187 131
171 84
238 182
228 188
70 47
189 60
167 155
160 15
184 159
84 33
157 72
165 4
215 185
151 1
158 85
197 30
188 178
236 190
191 65
216 90
235 213
183 139
213 15
229 221
92 46
149 10
218 176
202 13
73 24
146 114
224 12
173 63
172 18
173 35
66 43
153 77
235 38
163 85
174 155
116 99
187 162
174 154
40 9
210 38
168 93
197 112
156 49
157 146
180 67
101 47
108 23
204 27
175 26
23 17
200 75
188 179
99 87
220 16
205 68
177 137
133 22
205 22
162 63
142 85
152 79
111 82
183 21
26 15
181 25
183 98
217 132
86 35
190 12
171 66
106 16
165 51
79 68
183 70
215 156
171 121
165 52
101 97
198 4
127 70
170 26
216 6
182 126
72 38
203 106
200 92
88 74
129 117
97 94
228 175
231 142
227 144
142 52
177 127
213 5
162 0
195 25
208 149
125 57
208 68
181 118
224 156
178 114
185 132
168 22
208 191
133 65
192 139
203 121
169 67
224 65
238 73
167 154
50 13
161 61
136 68
49 27
132 33
226 90
201 159
218 32
200 52
70 23
223 165
115 58
201 195
197 69
201 126
164 104
87 65
208 202
51 0
41 12
97 50
203 29
232 50
224 133
228 5
131 19
159 98
231 214
128 31
227 212
219 11
221 197
99 95
155 66
94 39
173 87
194 145
239 169
225 186
175 42
118 97
199 39
184 78
148 12
211 36
185 173
192 46
196 180
163 128
118 16
219 118
232 212
209 66
105 96
219 137
139 102
98 44
50 44
196 150
176 1
100 37
210 131
223 61
93 75
207 100
23 11
85 11
237 103
223 191
224 83
112 63
181 19
38 31
106 24
195 47
236 122
183 36
224 202
197 158
194 141
60 22
84 5
184 177
82 23
155 47
172 78
205 165
227 95
196 79
169 28
203 192
180 43
68 33
205 187
77 53
167 126
202 139
98 41
111 108
204 184
123 47
66 24
217 9
83 49
115 14
90 45
198 37
165 50
61 26
206 179
189 69
68 8
237 164
109 60
228 150
209 163
205 145
119 79
184 113
227 73
89 85
159 27
185 151
149 102
202 50
189 90
136 123
239 113
231 227
43 30
99 93
235 154
74 36
142 84
69 40
233 88
163 144
234 46
162 97
137 135
189 111
230 15
112 57
125 15
199 133
236 46
67 49
107 1
200 50
194 176
69 23
207 83
157 47
233 74
212 108
163 50
142 93
215 44
207 36
114 97
146 15
123 82
124 84
177 140
171 73
197 23
225 180
216 171
220 42
227 27
232 225
225 135
163 83
231 163
154 67
92 31
162 113
206 186
162 29
221 176
214 98
170 146
102 48
113 46
168 60
211 164
146 110
79 54
225 2
63 3
170 53
154 120
181 68
192 122
138 104
180 168
33 10
111 42
105 16
229 184
62 41
131 126
214 68
210 167
202 147
161 125
199 74
227 74
228 153
97 26
205 190
173 75
187 115
130 125
118 50
192 130
164 98
139 64
121 86
94 63
211 131
207 65
128 61
164 81
167 12
194 82
120 72
197 118
130 8
136 48
217 30
99 91
135 76
65 54
214 119
127 72
92 32
147 21
170 14
116 26
162 125
147 6
207 166
82 24
186 93
213 54
211 162
232 178
160 101
221 132
164 155
236 1
222 119
71 33
55 44
33 20
119 92
212 21
61 7
213 83
190 20
218 16
149 122
237 73
220 192
184 102
192 60
221 123
158 65
152 53
227 68
91 57
191 104
194 61
90 44
187 4
176 38
99 74
165 21
228 211
212 10
236 25
151 80
91 23
157 30
41 19
211 175
38 29
124 113
205 71
221 60
60 34
153 104
234 127
148 88
223 44
207 23
126 54
130 30
62 4
207 127
224 161
183 176
150 52
85 44
151 32
130 82
105 64
77 54
222 200
104 50
107 68
226 1
155 136
217 4
110 29
127 107
206 173
38 22
227 92
101 51
141 65
188 71
164 30
54 46
195 44
95 91
184 13
222 21
218 18
235 220
237 169
108 73
164 100
97 31
164 162
188 74
234 96
218 209
221 1
62 22
147 93
211 47
215 183
78 47
227 206
182 90
151 124
163 55
227 124
204 199
149 69
171 33
144 113
170 20
194 6
237 161
54 40
176 76
177 70
116 29
84 1
149 60
119 84
160 143
123 69
236 161
177 57
238 132
105 56
153 50
83 60
157 148
181 61
194 31
186 169
18 3
142 78
182 112
219 67
207 89
120 48
85 37
184 60
127 77
223 157
159 0
81 54
239 69
78 64
199 13
90 74
219 203
34 28
171 69
204 110
25 14
26 8
185 144
106 37
169 40
93 5
171 164
194 190
189 12
178 63
133 119
128 83
173 113
132 38
187 158
124 48
167 132
162 20
71 57
117 23
223 179
116 80
237 187
169 102
218 215
124 21
157 17
56 18
84 76
33 21
180 9
201 6
224 217
72 14
222 79
151 96
81 20
175 27
208 172
29 25
130 66
130 1
161 26
108 8
64 8
210 140
203 145
146 118
175 70
138 71
130 112
176 28
224 187
182 150
234 232
76 21
137 14
186 153
217 184
91 25
224 109
202 85
232 207
155 6
221 63
180 150
127 106
183 140
233 51
201 170
45 34
131 124
80 16
177 25
188 149
143 103
128 45
234 32
200 60
218 5
227 193
112 29
180 129
49 15
235 71
228 195
185 101
42 17
158 119
234 114
221 191
107 94
166 40
80 26
88 87
139 79
135 134
154 58
200 180
108 19
189 29
141 91
224 127
134 16
69 19
110 36
184 75
203 138
176 144
168 20
184 110
207 43
237 85
167 5
234 147
165 23
228 4
92 53
187 5
237 210
198 121
145 116
186 100
74 70
97 63
86 16
239 147
235 209
228 42
228 2
170 137
129 120
174 172
163 77
136 47
81 68
62 0
158 18
211 191
79 21
227 194
201 13
93 8
224 8
84 36
192 158
132 60
158 31
34 15
121 100
174 65
225 112
167 32
212 2
141 102
84 13
184 181
117 72
160 147
164 96
237 82
76 68
199 147
126 28
215 70
234 13
219 162
221 206
190 118
99 32
104 99
152 42
233 16
157 91
218 192
24 12
237 45
191 40
229 179
61 46
161 109
92 80
149 50
239 196
213 48
194 147
210 35
67 9
90 55
114 80
35 22
103 90
58 52
218 15
215 3
136 46
189 97
236 11
182 134
133 100
215 186
106 47
216 203
105 23
213 104
124 76
139 83
201 18
215 189
168 107
162 15
174 93
166 70
215 73
223 188
221 151
216 92
127 100
136 24
221 100
184 71
147 5
181 130
190 174
133 68
69 12
229 149
233 210
178 166
44 31
125 81
117 5
219 54
66 25
156 111
164 143
147 136
143 108
209 56
225 113
130 16
187 36
203 17
22 3
123 115
220 201
152 13
179 162
97 83
212 205
229 16
28 24
89 65
39 24
17 14
194 33
155 60
134 20
199 58
226 120
156 83
59 1
103 45
146 84
110 60
193 97
195 113
195 1
239 212
38 34
82 37
101 100
154 96
89 0
133 123
187 53
114 0
82 51
230 82
217 29
107 90
114 16
157 78
220 1
57 2
28 0
208 92
123 36
223 186
121 42
205 182
185 123
175 44
194 180
170 72
210 172
154 125
207 163
133 66
239 92
184 141
153 60
68 0
210 8
144 23
43 0
118 53
196 153
193 154
122 72
130 77
158 106
211 166
212 195
228 28
211 58
147 75
193 136
178 143
215 143
236 80
171 151
170 58
192 59
93 71
220 48
217 160
184 139
186 132
158 115
98 21
211 67
76 71
107 72
177 105
118 35
176 60
149 121
211 161
119 94
156 126
234 64
157 111
217 34
178 70
46 17
150 20
210 112
118 62
187 45
81 7
233 57
201 5
150 2
213 125
197 173
166 155
193 138
181 115
35 24
120 46
147 94
236 227
185 91
80 12
203 84
210 120
222 125
148 37
127 98
126 71
167 77
23 10
61 54
195 96
92 83
206 146
120 78
76 59
224 79
150 21
215 69
239 230
93 58
213 167
101 69
76 65
118 47
216 154
198 109
188 0
143 113
187 151
89 50
166 94
105 41
175 62
210 44
140 89
211 137
82 43
136 128
184 57
125 14
67 17
225 216
209 152
165 18
150 125
216 20
231 152
87 28
171 19
202 194
121 105
158 103
233 135
214 107
190 73
90 41
76 10
210 41
172 67
80 38
155 135
228 171
204 146
33 27
201 81
128 3
111 64
190 2
232 154
163 141
205 100
63 38
214 154
177 93
185 124
222 42
177 138
90 59
157 67
203 71
143 117
55 7
157 81
178 84
193 170
81 61
209 198
122 87
207 195
137 55
212 27
218 153
223 140
210 58
152 35
219 71
171 142
228 19
192 153
201 143
225 158
152 34
149 88
98 0
146 12
216 149
178 48
180 30
206 31
183 49
190 148
99 33
209 18
140 45
102 41
225 59
181 38
215 154
167 127
221 21
16 14
196 115
83 76
173 11
221 88
133 104
217 151
147 32
118 23
232 66
139 131
78 43
165 105
227 93
78 55
181 67
218 27
154 99
232 105
168 98
223 172
227 106
159 86
219 154
221 220
103 26
232 102
219 202
223 34
175 22
222 75
200 25
94 84
52 18
87 35
193 35
55 32
182 32
231 79
140 126
123 7
184 54
219 190
235 20
167 119
215 184
196 12
227 195
217 74
94 56
226 112
150 143
226 220
110 109
215 1
214 134
177 59
170 97
121 17
115 25
124 9
102 96
183 166
191 44
173 38
66 1
130 95
231 169
147 113
238 69
168 72
193 68
202 114
229 43
98 3
228 189
216 187
201 14
161 156
230 199
193 24
204 121
185 7
110 17
180 38
103 36
65 36
155 95
231 18
216 60
237 199
51 9
184 166
78 38
142 28
139 73
82 18
206 158
236 189
83 61
234 69
83 32
46 37
145 67
53 35
199 170
118 32
125 69
187 44
190 176
198 95
124 25
202 61
211 21
189 77
179 33
189 8
224 193
196 192
179 78
165 125
176 53
195 23
165 152
98 38
222 72
96 72
94 93
186 26
235 76
215 4
160 61
156 99
107 50
149 25
161 153
230 139
123 83
154 129
213 194
151 57
190 189
218 3
178 93
154 132
165 35
42 8
151 117
232 169
172 146
171 64
182 95
189 170
218 10
174 130
234 40
141 133
221 183
228 214
178 103
219 134
190 134
48 9
236 84
211 12
85 73
145 135
69 9
145 137
180 149
112 52
175 97
110 107
42 20
128 28
220 125
102 59
211 173
238 75
237 69
43 11
49 33
204 120
142 88
231 131
113 54
188 66
153 145
145 124
106 44
123 62
161 113
156 154
188 32
178 47
226 17
197 193
191 31
191 162
101 31
230 129
217 87
88 48
222 147
207 54
157 113
196 181
192 121
165 115
212 130
64 45
196 51
197 111
239 88
227 148
112 84
49 24
165 93
99 5
139 21
177 145
114 58
112 58
126 39
137 10
160 125
127 3
196 168
120 52
93 21
179 170
151 131
204 135
105 8
137 131
155 17
227 204
111 88
207 179
55 52
177 94
73 66
129 18
235 170
160 152
162 139
202 102
227 35
50 38
158 21
159 70
212 97
137 122
185 23
99 44
216 150
185 53
185 110
165 43
235 130
30 19
217 97
50 17
214 209
152 127
221 74
216 29
177 37
39 32
230 41
115 48
237 179
181 93
122 49
236 48
83 41
198 148
194 91
109 30
223 171
216 205
166 74
146 8
103 12
191 171
238 200
156 127
120 90
214 149
181 43
201 141
168 116
115 104
237 222
202 82
158 43
185 27
80 59
52 25
207 177
203 197
209 159
179 69
205 150
83 78
209 12
132 17
202 146
80 70
105 84
181 22
168 76
157 55
152 51
113 87
165 138
224 30
72 71
63 57
206 114
169 5
150 72
221 42
84 53
183 99
188 162
171 163
207 192
100 75
43 9
73 2
95 73
162 89
40 8
196 86
87 49
42 24
236 153
214 91
130 72
118 78
147 15
143 18
145 118
177 20
86 73
131 1
222 178
183 121
187 90
46 35
106 77
167 18
13 3
218 61
188 127
45 16
230 111
94 29
37 13
204 104
181 69
175 168
224 19
181 117
197 115
146 49
236 158
161 59
216 183
47 33
227 45
208 180
173 76
178 151
196 119
114 3
145 66
105 87
212 184
225 157
169 54
186 55
116 7
218 200
221 36
104 90
98 92
160 30
235 11
177 142
87 26
159 78
91 85
113 48
107 106
231 219
220 164
169 24
192 135
204 154
160 131
121 102
129 13
143 1
188 61
140 114
109 39
218 127
90 82
164 5
109 63
210 200
16 5
152 21
204 170
210 48
100 12
220 123
178 140
69 33
165 99
185 56
225 213
131 11
92 81
237 75
175 128
225 3
219 40
226 67
99 78
224 85
146 86
225 50
190 1
222 187
202 57
218 47
85 21
234 7
195 36
187 68
177 76
111 18
51 12
154 12
134 35
217 195
80 50
15 10
223 83
206 8
187 160
99 3
107 13
128 16
162 67
208 151
238 50
228 125
107 2
137 115
197 106
218 76
124 52
205 181
90 80
190 185
217 215
172 54
146 58
206 39
203 58
44 35
215 60
39 14
149 137
136 98
236 94
130 11
214 33
129 128
104 64
127 73
196 37
147 69
193 103
179 24
152 92
121 14
75 45
122 120
143 94
181 148
129 44
85 69
77 25
24 10
143 136
194 115
188 23
127 91
175 135
49 11
215 157
81 73
207 67
149 56
182 78
126 22
167 115
183 129
166 132
215 150
148 107
100 58
173 44
173 70
181 129
160 21
110 101
222 27
220 116
161 104
150 28
231 113
205 115
192 95
213 55
55 45
215 209
206 63
13 11
139 138
155 92
158 61
117 110
195 70
213 115
230 146
38 26
201 87
66 31
212 128
76 47
19 8
69 3
62 16
188 98
88 49
161 143
206 22
18 16
221 122
136 130
98 82
107 8
159 138
184 106
143 45
191 187
111 4
20 7
187 175
182 164
226 217
198 79
188 93
82 12
172 96
211 101
130 12
159 113
157 121
192 151
230 43
143 13
114 53
77 13
203 78
163 87
192 4
193 163
64 2
179 154
87 9
237 72
201 182
51 23
168 113
127 60
215 105
181 4
37 33
206 140
227 119
107 93
224 40
224 142
138 50
235 215
222 53
58 5
160 37
143 46
224 108
105 52
71 70
178 53
183 10
94 60
126 38
125 31
211 136
205 118
49 6
163 147
233 154
103 95
102 16
176 96
137 128
170 23
120 44
192 7
149 67
162 19
186 107
194 81
163 22
150 57
187 96
208 144
148 30
171 123
186 105
149 145
102 34
110 48
207 91
169 44
157 58
202 149
217 173
232 124
41 5
202 108
46 15
230 197
151 76
170 95
173 143
175 68
217 178
236 85
152 135
233 214
217 46
148 135
179 155
175 14
86 84
174 124
160 141
218 191
154 139
220 174
214 47
126 24
191 143
97 48
213 39
203 30
33 15
193 59
207 186
163 59
54 39
194 188
218 83
192 185
195 158
147 1
92 88
213 92
137 20
109 52
96 22
183 146
114 37
206 118
202 34
177 13
180 122
108 27
171 112
123 26
156 44
217 11
219 127
73 45
125 99
59 34
124 43
161 57
134 63
60 26
146 70
182 13
13 7
187 49
154 80
193 74
53 40
133 74
38 37
156 12
182 119
227 128
223 95
227 200
221 213
64 4
29 10
214 133
210 169
236 140
64 3
157 109
168 16
161 73
229 167
238 162
183 4
199 94
14 12
138 53
56 36
130 18
218 29
64 48
131 100
57 10
47 26
212 198
207 205
177 66
159 58
158 133
221 27
97 96
234 193
110 66
73 41
65 43
209 114
221 138
178 128
173 46
154 149
31 30
200 186
154 104
82 57
162 102
204 198
155 86
216 56
40 15
227 222
224 153
221 77
157 125
121 52
188 144
221 203
202 183
137 95
56 14
236 68
96 1
224 157
113 92
125 90
151 58
197 169
166 98
193 67
237 78
239 6
71 54
159 41
113 12
163 46
172 87
80 64
76 18
209 23
155 11
74 4
100 11
183 48
217 183
233 169
222 170
167 99
230 7
150 90
151 140
195 147
233 62
239 170
233 134
141 139
140 117
209 169
222 196
238 114
131 116
58 11
209 7
110 16
180 135
155 34
233 122
179 55
220 168
113 40
81 2
51 33
134 54
194 62
214 177
92 7
164 120
169 85
193 7
70 64
182 155
212 121
209 26
216 17
26 24
188 9
210 185
58 53
215 102
91 32
188 116
63 55
154 103
162 72
237 71
189 1
141 122
205 15
92 37
112 59
210 17
225 149
212 60
164 36
191 76
213 9
215 64
196 108
48 27
228 64
179 111
206 115
45 9
103 32
174 60
113 5
225 193
224 114
160 12
205 104
222 173
190 51
214 192
60 42
93 14
190 65
183 3
215 9
224 120
139 47
223 222
159 124
105 6
199 90
173 15
199 115
233 140
161 68
230 180
114 79
109 24
104 54
228 6
169 42
239 84
235 86
178 134
227 146
120 99
209 102
100 78
134 77
162 28
198 0
45 19
195 19
60 5
212 11
226 80
185 13
208 140
177 117
170 29
210 101
231 187
206 18
65 22
190 8
166 88
166 44
31 3
188 114
161 135
201 72
117 35
211 105
221 30
202 37
239 214
225 55
116 104
220 0
133 125
214 161
41 38
226 224
228 107
172 166
170 135
204 132
233 48
131 101
239 204
60 59
126 63
42 26
35 12
219 16
164 126
229 72
210 137
231 165
198 113
93 83
166 60
95 34
133 44
107 101
204 136
210 171
155 73
214 79
197 45
144 128
92 86
139 32
182 146
235 91
83 80
213 205
191 67
234 145
114 91
134 114
208 152
153 16
159 61
218 94
217 147
230 95
239 79
155 93
129 51
75 0
133 73
185 157
228 146
136 8
178 159
239 134
200 194
190 153
12 8
33 7
230 141
91 80
83 57
54 45
239 112
212 182
185 48
54 28
38 3
223 129
79 62
210 24
32 29
220 126
173 0
91 1
157 117
104 61
169 1
106 105
145 34
169 7
197 116
203 125
217 164
230 63
25 24
121 27
173 146
95 61
235 60
203 139
112 10
145 104
154 81
236 118
172 160
156 62
191 170
103 18
167 28
92 17
122 9
20 16
220 57
99 16
217 141
113 107
222 22
205 31
180 163
178 15
182 28
151 118
91 88
201 83
79 20
127 93
162 39
112 0
184 19
98 56
104 71
216 139
161 88
201 129
171 106
210 71
156 57
222 165
193 114
198 5
123 87
168 136
211 119
137 45
180 2
142 107
167 37
208 79
222 56
128 108
53 38
162 30
136 45
