540 54 300 2500
297 201
227 68
490 474
424 380
446 371
317 115
192 112
496 363
233 87
256 7
313 273
315 310
27 10
408 132
447 413
372 292
501 475
483 435
464 351
535 266
384 63
122 7
218 42
522 482
516 343
453 325
471 258
529 144
311 41
264 103
487 2
539 267
253 134
67 44
391 369
86 16
457 440
521 196
514 156
472 45
279 96
174 18
495 437
539 116
307 284
429 288
210 83
485 145
442 180
493 345
455 370
51 36
507 365
526 161
210 190
139 0
248 147
88 48
157 133
177 84
241 27
130 78
294 270
269 142
135 91
243 46
212 28
297 147
107 58
155 133
285 137
209 202
40 36
280 46
199 46
295 229
140 16
270 43
258 107
246 38
148 28
106 101
298 68
109 60
200 67
162 130
108 65
279 129
215 112
283 130
158 94
275 64
286 150
189 38
288 115
236 105
104 16
295 144
186 130
75 42
198 112
143 7
60 22
249 112
268 235
247 236
100 57
183 27
294 38
218 142
232 40
275 210
226 142
88 16
204 171
282 275
252 44
242 34
226 33
290 209
250 104
298 38
142 71
256 179
147 15
98 55
239 221
218 98
135 104
142 72
138 5
218 217
220 54
133 81
221 78
86 80
205 135
124 114
109 45
240 43
278 212
220 177
99 24
268 166
53 17
206 118
194 52
116 77
243 152
245 204
176 138
70 43
229 207
224 48
282 140
250 248
240 160
209 13
94 67
173 81
47 24
246 136
297 167
243 43
270 238
223 43
261 242
234 53
257 195
292 178
177 26
243 123
210 19
220 136
280 181
254 100
291 284
267 102
269 129
224 34
267 141
180 149
229 108
126 115
185 97
140 48
119 117
267 177
269 93
280 177
152 21
215 147
153 64
259 76
166 22
216 38
236 29
210 130
245 132
72 49
106 28
214 191
162 151
298 1
157 110
227 159
144 46
186 124
161 110
276 55
270 245
159 77
79 52
235 8
232 92
119 51
154 62
249 189
296 31
161 131
218 177
264 245
204 151
257 236
264 256
133 4
282 271
117 48
226 148
178 93
185 2
277 238
34 8
229 222
269 130
117 78
161 6
280 61
268 102
166 55
150 70
242 173
143 137
181 51
213 188
138 47
37 35
196 91
190 145
275 178
116 3
150 118
151 28
161 144
219 119
198 47
105 59
183 179
231 181
155 76
205 58
239 205
231 27
246 35
250 207
135 60
185 101
236 73
115 55
283 8
290 127
281 133
232 67
214 131
245 168
270 9
187 120
11 3
216 148
233 8
157 56
35 13
292 90
171 59
211 196
253 59
118 31
246 196
264 70
299 194
256 6
177 127
258 234
146 91
287 187
176 31
264 193
107 8
184 46
298 261
238 135
169 6
282 218
199 114
181 40
282 154
188 176
93 33
102 25
237 199
273 106
77 17
73 3
213 87
241 240
77 29
285 153
38 16
249 211
261 161
106 92
163 71
189 90
240 31
88 46
257 23
259 132
233 57
67 14
240 174
179 40
231 28
273 2
150 42
69 32
222 77
45 43
140 90
166 113
241 85
275 203
251 247
164 134
190 97
95 49
91 84
84 50
110 65
286 56
192 53
205 139
291 280
238 72
281 58
250 138
136 48
242 221
189 64
226 43
285 40
295 159
194 175
278 206
135 74
177 15
80 9
289 203
290 48
176 149
163 122
280 158
139 21
272 225
293 3
138 71
266 192
45 18
70 50
223 60
250 219
288 44
156 4
297 213
221 105
65 18
232 183
12 6
283 263
270 24
270 84
188 20
288 156
283 152
187 53
101 89
134 22
198 194
204 50
39 21
157 37
183 18
272 251
72 68
266 256
178 72
174 165
65 47
164 146
60 36
88 66
208 8
276 245
232 131
124 112
264 98
207 129
295 0
218 46
248 124
181 96
157 29
116 12
143 111
259 84
283 77
219 73
279 141
279 245
134 101
262 207
179 72
236 233
115 57
100 47
94 56
278 219
81 60
179 145
129 39
76 28
103 67
292 112
280 8
285 124
256 40
216 140
281 139
282 200
243 29
281 116
113 24
65 21
87 64
243 10
193 130
103 100
218 8
278 113
191 74
103 45
179 137
73 32
152 10
297 206
290 193
142 9
43 37
149 21
211 149
260 16
247 78
230 222
240 195
284 184
232 109
40 27
195 157
160 156
76 63
257 163
264 178
189 29
249 172
67 53
142 113
285 281
176 26
66 50
261 175
284 106
210 68
182 72
237 44
258 206
257 81
249 51
250 87
174 143
141 83
299 161
250 75
232 59
152 97
121 98
228 86
195 135
77 56
239 163
213 131
154 4
168 1
159 132
189 76
188 82
114 35
294 212
131 104
258 237
295 230
147 20
187 103
284 178
120 49
220 121
295 280
288 80
198 55
201 106
289 216
143 113
256 7
237 131
278 93
36 23
194 160
226 214
243 149
82 41
289 70
226 119
75 72
265 191
232 148
291 266
284 200
278 24
206 175
277 29
252 239
190 37
274 59
143 42
246 71
191 43
244 8
194 67
106 26
234 217
196 77
203 51
181 43
177 111
286 221
294 195
131 110
260 248
191 19
102 3
248 48
180 106
168 163
271 51
159 30
131 66
192 79
69 34
245 93
272 190
41 38
34 16
255 144
43 28
204 145
104 101
211 16
261 180
229 202
288 242
163 22
130 19
297 74
172 62
278 247
277 95
268 69
222 123
281 134
142 99
181 71
249 206
143 44
271 265
114 90
234 228
112 36
157 146
195 124
257 78
220 28
163 81
273 62
162 103
150 61
227 56
141 24
262 168
263 213
219 200
117 23
257 35
289 245
225 40
217 137
250 65
227 32
218 141
299 235
294 194
162 93
129 34
153 125
281 273
12 5
194 154
189 116
46 36
207 33
78 34
230 42
178 92
186 126
241 154
235 184
69 28
262 164
206 194
122 45
87 63
278 226
158 131
247 8
119 118
135 33
230 160
216 204
224 155
218 144
186 46
144 143
283 40
110 59
279 19
117 112
238 104
280 101
52 3
245 110
159 39
290 55
119 11
91 54
281 96
67 31
245 102
193 92
157 16
135 51
145 85
282 251
296 284
240 92
240 184
161 159
229 104
73 25
126 6
262 32
270 15
229 184
193 128
278 124
273 56
268 153
230 55
288 174
155 125
194 166
296 180
241 170
113 47
89 40
168 80
288 35
237 119
139 18
256 154
298 210
183 123
233 107
150 38
271 96
127 10
281 188
270 257
266 54
127 44
213 179
281 221
144 48
208 40
229 159
224 54
120 88
47 17
235 94
80 4
168 59
298 20
247 182
277 176
204 24
211 76
137 127
194 61
273 50
250 117
273 207
101 80
146 30
195 82
297 112
200 130
292 14
155 70
204 46
281 187
217 180
297 153
249 77
174 167
119 72
226 118
235 39
218 73
270 103
49 5
288 276
206 148
214 188
220 164
165 122
221 183
73 42
107 39
243 37
207 67
293 154
190 65
111 98
131 126
279 254
79 19
192 156
174 17
270 63
286 243
100 32
112 78
267 152
277 51
241 129
224 24
111 25
193 154
265 162
204 8
117 24
258 89
179 154
40 12
184 137
267 130
91 28
271 210
190 124
274 202
63 12
234 164
265 52
220 143
221 76
239 188
164 74
215 202
140 50
55 32
203 144
298 93
134 25
158 86
295 13
141 106
295 247
186 180
123 25
265 80
234 229
123 53
60 47
257 42
163 156
74 54
281 13
150 131
131 60
233 165
213 23
220 102
51 44
136 20
169 75
287 89
250 8
238 75
263 65
221 167
297 176
259 136
219 86
45 26
284 126
116 32
191 25
166 82
245 94
269 80
254 12
268 156
54 4
255 17
192 1
185 32
262 180
130 63
279 109
269 232
255 117
238 175
296 15
270 176
294 192
267 34
218 201
118 20
262 152
274 94
295 61
124 66
212 49
267 5
290 128
225 93
227 3
165 113
257 121
193 38
230 49
263 262
157 121
255 243
77 12
208 192
268 148
89 75
289 83
235 30
266 51
155 142
258 233
35 24
250 220
162 29
135 55
183 106
21 19
255 200
268 56
266 57
266 156
195 5
257 69
201 60
222 146
288 155
291 267
140 19
115 100
208 86
292 22
39 3
87 30
130 37
243 82
196 124
280 24
260 82
164 136
181 70
238 10
279 232
259 92
52 44
260 53
150 81
196 66
198 188
203 132
196 33
247 9
78 24
288 85
258 63
178 101
258 243
255 99
139 129
69 56
173 112
206 15
199 2
106 69
126 57
136 123
163 6
176 28
134 84
284 43
89 64
149 39
213 164
229 125
219 140
261 240
134 8
204 18
183 22
231 32
185 54
199 94
144 142
296 52
246 33
294 110
267 76
262 250
182 46
71 29
297 161
227 60
169 56
41 12
197 99
126 125
234 195
123 77
289 253
198 114
104 4
235 217
178 62
129 98
206 181
248 207
254 227
179 171
288 29
206 92
207 79
98 40
148 145
148 80
192 180
273 133
231 9
200 175
264 263
139 13
155 92
231 146
194 193
208 74
281 184
270 82
275 113
168 154
79 20
175 87
256 152
194 78
179 170
204 72
64 1
79 8
63 36
274 87
266 124
199 192
200 169
124 50
242 143
257 162
111 8
194 29
141 129
278 78
292 18
211 137
42 19
214 69
225 211
212 9
145 112
131 47
257 27
236 201
251 225
204 77
233 87
116 59
279 204
174 82
121 49
93 65
196 169
280 202
286 142
158 136
202 192
283 268
85 84
47 10
282 97
165 60
198 41
83 66
209 186
293 157
281 78
265 2
168 54
260 236
221 209
85 67
97 60
148 36
254 204
250 185
42 28
68 4
132 128
236 158
172 14
206 13
77 2
165 67
135 9
63 40
266 75
218 150
282 249
252 90
226 100
271 20
249 82
240 68
154 50
226 97
196 84
164 93
254 219
219 51
154 51
32 13
146 107
289 150
223 138
278 196
31 1
284 187
275 71
109 42
226 82
209 25
109 3
276 70
228 59
47 0
224 88
177 176
101 20
256 66
99 31
115 70
286 272
214 100
207 74
81 5
253 177
149 60
273 272
164 40
71 37
200 118
145 97
257 36
144 28
87 23
66 63
281 264
295 292
207 112
177 48
58 18
137 122
213 161
130 95
225 151
213 160
257 208
200 61
296 99
299 64
99 21
299 158
250 152
168 5
105 14
176 108
289 240
286 183
266 190
214 127
172 30
277 123
105 96
253 156
128 66
220 91
259 18
114 5
176 79
232 85
93 2
299 168
241 109
102 66
95 26
278 79
213 44
247 200
258 58
219 116
230 85
72 21
185 87
169 123
185 16
260 55
264 157
255 42
233 109
273 240
266 260
210 24
240 152
249 39
228 148
35 11
275 148
191 148
278 11
292 34
230 148
250 14
128 86
283 226
146 4
197 58
79 2
221 14
284 7
181 76
174 85
197 51
157 153
290 86
248 64
234 70
216 191
209 182
295 255
100 16
164 42
279 31
195 32
288 179
227 204
237 123
278 134
291 215
236 217
271 110
250 226
195 121
275 13
202 96
116 82
135 125
250 123
185 175
289 276
119 65
119 33
278 6
177 147
109 35
167 125
7 1
233 210
212 109
266 255
270 56
278 153
286 201
290 198
217 158
116 57
278 10
220 127
142 31
280 187
67 62
175 14
84 75
189 1
283 35
67 25
289 149
152 120
141 93
217 5
183 169
205 67
114 68
265 32
255 196
287 203
155 71
292 44
184 138
163 74
217 152
256 79
70 6
243 41
52 27
235 26
262 23
231 230
233 205
198 56
260 223
230 24
242 94
75 70
187 142
242 105
135 44
156 92
141 72
68 62
251 27
246 238
189 39
208 177
248 244
217 153
165 98
164 45
225 86
205 68
71 54
271 122
263 156
270 18
89 0
215 3
279 148
230 218
276 132
201 170
84 17
292 43
87 45
201 136
53 5
131 109
258 11
265 205
290 145
118 72
299 123
161 58
260 69
230 89
128 100
90 36
293 135
125 119
181 122
260 168
274 107
141 120
227 79
290 278
286 104
299 254
157 28
129 101
191 23
263 118
183 145
68 28
282 91
161 111
281 140
241 58
283 180
270 128
198 89
38 14
262 74
251 169
152 134
208 109
198 91
173 160
237 34
272 17
252 245
214 10
212 180
128 85
191 140
194 178
274 240
289 57
116 0
126 61
265 91
269 252
176 109
191 5
135 132
232 32
202 44
273 218
85 21
105 1
228 31
281 24
147 33
134 11
112 43
176 145
200 159
209 180
119 99
298 110
122 30
183 135
164 118
268 106
175 90
44 24
290 172
222 220
266 112
264 155
264 234
258 125
97 26
222 11
137 32
264 149
249 228
182 134
292 144
166 133
248 59
244 35
62 49
241 164
137 35
270 269
56 2
248 141
275 156
158 49
270 162
245 105
272 243
67 65
228 93
175 150
154 52
252 95
278 46
133 53
299 215
266 204
97 86
260 133
281 81
257 150
215 153
84 70
147 51
273 20
163 138
148 10
121 63
117 69
83 25
46 12
142 81
166 24
250 168
270 183
282 196
271 90
181 59
284 127
179 47
215 116
142 137
287 214
198 125
169 97
286 60
286 140
225 119
175 37
205 168
254 30
143 72
138 23
239 234
242 218
122 118
173 58
187 75
188 22
216 170
150 106
250 41
296 92
159 85
125 87
106 79
93 15
228 165
175 120
136 114
84 29
157 22
224 193
177 79
94 14
88 75
62 14
293 182
143 142
181 49
275 260
266 160
222 10
268 73
185 67
66 55
196 149
228 35
255 164
210 50
184 60
142 74
208 150
78 28
249 133
249 140
286 154
216 70
264 260
293 41
222 50
177 98
294 28
202 102
268 254
226 218
156 77
251 187
123 54
162 52
209 128
289 178
190 2
78 27
214 11
128 115
147 45
280 81
245 236
292 186
292 206
286 189
131 79
291 137
123 46
194 169
188 148
55 49
234 100
191 64
132 44
30 23
163 60
225 53
45 23
241 29
248 224
84 6
272 80
295 89
134 38
211 72
196 31
236 161
230 140
146 21
270 262
258 50
235 2
269 235
264 187
280 264
272 114
263 20
261 198
123 75
186 59
173 124
195 34
264 202
37 4
246 95
59 53
89 30
266 13
226 104
275 201
232 218
236 182
288 153
281 235
174 99
169 48
251 83
248 120
228 151
266 28
242 182
195 94
223 85
94 20
196 2
89 37
78 67
256 71
282 129
227 52
18 5
114 92
54 49
286 130
256 118
296 47
208 130
292 179
211 178
176 169
240 102
123 113
142 138
286 23
237 86
299 124
165 89
242 13
43 6
256 167
111 2
225 111
254 225
126 59
172 1
159 152
149 104
83 39
155 136
254 218
291 243
288 61
136 108
242 139
153 99
299 295
179 114
156 51
296 142
188 169
182 158
209 205
198 42
290 60
267 44
114 32
122 40
197 62
208 125
57 35
266 155
182 122
191 131
19 16
100 60
287 182
118 45
278 19
292 35
223 126
78 52
278 132
57 1
255 179
240 25
215 156
164 4
171 4
280 182
149 77
122 26
223 51
283 198
200 96
167 146
282 276
172 37
66 54
193 40
216 10
257 128
228 195
216 139
246 62
116 100
184 159
264 39
273 140
266 251
132 87
95 7
178 23
160 120
191 46
296 107
166 16
175 83
261 43
298 132
75 9
138 28
162 110
286 101
222 30
89 48
192 120
110 50
255 85
292 272
100 80
217 44
217 117
208 120
296 246
297 144
224 21
259 161
223 191
153 108
242 141
270 246
145 33
265 78
258 54
258 139
22 9
186 135
279 167
232 49
81 39
80 53
172 21
250 24
71 43
246 15
199 19
255 192
202 54
281 219
132 38
211 118
84 71
212 184
182 102
137 71
132 26
293 228
198 94
187 118
106 0
299 142
297 71
281 239
189 163
240 62
221 42
295 187
80 21
120 119
160 96
242 232
221 35
294 169
169 118
193 51
193 77
253 17
145 15
289 137
231 90
93 16
255 27
287 250
151 12
176 140
147 26
158 68
261 255
150 44
226 156
247 212
294 98
85 53
278 4
192 91
168 11
295 65
257 19
173 95
170 24
211 200
236 122
106 103
98 86
214 64
227 88
243 184
288 177
191 175
271 70
281 8
173 8
257 180
254 9
268 158
192 114
154 145
293 132
164 133
169 69
188 154
98 42
100 15
279 108
297 271
188 43
41 20
288 93
241 120
270 86
151 87
208 183
142 87
202 28
223 109
265 114
156 98
294 74
111 0
27 6
299 80
32 30
147 61
246 225
178 120
253 1
294 90
289 275
156 47
270 71
166 69
254 127
86 1
239 32
96 14
221 202
234 207
149 55
54 51
180 39
138 83
167 98
162 50
133 128
286 264
263 215
186 72
120 101
87 42
38 21
60 33
189 152
105 98
205 133
266 107
182 111
124 62
140 67
186 174
240 14
76 72
238 109
228 39
228 65
199 29
58 6
75 22
275 198
299 262
87 24
232 164
183 55
212 174
192 111
230 15
238 149
142 65
186 52
137 27
247 139
291 115
281 43
217 88
166 40
182 16
232 125
190 89
23 3
224 166
295 267
227 139
162 39
177 45
226 65
224 3
190 119
67 49
110 70
221 93
153 68
228 66
280 49
231 219
298 112
68 6
235 71
211 209
182 12
120 97
214 208
240 90
223 125
175 100
181 89
234 204
121 27
231 101
215 45
201 51
256 135
248 160
174 94
77 65
299 101
102 29
184 112
180 108
231 85
279 22
103 12
188 159
273 158
94 12
174 52
290 272
285 135
109 76
170 5
200 82
253 137
243 148
159 141
273 26
185 132
183 108
256 134
44 35
234 41
140 117
64 56
210 69
72 22
242 82
198 75
101 23
187 166
26 24
204 177
164 29
292 84
293 90
253 125
291 274
187 84
14 13
251 31
293 130
41 0
183 15
151 118
193 95
164 26
180 114
90 62
234 104
125 69
254 207
190 15
163 145
277 252
248 197
151 115
243 44
154 75
85 52
281 79
287 32
204 87
147 140
163 132
290 154
278 234
267 54
210 155
269 39
171 0
110 35
234 184
259 66
195 116
294 34
210 95
253 173
181 162
132 49
125 115
243 218
217 131
77 7
248 60
198 116
250 49
251 202
257 174
230 139
265 129
194 167
244 98
296 76
157 67
136 52
214 112
92 37
153 13
74 19
47 3
234 169
269 53
286 174
247 137
189 81
190 7
239 195
242 2
180 102
201 140
154 131
296 248
151 32
215 174
211 78
251 11
288 170
198 172
107 42
284 84
192 30
245 196
211 154
145 131
230 195
206 18
243 182
280 249
253 247
131 50
56 1
219 66
252 15
208 3
223 176
226 109
90 35
169 152
282 8
250 105
167 85
249 80
162 161
78 70
139 137
171 20
275 215
247 73
139 116
131 68
267 45
72 59
225 102
96 39
197 26
294 10
152 70
123 70
252 144
292 129
203 98
265 161
221 97
185 119
250 135
266 183
85 1
108 10
270 230
215 29
225 68
263 206
229 153
84 57
117 34
240 233
208 88
186 146
245 231
139 5
46 41
298 272
238 207
195 152
291 25
213 150
177 20
163 125
265 147
268 54
297 195
278 111
179 19
228 83
223 73
241 3
141 131
186 37
65 23
282 126
126 105
39 20
92 24
165 2
130 14
131 105
231 71
97 87
172 93
265 252
288 89
278 238
263 23
261 138
82 44
259 247
159 134
283 47
184 21
128 20
129 82
131 94
101 74
283 243
266 225
260 24
55 11
280 53
210 120
37 26
271 254
267 56
235 55
73 67
289 14
216 211
204 51
98 30
182 150
74 67
156 38
228 145
194 120
176 175
127 72
135 75
229 114
191 84
233 206
298 253
248 83
52 20
266 176
227 90
220 134
198 164
288 142
169 38
108 106
246 22
292 136
211 181
255 127
210 181
185 30
221 174
43 30
238 58
92 39
251 220
130 111
215 122
234 92
70 26
250 62
168 74
203 127
100 33
114 4
123 20
296 111
163 65
74 13
280 255
278 256
258 7
240 100
190 130
195 160
188 16
264 213
221 34
235 140
133 17
133 38
99 40
78 38
204 197
271 176
212 68
112 93
78 56
112 31
99 71
263 42
95 19
78 44
175 102
285 41
292 116
279 176
212 131
284 24
297 279
292 174
173 114
179 11
282 50
232 39
292 260
215 25
193 124
88 69
194 34
245 21
241 191
235 4
201 116
146 53
270 99
176 158
244 146
191 69
148 69
183 47
128 16
89 73
162 115
272 29
235 89
227 147
192 110
257 231
74 9
104 36
196 94
224 141
146 95
282 269
179 74
192 24
280 119
256 1
95 12
220 170
156 143
264 115
71 63
121 75
241 188
78 6
186 151
203 89
190 140
108 92
230 125
198 177
283 122
49 12
124 15
180 115
233 103
272 96
270 37
249 148
175 98
271 9
112 44
175 144
121 60
140 72
40 22
60 17
100 70
263 77
92 72
229 72
280 267
248 37
291 85
66 24
260 256
240 157
102 49
112 23
189 182
228 89
284 114
110 41
246 174
295 265
193 116
225 125
247 5
186 99
199 154
112 71
73 14
289 120
209 172
141 34
112 60
168 95
227 96
183 33
114 36
108 69
136 63
286 42
199 179
264 48
143 76
148 12
258 140
28 5
254 217
165 109
240 154
110 107
233 81
295 228
71 33
180 93
288 192
187 184
197 151
235 136
179 62
201 103
267 195
208 159
247 68
159 36
239 176
168 68
159 67
100 61
100 37
214 206
255 211
79 13
258 244
271 5
294 236
126 3
12 1
271 257
280 174
137 55
184 145
185 82
266 218
218 13
251 45
110 37
150 55
197 18
48 40
74 33
32 26
268 220
122 121
282 207
245 157
168 2
280 173
144 106
160 58
255 252
164 68
209 76
150 0
262 64
299 17
268 41
219 26
50 48
277 4
263 185
272 2
264 92
296 199
153 53
229 40
283 275
293 14
218 123
188 146
270 31
142 84
299 22
114 85
232 116
246 244
174 46
286 117
292 30
239 77
28 14
270 241
267 1
87 65
195 54
180 61
165 15
275 55
96 72
156 128
229 63
270 240
297 58
290 70
142 33
56 27
132 79
173 37
277 192
131 113
210 83
119 97
287 4
247 80
257 108
54 15
187 88
218 197
144 31
208 70
282 209
160 71
221 30
282 175
177 173
153 70
207 38
46 27
134 20
263 144
276 153
251 232
239 170
80 26
285 47
197 145
217 165
210 96
166 104
288 51
131 62
250 68
121 20
140 0
219 144
261 167
147 102
226 4
56 11
171 101
142 30
159 142
299 252
151 144
119 110
226 23
201 70
201 50
252 244
259 181
182 115
190 30
109 59
97 6
220 112
271 202
163 25
276 1
206 25
178 37
224 201
251 158
131 71
285 166
239 192
168 21
102 31
261 12
278 34
43 11
112 69
211 28
299 143
263 64
33 26
192 186
221 73
90 77
232 57
255 67
271 256
146 103
194 103
147 72
293 110
94 28
99 60
255 96
194 171
