580 58 300 2500
297 201
227 68
490 474
424 380
544 25
317 115
192 112
496 363
233 87
256 7
313 273
315 310
27 10
558 129
447 413
550 483
501 475
483 435
464 351
535 266
384 63
122 7
218 42
522 482
516 343
453 325
471 258
572 90
311 41
564 347
487 2
539 267
253 134
67 44
391 369
86 16
558 480
521 196
514 156
472 45
279 96
174 18
495 437
539 116
307 284
429 288
210 83
485 145
442 180
493 345
455 370
51 36
507 365
526 161
340 216
430 196
376 152
443 323
219 211
201 83
221 219
118 19
231 89
235 219
247 179
162 154
261 237
240 6
102 56
190 154
293 73
230 42
151 76
178 0
284 5
100 3
277 231
189 63
288 281
202 18
289 180
180 23
282 30
247 33
142 33
279 118
73 38
147 81
87 58
259 37
162 90
179 144
194 55
164 122
216 8
47 13
238 108
197 7
199 90
176 79
150 24
90 15
250 103
176 150
292 128
249 113
258 104
246 28
241 107
219 105
231 53
168 55
247 88
267 31
53 29
243 123
254 233
222 149
293 16
166 4
190 78
247 130
274 124
187 24
297 211
146 24
199 21
233 195
189 182
287 227
103 98
183 148
265 154
294 178
69 36
80 60
284 12
192 36
211 9
137 36
197 154
299 213
151 74
220 89
275 170
157 41
196 43
167 139
286 137
284 133
228 212
299 141
292 28
282 87
221 187
242 136
256 76
262 199
188 32
269 23
247 182
249 123
154 64
88 49
299 207
217 128
150 6
118 72
184 157
271 138
264 55
238 220
236 163
142 83
134 132
278 153
252 123
230 185
174 76
292 72
124 121
260 187
64 46
140 100
229 218
148 53
16 14
118 5
159 6
255 237
178 125
285 96
253 122
258 232
138 117
285 67
148 87
246 208
295 187
210 23
237 127
50 3
273 56
185 2
110 51
229 28
135 5
241 221
256 19
237 125
253 207
291 14
253 174
253 8
167 117
210 111
127 31
217 154
257 43
271 130
84 52
99 62
214 143
167 161
297 125
288 223
156 61
289 222
249 152
116 7
288 91
192 151
89 66
194 38
189 139
260 101
262 104
271 128
149 35
231 20
202 26
256 3
135 98
190 92
240 30
150 70
233 214
244 62
180 33
242 185
293 182
262 188
267 94
122 32
276 37
239 8
148 139
210 124
239 73
145 90
153 0
53 42
87 13
125 20
231 80
263 133
176 21
286 263
258 11
216 102
295 107
293 129
236 69
56 45
82 28
147 141
160 49
296 169
207 169
280 222
190 178
265 67
276 201
264 114
264 155
230 124
96 20
220 46
225 83
172 58
279 206
272 58
281 172
126 14
179 129
270 1
271 99
168 164
137 134
252 6
141 97
114 10
284 143
177 72
187 60
152 24
133 2
264 224
148 71
299 186
200 103
128 64
156 101
242 109
137 93
299 127
292 4
115 100
106 68
233 21
224 82
260 205
45 24
276 170
103 13
141 5
291 137
198 67
247 30
82 13
253 197
285 78
257 67
221 80
274 238
182 48
45 41
140 7
297 215
210 22
274 39
127 40
178 87
191 100
67 32
220 62
170 138
227 38
131 27
102 30
170 61
256 119
123 59
200 163
253 3
241 7
139 32
225 156
130 119
82 4
151 64
218 85
126 4
255 202
294 66
289 224
255 156
36 16
73 58
89 4
274 187
176 101
281 273
110 27
172 16
68 0
246 98
229 0
99 49
198 179
188 2
258 56
106 63
49 47
270 91
225 137
186 86
30 26
126 73
107 106
282 78
183 162
192 37
269 258
240 211
48 13
239 129
99 51
179 44
202 89
169 87
139 62
92 25
277 247
245 130
192 46
84 25
157 131
97 31
293 228
247 62
160 113
269 195
107 45
78 36
292 55
261 155
186 72
204 184
63 57
168 162
221 179
252 18
29 14
279 275
150 31
280 271
189 29
137 123
99 19
176 148
289 67
213 169
263 158
186 136
162 6
267 141
254 179
268 58
212 175
166 120
100 43
154 111
268 243
270 169
145 13
172 2
254 222
256 79
262 6
110 97
214 80
176 34
193 19
219 7
97 82
199 109
130 106
146 52
11 9
277 150
209 175
114 112
266 45
170 132
129 4
136 92
114 90
117 87
193 149
240 63
229 22
209 6
282 137
211 43
122 85
131 24
213 145
222 145
117 72
245 128
191 130
234 107
189 36
271 242
273 65
46 17
96 79
81 72
217 41
220 113
282 152
222 156
258 88
262 112
192 121
216 164
68 64
267 115
128 78
237 7
284 116
30 19
190 14
154 58
242 79
124 71
280 108
206 186
136 64
274 38
97 27
263 122
96 18
165 150
145 55
269 257
275 147
93 52
292 285
255 19
154 19
267 241
264 128
292 247
64 28
249 93
295 5
283 120
254 157
194 9
264 221
261 252
264 106
237 74
231 177
155 90
290 141
134 128
221 190
249 209
128 80
213 27
223 65
191 0
285 22
248 50
282 235
155 0
222 211
235 151
209 162
261 17
168 7
194 144
146 103
265 201
200 83
91 64
213 148
152 25
171 138
293 11
290 136
281 71
232 31
188 39
179 132
277 249
239 47
232 110
58 54
172 128
170 50
195 53
292 56
162 122
227 157
161 18
297 119
161 122
127 69
290 59
248 213
281 117
238 84
72 35
286 83
273 9
233 75
293 10
247 64
136 122
271 78
277 218
221 195
284 150
181 86
236 113
263 209
111 61
204 66
229 2
280 259
112 2
147 94
172 99
226 103
201 25
109 52
256 36
159 4
230 132
251 162
146 51
265 25
60 4
140 84
163 84
192 143
234 114
13 10
106 67
127 33
263 232
281 12
162 70
272 239
276 199
253 92
216 119
163 131
239 126
222 181
45 27
244 68
44 38
216 96
274 177
261 217
234 233
49 13
90 60
162 114
299 119
286 142
145 117
125 72
262 220
184 168
182 4
288 200
263 145
221 41
296 191
153 15
259 216
275 51
102 63
215 101
69 52
289 91
185 172
157 99
145 92
232 16
218 185
195 163
233 204
253 184
142 51
117 31
288 19
252 50
48 3
69 1
290 255
284 157
240 110
251 141
15 0
143 54
217 19
240 11
95 62
117 109
169 118
32 18
241 138
89 80
227 80
152 149
295 157
67 5
61 46
70 49
266 144
156 139
113 50
213 204
87 9
257 15
280 181
210 50
238 166
293 291
142 113
187 129
232 34
260 163
236 179
174 103
246 180
243 205
82 42
115 27
299 16
133 117
228 36
295 161
185 126
187 105
268 173
210 175
261 204
164 4
154 42
174 81
138 115
218 3
194 139
173 29
113 5
214 61
275 25
90 81
284 45
293 80
271 270
91 32
268 21
68 65
226 4
105 55
284 227
266 75
162 14
256 5
272 136
135 27
215 160
222 93
264 215
72 52
266 146
277 21
224 80
284 59
195 136
264 113
256 56
169 85
166 69
288 35
147 28
154 126
272 257
275 30
137 3
263 98
212 23
150 4
271 150
250 177
238 115
56 9
124 49
132 113
212 161
271 121
155 58
148 36
254 86
189 51
189 56
220 86
299 44
241 26
62 31
230 117
58 42
233 210
143 72
54 28
268 39
70 48
141 112
296 237
252 214
273 67
249 41
61 22
73 67
112 15
230 66
64 39
269 208
227 82
93 6
275 118
96 44
100 33
233 169
257 254
251 227
228 60
277 73
231 43
241 108
150 110
216 78
223 184
124 116
168 117
271 24
66 61
72 21
229 15
297 85
176 89
248 94
276 246
66 23
298 272
26 15
158 137
224 172
91 16
122 55
244 203
105 60
145 71
235 180
122 22
297 83
242 88
207 182
227 90
220 217
98 44
278 84
211 204
164 58
161 45
70 6
279 125
281 202
178 136
227 160
108 76
77 28
258 33
297 10
285 45
140 128
244 98
123 73
278 43
92 74
118 66
111 73
237 55
75 15
192 40
42 31
179 100
201 142
221 183
294 176
147 42
235 50
294 61
223 174
256 230
234 7
157 52
258 21
267 124
52 2
231 202
167 54
42 32
274 73
103 33
269 96
226 171
185 169
220 107
157 108
189 53
280 217
231 52
268 101
265 106
128 110
151 32
172 8
263 36
62 14
218 210
71 0
239 95
283 6
263 124
180 79
240 67
123 63
146 11
275 177
81 8
211 42
222 29
60 3
84 5
165 1
110 99
161 4
248 157
148 92
254 7
254 62
15 2
273 187
144 21
103 22
237 51
264 176
174 113
251 77
276 248
266 110
267 151
258 158
38 8
272 192
237 142
204 30
233 115
239 236
168 134
140 65
230 200
106 43
292 194
294 203
157 53
182 29
232 93
62 34
92 45
148 23
254 115
274 103
250 4
233 168
294 201
229 126
155 33
246 230
232 123
298 220
175 71
197 155
295 149
118 98
158 54
162 158
280 14
289 212
111 12
196 86
161 97
202 44
290 133
279 225
281 166
269 25
253 164
296 14
131 98
177 75
120 31
283 135
94 90
231 116
129 125
284 263
280 46
63 34
258 130
234 113
172 19
142 5
124 60
96 51
249 54
108 67
211 35
120 105
134 80
162 21
271 106
73 22
295 127
182 101
293 107
206 57
54 38
144 39
245 148
51 47
263 85
290 77
246 149
266 19
172 143
259 113
221 124
153 95
271 191
241 71
183 129
262 187
158 56
93 62
275 253
222 36
199 178
258 204
236 80
274 30
240 26
22 2
277 131
213 103
260 107
263 64
267 75
254 78
222 177
273 57
235 88
211 131
256 170
252 51
288 274
145 58
271 238
105 92
275 259
133 98
79 46
90 87
60 24
256 190
208 60
163 81
265 164
278 193
129 97
231 19
244 241
205 172
294 239
288 50
295 243
283 10
271 144
151 124
247 204
259 109
132 5
171 149
207 172
150 128
200 6
278 55
164 142
245 226
155 115
189 77
276 116
31 7
194 149
137 39
181 48
248 71
290 24
146 7
126 68
277 214
151 36
123 12
101 93
221 96
198 115
139 77
222 134
109 61
250 227
176 23
276 168
264 22
268 206
74 12
167 114
242 112
56 31
286 167
178 139
95 76
258 173
269 106
231 107
177 164
257 211
238 14
22 13
88 79
211 21
154 149
273 62
52 49
269 193
167 53
271 203
174 19
141 0
208 57
245 30
28 4
278 169
119 58
59 36
211 180
299 184
179 64
195 4
272 66
262 167
234 185
172 93
39 8
123 94
285 124
287 261
257 140
199 177
141 115
207 42
285 150
289 283
226 80
223 209
224 120
268 223
134 87
131 127
245 200
124 45
239 230
204 139
281 157
192 59
197 174
260 100
297 32
281 227
177 6
235 7
201 61
286 244
189 162
261 97
228 89
269 146
151 33
133 51
241 62
186 123
230 137
164 127
149 23
100 47
263 161
252 61
200 87
260 19
224 104
256 235
55 10
15 14
294 67
255 99
193 159
91 44
193 94
123 110
134 14
286 204
277 30
246 88
204 95
138 82
223 124
46 26
195 30
162 73
294 192
186 179
225 190
283 239
80 54
72 33
37 28
275 231
277 11
270 260
212 127
221 136
35 17
141 51
175 7
263 227
45 39
180 153
220 78
157 21
147 4
261 218
152 151
298 91
251 70
195 52
142 95
255 139
265 93
273 251
60 14
135 20
188 53
285 280
75 57
215 154
187 169
60 32
286 183
288 138
243 58
148 10
178 86
275 239
23 19
97 86
237 198
202 17
135 82
88 43
29 17
134 102
299 144
207 167
226 123
214 78
268 99
166 52
214 0
128 113
234 144
224 40
291 189
198 140
183 61
171 139
169 80
265 264
209 149
292 101
210 2
197 74
293 131
202 7
264 60
260 129
242 35
188 75
116 60
45 0
259 129
208 123
248 17
263 21
261 39
247 2
277 17
229 68
293 281
273 4
218 112
116 51
293 262
129 90
269 86
206 141
277 67
249 49
259 36
280 247
158 44
129 75
89 17
200 188
150 76
264 108
165 65
299 7
157 75
166 147
288 218
216 118
122 9
294 30
97 78
238 93
246 236
172 82
298 250
97 19
214 89
146 133
244 110
179 152
100 71
281 23
143 12
177 166
114 2
59 40
211 167
217 68
89 44
156 134
268 253
222 89
261 68
141 93
243 55
148 142
283 81
84 23
253 179
73 10
252 71
267 110
225 165
241 84
281 199
220 35
266 134
110 100
222 136
71 41
269 163
190 131
299 234
262 107
123 38
74 55
240 66
251 224
236 82
250 93
150 57
165 125
259 103
113 103
60 21
240 127
217 51
282 64
155 65
224 65
112 94
299 161
214 82
282 208
260 181
36 13
286 96
143 56
258 93
129 45
213 86
153 45
276 50
185 155
234 228
131 22
286 171
120 110
167 8
159 52
128 116
191 10
75 55
287 225
259 227
257 95
275 89
125 52
281 171
252 142
131 34
256 152
259 49
72 58
289 86
139 66
41 19
212 201
248 24
171 43
217 139
84 47
281 124
273 244
212 13
130 107
261 211
123 39
261 84
242 91
276 82
286 37
270 105
268 210
187 33
270 71
122 50
243 124
153 124
213 22
50 5
277 23
247 12
261 213
186 185
119 47
135 11
245 22
154 61
92 47
57 13
291 37
190 43
239 51
235 220
159 108
171 60
104 5
137 54
215 150
267 168
254 122
282 99
273 242
297 226
208 178
151 128
151 40
238 77
267 58
79 62
196 139
230 153
171 127
290 28
164 6
194 54
249 195
190 18
156 71
220 49
233 183
215 207
207 160
271 69
294 197
263 74
262 31
295 232
231 172
182 86
287 207
176 57
98 96
182 20
201 14
179 6
288 205
159 133
82 29
281 224
134 45
71 10
204 197
248 128
282 200
153 98
149 17
281 183
173 145
143 103
255 93
182 141
167 55
295 204
225 217
285 237
99 95
261 60
212 132
240 232
143 69
18 15
237 100
239 174
210 20
269 196
120 65
250 157
248 3
246 101
285 221
270 265
252 112
274 23
142 89
284 27
291 195
194 77
296 165
266 29
245 20
262 39
283 272
144 142
260 116
296 125
220 206
260 233
277 29
278 124
263 259
217 120
54 19
110 7
142 91
262 196
100 25
92 63
159 33
282 63
135 25
238 125
178 60
21 8
256 11
189 185
285 163
241 74
153 94
221 77
238 172
268 100
114 36
212 124
222 108
92 15
282 261
201 80
269 221
248 238
249 38
296 230
291 198
269 143
65 47
209 45
177 119
263 116
77 2
137 82
272 183
228 75
192 146
172 34
284 267
206 172
247 29
259 210
51 20
87 71
60 11
287 186
222 188
272 206
175 46
243 44
41 27
219 183
262 177
192 84
55 48
237 207
198 174
198 167
109 31
271 157
90 52
275 72
104 83
260 9
279 248
221 139
152 49
272 269
102 54
158 145
220 186
282 174
232 133
207 24
125 77
135 53
167 6
214 96
186 134
286 71
235 25
222 113
148 110
116 110
262 118
294 22
85 84
152 117
273 240
278 16
219 101
291 265
227 189
235 164
98 29
14 1
272 16
258 100
215 36
76 3
206 106
184 109
232 72
89 8
253 96
154 13
131 69
209 25
222 38
136 73
281 191
299 199
176 130
66 60
276 240
266 209
245 24
64 45
272 69
250 76
125 98
193 39
208 149
179 87
200 99
260 45
91 82
235 201
172 90
224 187
291 279
206 122
199 35
177 73
230 134
208 19
135 30
230 56
286 51
255 27
274 52
138 81
276 71
56 29
175 12
163 157
198 128
236 126
258 174
51 10
264 153
217 132
10 6
136 130
219 39
233 228
77 70
130 126
263 104
98 64
261 148
108 41
286 91
190 153
285 235
272 84
284 23
157 110
149 7
226 34
116 6
168 42
203 24
221 59
276 147
164 28
244 129
232 37
249 68
221 36
230 20
109 96
215 67
278 159
191 45
93 40
206 24
267 195
232 59
173 46
271 244
254 125
213 155
271 241
204 50
97 7
219 112
205 134
275 199
81 67
206 102
288 131
94 73
193 87
277 16
206 32
277 174
127 11
270 235
63 17
281 160
124 6
139 3
163 106
270 149
197 143
160 36
158 88
193 2
47 15
226 84
267 188
104 32
169 69
288 240
233 178
42 13
296 276
56 52
175 148
239 165
147 99
116 67
260 36
253 78
266 26
271 105
257 91
115 101
141 76
270 140
212 125
245 105
204 143
270 120
269 4
96 80
293 77
237 44
189 119
138 91
56 7
248 78
277 198
168 126
67 62
166 113
108 62
125 74
272 146
245 80
260 51
241 220
87 85
126 103
265 91
108 80
213 90
264 133
288 183
170 151
228 119
267 66
199 59
12 11
247 37
255 170
174 79
17 14
84 2
76 64
163 155
203 72
176 36
186 115
287 240
284 56
276 14
216 41
220 100
198 161
41 3
232 73
89 13
235 46
65 34
152 38
290 170
294 49
217 177
121 3
23 20
234 38
91 33
265 206
151 137
208 204
260 0
290 30
250 234
264 139
170 3
121 43
136 125
228 22
296 63
81 61
202 107
247 32
275 142
172 38
218 209
288 31
91 73
273 218
98 93
217 10
236 150
130 78
220 82
234 230
173 85
29 25
276 179
50 49
100 48
244 223
280 224
164 46
234 164
132 65
285 227
240 8
294 113
234 98
101 19
201 58
109 0
241 113
252 103
213 118
279 130
261 98
93 69
157 56
221 122
268 151
148 52
285 245
293 31
215 124
291 153
256 127
203 185
150 65
228 191
211 156
263 190
95 54
141 118
299 137
208 203
204 136
287 166
100 10
245 19
289 184
235 213
227 218
278 53
256 123
293 183
286 47
269 209
281 53
212 86
281 257
109 9
287 51
293 148
271 256
140 131
244 112
280 135
266 55
266 143
134 114
66 13
290 254
295 235
221 2
137 102
145 137
260 239
276 257
118 10
234 39
100 31
169 82
229 9
229 185
241 210
285 139
214 34
181 22
283 30
141 75
116 21
136 0
217 90
166 55
248 110
81 23
283 89
152 58
284 279
182 34
86 61
266 36
256 75
165 42
214 48
145 105
173 38
223 105
220 110
270 151
36 26
223 200
218 97
58 50
66 54
245 196
258 58
228 83
211 15
261 30
285 6
270 139
293 133
240 71
105 5
61 45
259 171
284 199
276 98
186 164
233 191
176 125
239 179
271 15
278 90
120 32
292 52
294 103
164 11
113 94
270 46
251 237
186 145
181 107
200 199
205 117
249 122
237 42
240 182
181 53
291 126
204 75
181 69
64 62
149 146
245 124
248 107
262 171
153 44
224 182
195 72
60 43
200 129
276 41
222 103
235 6
141 2
163 89
255 134
285 206
157 35
297 107
138 95
128 67
280 257
191 172
240 2
224 14
28 22
143 125
203 198
125 53
160 82
144 77
293 229
111 94
291 75
206 168
270 95
39 27
276 224
166 84
159 119
105 4
272 44
259 189
129 117
41 21
193 1
200 109
163 92
240 180
195 183
211 107
126 75
114 45
190 129
208 118
276 177
192 160
207 173
164 43
238 221
162 111
55 21
123 31
215 1
41 4
282 32
198 86
189 128
266 218
238 171
283 44
282 44
239 182
217 79
276 239
151 38
15 13
44 35
225 138
270 226
163 35
235 51
257 50
164 114
226 179
176 74
148 7
252 3
207 30
206 123
116 92
156 90
298 172
196 165
124 10
205 88
26 3
293 206
292 85
32 16
265 197
190 36
186 27
60 13
209 187
257 163
206 5
295 19
232 25
46 45
274 265
93 64
196 50
76 31
268 51
261 231
258 73
135 112
289 61
83 59
262 28
265 212
231 10
80 51
167 87
194 193
45 32
275 91
211 168
195 82
136 109
271 169
199 88
156 13
44 24
139 34
114 8
205 82
271 118
147 39
287 3
39 25
293 48
274 227
132 86
200 71
233 84
288 177
94 65
173 74
69 9
280 41
136 43
284 255
275 171
208 162
266 198
115 0
244 101
122 16
204 81
147 48
282 86
242 172
193 104
43 29
60 33
110 96
291 268
126 41
239 122
216 211
229 146
219 128
180 21
159 97
284 10
103 12
240 3
198 153
57 21
253 199
177 25
50 7
224 163
99 58
242 92
253 120
41 39
190 132
274 237
257 231
242 117
290 4
169 13
261 221
246 26
250 56
265 8
134 49
221 107
266 225
167 73
283 20
299 54
40 23
220 169
292 286
171 17
192 14
43 39
249 151
100 28
204 39
290 61
281 186
225 53
293 105
234 18
243 224
246 184
250 162
279 16
278 127
275 58
157 13
109 82
39 4
297 171
249 53
277 177
220 156
183 173
127 2
195 112
299 171
250 225
74 15
242 144
255 86
234 211
179 20
268 72
298 19
293 81
286 243
230 188
110 18
69 10
289 75
158 73
299 196
203 116
260 139
297 290
36 30
173 143
95 69
240 91
255 115
296 175
241 93
227 112
219 140
196 10
180 141
125 43
107 63
295 178
81 25
279 230
127 99
219 9
93 90
288 111
256 193
188 73
230 161
273 64
258 202
284 149
101 0
142 17
296 10
129 3
298 142
181 118
297 63
267 175
262 140
231 124
257 150
276 39
124 95
180 120
130 52
220 88
161 102
214 115
267 113
263 80
274 174
115 43
297 112
273 94
201 68
69 55
69 49
299 43
231 2
255 188
255 55
281 85
99 53
215 41
265 233
263 35
102 92
245 137
247 66
220 103
112 101
85 6
252 85
155 121
251 96
274 59
202 104
262 180
99 15
193 12
95 21
135 113
249 36
95 48
210 103
109 74
275 176
210 26
223 43
28 13
294 180
253 205
210 97
242 54
219 185
192 62
266 130
189 186
195 50
258 7
238 122
237 18
101 11
214 103
196 2
208 38
247 10
108 14
62 9
253 180
199 175
258 84
284 87
165 28
19 14
183 95
205 49
282 171
151 14
168 97
58 14
210 105
83 22
270 86
295 143
249 111
283 21
245 181
170 58
239 75
11 8
120 97
173 9
182 89
104 69
62 17
200 73
203 25
134 99
203 143
204 134
28 20
211 10
101 12
263 184
243 11
89 55
289 2
248 158
277 239
261 171
292 182
123 79
272 235
255 43
259 183
172 52
141 101
166 49
195 33
92 40
281 181
287 114
80 74
146 126
198 74
226 22
291 145
133 122
246 35
210 109
154 104
199 55
296 2
286 184
187 82
184 77
217 176
216 107
191 137
178 14
178 128
102 38
102 28
98 1
140 5
228 150
236 216
276 209
244 239
292 34
158 10
254 243
299 251
91 0
31 24
225 89
259 12
167 35
101 51
188 35
290 120
134 32
248 91
250 73
285 108
257 170
186 153
188 102
231 182
278 1
261 23
112 0
215 69
273 109
57 44
120 36
180 69
219 110
259 83
118 42
109 47
233 29
147 43
296 151
278 112
227 121
211 203
155 12
287 182
186 111
273 116
161 53
292 123
203 192
165 126
260 10
217 174
208 109
290 174
152 22
180 71
268 195
32 8
210 135
242 241
273 49
204 34
192 163
266 119
188 83
269 15
212 79
259 251
245 229
193 155
268 53
151 42
