480 48 300 2500
297 201
227 68
411 402
424 380
446 371
317 115
192 112
365 353
233 87
256 7
313 273
315 310
27 10
408 132
447 413
372 292
460 218
327 27
464 351
181 92
384 63
122 7
218 42
68 40
316 78
453 325
471 258
209 109
311 41
264 103
380 210
324 87
253 134
67 44
391 369
86 16
457 440
390 278
78 50
472 45
279 96
174 18
81 28
437 11
307 284
429 288
210 83
389 350
201 63
209 121
220 141
148 146
129 59
55 0
49 42
87 19
268 23
136 63
271 258
269 148
66 31
271 151
202 118
191 7
264 253
254 248
177 69
185 72
176 157
158 11
138 123
95 84
118 39
248 34
11 7
192 157
102 40
145 143
269 186
215 116
149 137
214 31
126 94
258 195
219 34
275 26
254 63
223 185
48 23
250 174
280 127
60 10
223 160
194 159
229 110
289 121
201 107
243 22
261 181
169 153
209 189
285 91
175 135
119 19
20 3
193 7
299 186
198 139
100 62
144 11
226 65
95 1
90 71
150 37
174 107
225 223
31 24
165 139
224 156
47 30
209 100
141 81
71 68
289 63
92 60
199 170
147 4
237 85
292 235
143 9
276 165
285 211
197 41
143 121
166 86
165 41
266 109
294 284
254 74
223 148
201 37
101 10
271 110
240 219
175 121
271 49
250 110
73 2
100 73
296 251
219 62
246 57
188 37
126 115
246 83
293 213
151 145
158 70
77 50
93 4
248 20
261 18
263 110
292 233
198 178
235 101
165 111
96 89
199 194
298 263
268 100
149 140
223 57
289 17
294 95
273 156
158 53
299 154
299 298
90 15
280 80
50 42
175 33
57 31
287 5
273 137
110 91
185 2
216 121
224 54
146 115
227 136
102 25
240 19
277 251
225 93
280 164
244 104
221 72
210 164
201 40
230 82
54 50
259 236
271 259
287 116
282 152
192 128
289 195
186 126
253 40
95 16
154 2
188 0
251 67
216 40
149 77
122 62
79 23
219 18
222 94
232 215
286 44
62 11
144 95
109 108
232 53
97 47
254 108
117 20
144 28
227 109
97 92
183 154
289 214
186 170
39 20
239 227
196 99
128 79
219 57
294 261
214 27
124 54
189 78
209 17
264 223
215 1
238 120
92 34
264 19
204 176
24 17
181 0
278 110
247 127
268 219
80 35
247 96
194 88
291 270
232 79
172 114
192 159
195 183
141 101
201 66
274 146
141 95
186 129
267 93
284 140
214 107
251 21
285 174
183 7
183 111
171 46
250 53
257 97
294 0
180 115
95 27
234 138
128 35
72 39
270 89
260 243
135 62
103 84
152 109
252 133
255 54
66 2
242 77
182 22
176 68
240 45
112 21
285 221
83 25
212 154
298 130
273 110
254 22
280 153
263 69
271 142
214 67
203 58
187 159
233 130
256 142
91 47
190 15
170 32
273 89
248 123
270 177
201 173
101 93
221 120
274 55
73 25
187 102
255 247
168 72
117 82
157 4
235 213
184 108
50 28
240 195
258 65
104 24
178 138
54 52
200 72
268 222
287 283
214 3
220 88
100 61
203 151
273 93
71 24
180 29
139 49
263 86
57 32
282 55
164 40
254 191
221 52
209 156
125 93
222 116
241 3
137 7
299 232
252 49
140 40
277 146
145 58
121 72
222 176
298 7
170 21
185 26
182 54
284 101
286 79
222 46
273 17
201 185
293 163
289 283
182 100
190 16
201 1
135 119
215 87
227 214
218 41
207 186
131 74
261 155
192 115
289 168
251 76
259 61
114 30
284 160
263 22
268 110
218 91
154 84
193 66
195 82
169 69
212 202
270 240
295 132
279 226
165 12
91 72
197 141
266 140
203 52
240 149
212 73
213 12
156 57
273 128
93 77
100 6
206 193
276 68
171 140
206 136
270 6
198 100
121 89
140 14
284 206
207 98
89 56
99 64
243 87
267 140
263 19
211 1
178 100
80 23
169 27
60 3
257 184
177 62
149 141
280 221
299 250
247 153
217 167
284 250
255 77
269 220
192 158
93 18
63 48
182 48
59 38
228 101
144 62
100 86
238 148
232 218
273 167
238 25
183 170
232 107
111 58
238 81
262 218
229 192
154 53
145 140
187 71
268 254
139 92
147 11
237 60
258 143
151 22
192 61
138 74
279 103
227 130
288 67
235 46
148 38
88 86
299 122
162 15
245 53
148 16
251 18
194 154
135 87
292 185
120 50
132 33
250 162
284 5
290 53
126 114
286 168
286 70
142 3
230 187
257 191
225 28
204 93
226 73
195 114
256 181
213 182
150 99
235 60
296 59
235 31
207 54
282 124
240 162
298 164
244 147
48 6
211 22
297 148
134 130
156 2
119 52
278 78
128 119
292 222
256 250
91 62
204 78
113 27
133 35
130 12
133 70
160 54
240 148
198 44
213 191
205 97
165 77
47 31
107 54
285 210
295 6
277 124
126 49
124 55
288 281
256 97
127 2
147 99
255 37
220 107
268 112
297 180
83 63
276 5
205 110
228 104
165 114
295 228
274 93
130 36
73 17
183 47
199 30
66 35
294 152
286 60
264 2
257 202
209 97
214 64
266 81
140 107
80 3
219 97
190 81
283 174
293 190
175 156
177 157
238 90
76 45
253 2
274 6
267 52
98 48
72 21
236 184
283 167
272 136
281 168
248 87
277 263
196 132
124 49
298 10
125 33
84 80
68 46
225 66
228 174
247 214
95 88
264 233
195 92
224 10
219 44
161 108
148 14
232 12
256 252
277 72
269 236
115 20
62 49
103 53
175 9
152 71
261 82
293 111
232 162
212 14
206 79
273 259
257 150
196 151
211 192
56 24
136 55
268 147
135 38
158 38
154 33
283 66
182 9
284 62
161 132
257 114
218 69
226 104
151 108
96 95
276 97
147 120
175 114
79 55
206 135
92 54
183 173
176 64
234 56
247 229
283 60
293 280
191 164
195 158
242 169
201 10
283 234
212 200
153 148
21 10
116 7
280 43
175 145
138 15
294 26
234 115
201 70
260 36
119 85
77 66
297 132
257 0
214 210
34 23
274 21
129 99
285 145
252 151
271 30
221 160
43 38
183 146
154 30
146 96
245 223
30 28
161 139
263 91
206 194
131 69
176 144
236 192
298 54
223 215
112 52
166 27
234 215
59 39
204 195
78 72
85 82
280 64
156 103
133 119
235 133
5 4
170 146
229 171
293 241
85 79
143 81
267 172
99 66
282 241
98 83
284 73
252 150
85 30
285 182
129 97
280 220
193 137
136 89
241 76
37 32
283 40
132 38
132 130
199 71
262 93
293 160
62 43
252 36
276 106
188 113
291 278
252 89
225 143
224 213
185 93
122 77
42 1
223 131
158 96
257 216
272 122
283 135
131 105
254 11
142 34
59 43
75 44
246 149
228 102
295 143
210 9
189 52
251 81
126 112
125 63
185 51
151 5
184 151
282 34
270 83
299 77
274 106
282 112
47 18
260 133
144 25
160 122
288 107
112 87
255 107
278 103
287 280
223 10
30 0
103 56
292 135
188 104
236 6
241 171
84 55
46 42
152 142
200 189
241 195
128 95
139 134
207 71
206 152
206 177
174 37
250 172
242 161
216 135
208 92
145 83
285 171
206 92
224 68
118 43
266 205
197 119
108 85
237 202
205 177
216 127
290 80
262 122
183 83
246 23
240 186
226 108
238 205
137 130
146 47
294 137
197 111
143 74
253 59
287 32
235 59
229 20
238 195
209 11
121 118
259 184
271 270
102 88
287 214
250 214
209 169
267 54
201 153
37 0
250 26
121 26
122 8
186 132
216 6
196 115
135 99
149 90
264 22
208 153
263 219
284 23
141 55
269 44
170 3
216 24
148 39
261 103
238 79
246 235
231 144
285 17
146 137
194 131
190 101
153 125
114 55
293 31
188 1
174 94
113 84
188 180
140 1
166 53
197 129
185 82
278 19
36 11
236 173
78 3
225 175
279 236
290 45
154 99
113 41
139 63
100 15
205 32
284 36
190 130
128 107
258 242
263 39
125 73
238 144
255 87
45 30
262 153
98 94
276 93
190 98
256 172
113 32
107 89
284 105
235 28
109 84
282 40
240 136
278 21
297 284
35 27
165 84
108 105
277 92
213 192
281 40
159 59
159 132
117 3
205 120
159 148
288 54
203 153
104 52
273 193
299 13
186 7
278 180
205 182
137 87
182 75
167 121
258 205
90 61
274 64
195 46
104 47
175 64
224 7
164 124
165 103
262 107
178 144
195 15
156 97
243 62
201 122
178 63
108 49
275 58
15 10
272 199
123 59
245 182
149 11
75 35
147 137
194 176
196 30
219 116
201 169
292 52
274 195
286 227
213 186
216 93
244 85
191 113
143 43
254 41
207 51
87 45
272 151
297 133
173 16
168 158
265 13
151 83
87 65
263 18
239 50
130 5
146 107
234 44
258 1
141 58
202 177
289 150
141 8
281 125
99 33
254 20
259 9
177 0
243 217
271 22
246 156
295 254
133 106
295 23
210 173
105 34
237 217
114 32
69 64
292 53
236 74
278 22
149 139
232 217
123 22
180 91
266 263
284 248
288 231
204 177
5 0
115 70
85 68
144 68
192 94
123 4
240 36
93 72
275 85
134 80
181 31
211 119
282 273
291 33
294 94
191 31
210 190
263 64
255 97
227 205
194 130
173 62
84 5
30 17
166 106
229 17
272 134
197 56
215 154
177 140
149 124
296 145
159 128
288 86
296 207
232 11
41 11
189 138
214 113
137 58
239 179
228 91
141 90
262 78
162 7
200 66
181 27
259 122
240 15
69 35
251 19
157 78
103 41
209 114
186 100
197 4
275 143
283 126
164 128
181 82
9 5
88 23
136 128
253 212
286 232
123 74
165 64
245 106
234 220
295 127
226 6
30 26
211 134
284 203
273 203
145 96
268 87
230 131
43 5
168 47
266 41
196 45
74 14
174 9
277 41
163 152
141 84
281 173
254 122
213 61
199 66
39 31
204 11
288 106
187 20
151 142
124 56
260 72
295 280
233 72
252 39
234 125
268 129
292 194
157 138
215 71
154 106
290 17
128 29
268 65
292 147
208 183
278 160
224 73
217 79
129 32
54 15
196 26
229 218
94 51
292 153
241 206
280 176
82 29
181 167
207 177
119 79
178 141
209 175
146 88
229 99
162 69
146 68
189 94
280 245
296 129
182 160
129 121
65 36
88 43
265 74
267 185
202 101
194 75
283 209
148 19
218 213
143 65
90 11
179 80
252 114
213 67
163 92
129 106
243 218
266 62
283 65
85 41
61 5
167 53
286 117
257 145
292 255
297 204
179 100
292 121
270 79
243 95
39 16
230 37
299 80
138 42
272 42
261 111
293 291
236 95
228 158
205 52
296 240
162 4
284 41
177 71
276 244
273 184
292 232
259 189
201 39
253 58
279 76
250 20
192 43
54 21
25 18
44 9
233 39
293 103
232 24
273 157
182 171
266 61
258 240
199 20
39 7
164 161
264 141
282 119
164 11
290 207
177 82
140 53
115 58
86 76
233 35
254 205
155 89
208 147
288 245
138 110
287 23
117 92
132 12
282 37
229 149
104 71
55 49
187 54
236 171
263 113
218 140
233 25
75 27
274 30
178 93
6 3
140 37
67 19
232 111
96 42
59 6
264 138
199 8
288 277
115 61
228 152
122 1
235 233
37 2
48 29
162 21
225 101
264 93
226 134
221 205
277 218
273 191
215 48
200 47
105 22
278 156
87 56
112 76
220 22
225 9
223 11
180 27
35 23
146 69
149 32
231 5
261 223
32 18
192 38
79 38
211 194
242 142
280 152
126 64
222 202
157 44
101 16
215 159
246 113
235 234
242 108
274 221
105 104
137 91
289 250
188 85
265 190
62 6
286 190
214 2
162 119
209 190
210 47
259 164
146 87
161 96
174 120
216 165
48 7
213 79
158 130
177 52
245 244
251 115
282 64
110 47
171 33
278 51
192 111
187 9
153 115
84 81
272 46
256 243
292 169
103 8
254 227
270 256
284 149
215 122
288 8
252 247
66 0
292 270
101 29
211 118
247 175
216 109
276 263
236 62
75 29
96 26
296 174
179 71
181 46
252 227
236 123
205 152
198 108
172 69
272 178
189 148
131 114
238 58
252 187
119 31
224 218
111 91
209 122
270 207
192 172
64 36
288 285
186 41
182 116
283 142
255 39
209 21
261 100
235 222
188 11
249 28
216 94
247 192
269 156
166 155
143 36
278 144
244 240
238 214
277 270
220 109
267 231
213 211
122 42
161 60
115 111
275 123
82 19
277 42
168 140
275 130
221 183
113 36
100 0
226 112
192 81
256 116
138 84
224 101
279 177
230 163
297 256
243 140
43 28
214 61
167 108
245 136
235 206
196 184
133 4
225 181
183 104
211 181
270 51
111 65
204 175
282 155
177 2
221 104
85 52
201 151
74 63
161 61
293 226
31 3
128 76
253 108
88 63
287 120
140 116
242 113
278 193
275 88
255 156
161 75
277 267
121 64
241 105
178 76
259 235
259 50
200 70
86 44
76 7
201 149
285 5
155 38
194 153
129 83
212 134
245 21
104 14
267 214
166 121
255 246
228 69
130 103
142 89
167 45
184 140
235 3
109 107
32 5
223 84
144 135
285 48
273 136
273 234
297 18
176 131
232 36
123 9
280 259
245 2
251 243
260 130
60 45
298 31
214 94
216 204
214 69
69 12
265 154
164 96
286 275
219 21
281 195
254 99
276 161
253 5
290 266
129 26
251 145
108 71
273 22
296 163
176 36
171 118
98 9
273 246
270 206
139 80
88 62
274 232
263 202
142 25
64 52
108 38
200 118
146 99
164 103
292 140
218 53
202 32
98 67
295 182
255 116
70 8
255 66
210 30
298 278
198 18
289 288
280 67
173 74
226 46
212 32
258 68
268 75
294 24
131 51
212 120
91 68
242 152
276 255
285 181
281 204
245 103
136 44
181 152
186 61
138 112
225 62
183 70
211 174
179 92
109 97
289 114
234 66
284 227
219 145
272 108
288 58
161 111
195 191
294 99
19 8
253 166
279 209
181 61
142 35
99 82
292 245
250 51
299 57
132 124
278 56
221 35
271 198
80 6
246 95
284 142
290 135
190 121
85 71
299 230
251 215
178 13
178 48
220 219
235 179
165 91
295 169
70 19
113 99
189 100
281 110
296 118
269 207
82 3
250 149
282 216
215 131
242 18
95 8
264 207
291 132
289 258
50 17
38 36
224 66
238 188
76 10
237 111
268 235
113 2
138 31
186 184
226 141
236 144
292 157
264 134
159 145
262 14
143 32
291 236
169 141
102 33
93 66
161 157
249 242
250 98
167 18
104 21
249 103
51 36
278 133
8 1
248 0
217 49
266 72
247 69
294 108
270 222
266 2
249 199
58 1
255 191
299 130
131 102
138 0
91 60
103 29
245 199
142 88
198 158
253 7
77 59
266 37
120 15
242 85
70 51
286 77
94 45
296 277
293 262
230 229
244 174
226 149
173 39
240 89
200 172
256 141
233 151
297 168
131 67
145 118
271 168
101 7
148 60
13 10
200 168
101 68
81 49
244 179
200 195
164 106
140 121
78 19
254 34
222 50
292 31
258 154
278 194
255 126
230 68
253 97
270 38
299 79
184 65
213 71
187 8
84 65
182 165
183 40
242 8
118 42
226 47
240 50
196 76
145 78
286 256
203 180
289 210
100 34
244 92
287 131
294 114
244 227
106 100
272 219
279 111
218 110
273 139
236 33
156 74
206 16
113 33
181 122
163 34
255 55
66 53
252 8
252 203
148 124
186 14
115 110
88 64
190 132
292 43
66 45
90 63
102 89
42 8
66 11
223 32
223 91
113 13
235 152
235 163
115 43
298 180
186 112
56 3
204 41
116 4
172 141
209 86
84 38
288 16
250 123
191 53
246 126
166 118
285 125
189 71
106 18
178 24
213 39
272 255
225 47
299 204
204 20
241 141
217 210
273 256
196 24
272 4
279 60
93 80
144 140
134 42
118 83
267 117
164 91
193 122
224 159
114 89
263 5
252 54
201 108
247 208
298 291
118 103
133 61
235 127
78 28
89 43
198 129
158 79
224 174
288 103
106 32
197 87
267 50
204 37
158 69
140 91
274 214
254 49
54 39
277 56
95 54
54 48
204 2
181 19
260 209
202 108
200 90
244 37
110 76
250 158
212 125
145 80
199 150
239 212
267 84
274 91
270 78
230 27
267 244
191 101
287 100
273 109
180 169
140 138
289 152
252 32
106 82
208 76
87 4
114 16
262 40
148 69
150 122
298 203
184 105
212 146
289 61
264 37
140 78
284 165
179 8
158 118
146 56
104 69
219 199
197 128
94 91
299 153
205 67
133 96
207 175
197 173
266 174
226 4
97 93
228 41
295 165
60 54
297 264
88 36
175 157
159 135
186 162
279 18
192 136
242 52
265 89
209 20
146 77
291 108
262 225
286 196
106 25
207 20
237 209
279 197
177 148
128 87
86 72
282 223
249 37
69 59
290 108
229 58
265 206
92 15
296 78
147 80
196 1
261 85
146 33
116 64
278 80
132 108
170 85
240 116
296 87
34 10
290 256
108 42
152 68
279 134
231 58
93 62
182 44
235 123
280 256
99 45
120 90
53 41
232 181
103 24
178 68
165 128
195 120
273 200
93 32
179 58
269 55
175 96
125 112
173 152
113 5
277 233
264 252
56 36
189 77
296 212
278 31
127 48
201 139
78 46
224 151
53 16
253 125
259 69
132 68
132 17
180 124
144 27
149 132
252 194
102 10
252 24
194 19
197 117
292 158
142 132
243 25
181 123
244 221
224 177
35 31
243 91
238 138
235 177
179 56
165 92
226 49
248 71
175 164
194 192
179 53
171 105
186 111
43 18
220 50
168 34
177 115
286 191
280 180
147 115
245 190
181 81
114 75
88 27
197 39
170 100
56 1
238 27
175 39
286 97
239 162
180 162
257 93
202 65
171 133
151 116
286 214
272 149
241 217
290 243
192 151
289 268
162 44
292 93
121 50
164 75
271 148
271 112
269 118
292 180
165 45
175 20
207 199
127 9
202 66
149 106
270 199
291 283
179 164
48 12
252 42
291 41
261 71
184 148
190 74
198 58
199 56
260 227
91 15
110 71
295 289
182 121
212 91
38 35
260 98
34 21
95 67
159 79
282 248
210 168
231 209
299 4
82 35
297 105
62 4
293 60
227 32
235 108
221 29
116 45
193 156
285 44
196 135
69 14
152 80
175 134
279 128
204 197
267 33
265 255
280 278
242 121
264 257
252 165
291 25
187 10
166 83
74 45
235 23
93 14
243 67
269 31
80 26
141 93
225 124
259 137
165 134
185 136
65 24
113 17
254 164
184 168
197 66
145 102
223 151
128 51
259 4
283 122
236 104
237 128
140 93
108 12
201 35
203 105
228 8
204 129
110 94
191 16
288 249
257 167
210 103
284 187
289 215
172 44
207 118
163 18
298 189
228 168
196 170
186 12
235 99
295 249
107 6
251 83
294 110
198 21
278 36
287 184
234 192
51 7
216 78
238 111
237 233
286 148
219 213
228 145
223 100
134 43
269 10
267 129
82 5
112 110
254 109
109 63
211 38
139 55
293 254
125 26
154 91
282 118
220 42
286 241
239 131
131 29
145 114
183 78
56 15
167 30
118 100
159 47
203 70
169 61
285 250
265 27
197 70
289 281
284 40
249 191
286 18
249 241
240 93
152 116
220 85
221 124
131 55
279 5
289 91
255 130
121 79
260 219
226 143
269 224
81 62
299 273
293 142
140 130
174 156
249 24
225 109
180 127
252 230
190 178
290 268
250 76
264 88
173 18
289 71
262 162
244 120
275 258
249 123
218 10
286 125
233 211
135 93
269 182
95 12
215 133
157 58
167 27
206 84
216 119
197 148
227 170
236 222
65 30
242 146
220 136
135 52
278 3
186 176
275 242
249 2
190 92
295 236
170 4
110 103
287 117
224 74
99 55
266 43
257 35
164 112
237 185
279 250
241 79
296 154
237 29
240 210
137 27
193 20
123 60
151 144
98 34
285 75
100 4
236 102
262 194
279 96
265 143
149 93
288 2
217 37
181 174
188 135
282 281
154 96
218 163
196 154
99 79
296 233
276 85
250 19
213 112
217 4
286 209
247 145
246 140
200 75
289 139
285 252
298 174
116 35
167 83
257 104
274 243
264 176
225 211
140 5
294 33
279 30
279 205
126 93
248 180
284 217
288 187
90 8
274 57
55 4
154 142
146 45
281 18
211 182
151 100
271 54
237 195
116 60
296 83
36 27
93 63
266 162
184 102
245 30
273 113
227 58
87 50
240 125
168 41
168 26
256 119
235 52
283 12
296 262
160 97
259 108
296 1
212 5
82 76
121 53
289 154
297 278
97 78
106 69
279 153
115 75
228 31
165 138
268 63
223 165
294 2
125 8
246 101
129 38
297 76
281 272
150 135
81 61
66 30
284 280
293 89
232 113
249 84
140 120
100 90
259 6
286 187
216 47
284 279
102 82
266 224
210 203
73 57
73 32
223 134
102 43
61 44
261 208
269 125
293 132
238 106
275 211
173 101
221 184
165 151
228 63
124 107
117 27
254 5
47 5
298 75
44 30
259 186
289 77
180 90
19 14
213 23
267 217
290 47
185 168
266 44
211 77
101 89
204 90
251 201
202 95
253 202
225 185
131 62
228 65
234 0
254 7
160 55
41 35
209 196
236 120
238 87
238 227
153 116
154 76
278 111
194 53
204 202
180 86
271 6
175 67
220 74
226 66
236 73
144 117
112 7
248 189
280 31
225 24
277 87
247 124
294 112
173 109
227 37
37 8
21 14
239 141
218 118
148 62
195 58
272 186
232 199
249 175
217 20
187 93
264 52
192 9
188 153
203 121
221 140
83 78
216 145
281 61
285 95
171 89
280 185
218 16
117 106
101 25
189 160
265 252
51 0
43 7
174 162
263 162
281 246
225 90
241 95
71 31
286 146
236 209
190 174
259 36
185 15
213 171
285 228
254 238
93 41
273 104
232 202
203 108
261 226
248 54
147 20
106 1
155 23
210 108
181 100
237 170
193 35
71 12
241 125
225 117
280 138
290 77
52 22
265 31
137 110
298 37
282 117
222 181
219 61
281 111
178 67
179 159
256 106
258 210
155 73
49 39
202 135
91 10
268 216
55 36
76 58
60 56
281 267
174 12
264 94
193 58
229 170
189 156
265 140
104 60
144 5
268 59
182 106
203 170
200 30
84 2
209 199
143 84
38 23
215 60
269 25
288 125
233 194
250 29
182 63
291 266
78 5
76 37
35 26
251 15
264 135
141 26
152 98
265 51
276 51
170 154
197 125
48 5
219 76
275 112
173 141
48 8
182 176
173 44
231 169
27 12
93 83
238 77
246 223
203 176
94 4
224 211
141 76
74 58
97 63
219 171
47 8
