500 50 300 2500
297 201
227 68
490 474
424 380
446 371
317 115
192 112
496 363
233 87
256 7
313 273
315 310
27 10
408 132
447 413
372 292
460 218
483 435
464 351
181 92
384 63
122 7
218 42
68 40
496 97
453 325
471 258
209 109
311 41
264 103
487 2
324 87
253 134
67 44
391 369
86 16
457 440
499 362
78 50
472 45
279 96
174 18
495 437
437 11
307 284
429 288
210 83
485 145
442 180
493 345
43 7
264 179
109 61
240 234
220 12
281 30
85 24
119 30
21 7
96 44
161 144
56 44
150 104
235 3
298 106
245 63
226 138
147 57
262 84
256 250
199 183
35 31
220 216
144 58
268 245
198 121
203 18
34 16
270 126
218 212
130 102
264 3
188 130
126 104
113 45
120 113
245 153
108 28
96 87
203 21
203 6
298 90
123 109
81 38
209 154
37 34
186 32
148 64
137 114
232 162
130 38
68 4
281 16
237 138
235 42
158 155
240 233
235 99
132 110
214 72
242 207
133 65
268 121
135 79
285 58
168 116
192 136
134 112
195 59
284 30
274 253
298 74
215 115
271 76
110 102
163 99
220 170
40 6
204 92
161 78
133 53
190 100
117 104
115 14
73 30
154 61
132 121
247 228
179 53
124 71
220 41
278 254
277 97
299 217
121 88
240 164
270 228
185 2
279 38
170 161
227 173
99 46
51 35
204 187
139 34
281 42
186 30
260 58
140 98
257 160
275 11
82 34
281 93
170 68
196 165
280 196
246 180
289 54
278 164
238 116
145 131
218 160
226 156
161 60
109 107
83 80
142 136
262 50
213 60
272 165
250 247
143 52
124 64
218 199
170 6
277 38
131 37
240 173
114 45
282 264
280 134
272 243
254 233
278 251
277 233
264 194
150 85
210 103
114 75
253 56
173 25
296 144
229 43
191 89
188 80
221 95
296 130
98 72
234 41
200 60
193 152
79 64
88 48
111 41
225 34
62 52
256 46
141 120
287 28
269 71
271 30
166 1
149 16
238 230
248 198
295 288
142 37
163 75
215 9
289 217
182 64
293 141
261 185
195 40
295 249
175 116
292 145
83 3
216 107
276 12
173 164
291 215
288 143
143 81
278 213
205 33
206 69
215 198
284 73
294 163
147 145
155 87
160 26
10 5
130 66
254 28
215 13
144 12
278 43
295 199
209 91
194 86
266 113
215 87
259 125
294 247
205 145
241 238
86 40
271 256
208 190
295 233
282 12
230 150
215 132
118 110
281 178
159 93
248 132
47 6
280 117
258 59
196 141
252 99
295 13
166 106
153 72
281 94
168 80
207 58
293 175
122 40
155 109
248 107
158 28
298 293
33 23
260 33
60 45
288 210
266 173
87 40
237 165
270 75
208 163
263 184
175 13
259 211
258 8
187 15
269 98
193 57
277 145
147 78
176 77
172 97
185 76
210 187
208 159
50 39
255 25
215 156
77 10
253 237
297 233
170 133
286 22
139 11
205 9
293 4
139 9
248 220
41 16
245 14
224 117
206 171
217 103
275 203
250 38
117 81
266 49
235 160
241 203
73 53
261 100
101 87
175 54
246 31
210 35
257 227
217 111
219 168
270 148
120 83
16 13
231 2
231 116
243 28
154 41
216 131
260 54
295 238
277 210
253 131
295 162
290 21
100 20
216 122
221 127
215 146
280 22
201 166
282 208
144 110
159 9
95 13
250 245
188 72
238 81
154 27
104 38
292 61
161 125
196 124
177 60
163 16
220 106
139 7
111 13
285 160
225 197
272 224
257 114
146 33
99 89
163 11
151 121
147 106
235 166
224 198
289 180
161 150
213 70
56 32
198 86
37 5
243 172
150 71
292 181
136 33
223 163
261 250
159 74
283 168
242 75
283 47
223 105
126 93
256 66
227 15
197 36
256 6
258 52
139 47
294 52
277 120
84 49
207 65
243 118
131 100
236 222
260 160
218 10
108 82
193 21
230 197
281 235
272 10
294 157
200 179
234 128
258 69
268 141
83 18
299 38
161 113
283 83
187 14
226 129
294 66
285 36
121 108
287 236
118 107
161 18
186 172
280 158
261 200
218 197
295 158
188 175
144 125
285 7
199 102
202 138
83 42
253 112
278 142
183 23
57 5
49 4
241 113
206 89
190 140
188 84
108 15
159 63
215 48
178 134
213 108
226 9
265 43
230 97
274 89
291 130
287 162
289 8
272 172
187 54
111 25
293 41
213 80
184 72
112 13
88 16
258 215
245 213
201 30
281 246
182 98
140 21
279 223
154 51
264 140
217 72
156 110
47 16
222 81
216 169
134 27
268 211
266 76
293 199
161 64
179 94
145 59
110 104
190 52
177 2
217 158
84 8
212 86
212 112
265 249
230 143
201 77
234 86
180 47
131 2
296 229
130 56
269 166
106 17
125 22
179 118
85 23
216 41
295 222
228 174
255 49
218 114
89 25
168 155
218 201
196 37
93 7
234 29
298 239
288 33
172 73
186 93
73 72
232 143
293 258
232 189
247 22
239 127
192 20
299 203
167 58
291 135
223 132
283 226
100 6
218 31
185 95
147 29
103 69
189 30
138 21
263 29
55 25
236 24
161 50
294 88
252 194
233 113
172 114
50 20
99 14
205 62
148 8
245 230
298 278
291 170
275 177
106 39
126 120
133 70
194 131
269 96
254 27
127 82
115 65
241 141
240 35
110 97
209 69
175 74
108 65
131 76
207 91
264 81
184 138
140 136
158 7
283 32
220 27
275 155
283 210
285 106
244 121
206 132
281 118
264 22
163 42
281 190
101 32
259 165
106 89
254 201
196 183
291 236
97 82
231 188
143 27
154 33
148 6
284 5
28 17
91 40
274 226
114 77
222 158
298 213
116 63
290 34
262 23
220 28
236 36
138 42
270 261
200 187
96 70
245 25
279 219
193 116
102 87
209 185
130 127
215 120
202 44
244 56
232 94
279 178
160 100
206 205
249 17
240 7
114 24
217 25
226 70
269 178
53 1
188 20
63 38
149 22
43 17
239 125
291 167
219 12
201 10
84 42
205 56
123 115
244 79
199 101
281 88
196 139
200 195
199 128
115 4
241 54
274 105
285 119
122 9
159 116
131 123
142 108
195 30
124 74
96 62
23 3
73 4
241 128
133 77
292 185
137 23
180 55
67 63
247 92
194 125
289 261
299 288
60 53
136 90
235 77
299 248
131 43
286 41
36 14
80 15
227 213
245 65
109 59
299 249
189 101
189 46
97 51
212 20
118 4
195 177
283 253
167 86
204 108
190 10
226 160
260 31
192 181
231 184
132 45
161 97
247 20
172 141
296 165
259 206
162 126
156 122
249 21
79 27
230 51
187 171
273 160
245 116
287 30
235 139
213 167
118 23
243 180
198 90
111 83
101 69
210 17
149 104
265 178
223 110
286 191
142 98
272 17
256 117
174 152
252 42
104 24
171 85
234 209
233 4
294 268
132 63
135 88
287 76
248 183
117 90
284 2
100 78
274 55
210 46
132 96
171 93
202 195
269 227
257 61
117 32
141 72
260 214
210 153
215 175
118 21
184 62
195 100
252 152
201 188
251 51
100 1
171 120
265 111
253 116
72 41
266 44
227 201
224 206
271 73
290 118
175 153
286 156
178 88
173 146
191 85
261 170
169 61
113 37
293 52
215 58
296 0
50 12
246 64
29 23
192 171
233 166
273 147
271 219
263 67
273 222
277 59
81 63
72 7
66 7
205 23
234 119
252 176
50 38
241 100
115 54
158 58
194 160
280 277
237 105
221 141
183 154
90 23
290 125
128 111
116 59
150 10
149 80
96 13
289 233
201 79
222 154
219 127
143 18
143 116
243 171
40 30
269 126
221 19
249 165
75 68
183 90
97 17
139 53
83 41
126 95
150 45
256 163
212 108
90 80
180 103
191 14
223 93
215 63
75 33
296 168
289 250
184 102
252 231
239 49
165 42
273 192
273 225
259 235
188 150
91 26
102 42
259 85
289 218
167 98
165 126
204 5
275 230
249 81
217 73
298 56
198 192
43 19
247 73
213 87
252 114
273 187
280 1
144 100
128 3
263 147
179 57
200 165
220 68
237 153
148 82
211 193
264 210
193 174
60 31
115 33
251 169
145 7
115 40
153 144
189 10
249 112
260 90
213 168
217 109
194 144
171 163
202 136
273 43
127 51
216 155
220 188
175 44
195 73
242 112
255 227
223 68
223 218
130 26
207 48
121 83
118 63
236 10
247 120
260 216
241 150
266 211
210 171
20 12
268 107
147 56
134 42
139 62
212 211
107 24
273 96
240 143
103 60
288 12
251 194
284 153
138 89
212 107
155 41
292 57
243 3
225 30
272 115
156 93
282 105
177 112
297 55
193 188
262 139
264 116
85 48
149 10
214 157
260 195
92 64
234 88
124 95
196 80
80 36
296 150
194 189
217 40
279 180
60 24
138 66
101 83
85 4
144 121
164 46
198 8
238 208
81 22
96 17
198 47
239 82
143 128
186 154
270 20
237 103
33 5
213 81
128 90
197 181
231 168
50 2
281 17
118 69
215 11
182 39
169 34
107 94
167 152
295 218
231 202
286 246
180 32
285 37
290 78
263 77
151 91
279 69
247 3
245 43
98 81
268 255
199 188
249 68
269 239
88 38
276 89
145 27
135 65
163 78
191 99
247 164
170 38
242 211
261 2
30 27
283 268
129 36
55 10
272 66
129 106
290 134
162 10
286 140
240 57
254 161
145 29
276 141
208 35
137 36
182 4
248 225
121 109
298 210
161 82
283 26
269 145
129 17
106 101
215 80
252 235
260 13
299 246
297 241
86 30
73 26
235 72
61 55
258 121
287 212
69 49
119 86
250 233
271 45
104 73
289 237
113 41
88 66
80 75
29 20
190 177
174 69
248 20
209 130
138 22
282 129
221 178
250 81
236 187
221 88
217 87
61 7
253 39
289 205
123 21
170 139
295 54
46 2
240 41
291 10
250 241
14 12
112 11
68 59
185 101
160 37
161 90
150 6
110 48
246 58
133 41
211 173
292 207
81 17
153 33
278 111
248 161
207 199
75 4
255 126
176 172
266 69
228 28
190 82
107 66
245 155
247 133
268 83
197 178
152 53
207 23
228 200
293 111
254 221
190 87
271 197
203 95
200 61
285 272
86 21
201 194
163 60
132 41
168 95
156 6
270 117
293 58
184 20
158 22
91 54
214 95
252 64
220 127
290 234
185 92
271 83
253 148
199 91
122 2
222 74
173 12
82 43
284 210
166 103
294 54
282 86
254 88
286 146
239 205
220 201
63 31
106 102
118 94
126 110
138 135
52 32
223 14
191 100
260 213
183 26
265 231
231 30
239 169
193 35
278 227
239 141
279 14
250 10
215 135
256 140
263 262
251 163
87 56
199 138
196 123
90 57
225 52
263 32
199 86
210 85
282 216
193 136
248 131
49 23
276 257
61 28
127 118
270 59
109 74
199 45
67 46
53 32
264 254
257 85
249 73
298 124
191 38
180 9
265 57
73 35
210 166
266 161
269 107
256 251
213 21
191 3
264 181
153 117
257 155
146 38
72 11
276 131
173 40
272 59
259 221
129 35
198 100
181 152
103 26
174 104
155 124
134 20
261 27
139 56
177 154
285 194
202 40
136 25
220 191
188 112
280 136
270 257
101 60
252 48
173 118
52 2
250 46
299 167
145 79
164 29
252 49
192 70
272 254
246 170
195 123
46 1
184 160
244 235
169 79
297 40
256 128
235 142
66 19
173 4
158 87
273 125
230 167
139 21
295 185
65 58
243 240
227 78
186 60
264 224
290 39
164 160
228 156
160 30
177 117
243 214
173 75
209 206
244 219
72 62
181 37
143 113
240 14
140 103
238 1
273 139
299 280
255 79
182 153
189 162
176 75
101 64
122 49
294 134
18 9
213 123
260 111
105 5
44 2
230 110
130 93
281 280
110 36
248 50
159 24
76 71
167 83
288 272
211 90
287 29
98 13
208 128
148 40
107 106
139 85
93 5
195 105
194 46
208 111
245 67
257 123
171 78
249 247
137 82
167 16
281 153
268 227
95 47
160 157
286 203
112 69
191 125
83 35
182 162
236 6
101 61
129 58
222 1
236 129
230 181
171 57
197 184
188 8
220 194
253 75
170 18
266 43
239 178
297 181
258 257
118 100
236 67
119 31
221 125
251 113
150 57
297 35
286 79
199 164
95 42
80 48
290 258
76 44
130 77
185 53
104 89
237 108
263 35
254 53
174 16
110 35
240 103
179 45
277 147
214 9
130 125
145 107
295 20
205 179
277 148
218 189
264 128
252 238
271 212
134 13
188 143
193 123
267 66
254 90
214 23
185 137
209 44
249 137
82 77
215 20
149 28
111 0
100 50
155 91
111 21
288 14
104 40
258 178
248 1
262 79
157 34
118 116
259 81
42 22
227 14
200 190
243 241
284 69
228 95
289 251
271 187
281 213
266 201
140 97
279 186
255 14
272 125
252 92
247 202
83 69
145 88
219 120
279 224
291 85
291 164
168 128
192 81
147 30
215 97
147 113
90 28
249 110
211 52
250 149
191 145
188 128
226 51
232 60
289 11
53 47
298 156
221 14
294 190
204 20
210 64
197 157
232 116
45 41
226 60
256 2
209 9
219 152
232 121
130 48
58 2
274 203
142 17
57 54
158 128
92 35
221 126
169 159
278 35
229 61
202 50
275 60
271 203
128 54
128 97
139 116
229 70
150 77
15 6
271 100
57 38
276 150
298 18
277 252
270 199
116 47
87 35
249 148
191 50
230 42
188 91
183 127
102 13
211 175
220 10
137 90
218 17
194 51
222 28
71 35
236 76
279 101
31 22
182 113
202 10
217 1
171 8
297 145
76 37
217 44
37 23
128 126
178 167
258 138
162 135
106 30
119 104
261 187
236 198
59 41
254 242
226 95
267 4
219 50
282 141
256 192
144 60
90 45
157 108
184 87
128 119
19 10
245 203
259 237
78 60
189 111
260 221
85 46
210 147
266 261
164 120
138 9
117 3
212 83
100 93
216 213
192 114
102 41
195 25
224 56
295 206
173 23
286 236
279 39
238 36
69 39
290 227
281 155
258 240
196 3
263 235
245 135
76 26
155 11
148 35
234 80
56 7
250 69
204 157
116 48
222 203
161 65
196 73
124 101
119 59
116 80
234 109
287 266
119 50
123 4
271 8
217 183
289 181
238 51
280 2
173 56
239 25
273 109
260 208
235 93
248 199
260 246
128 46
288 228
259 144
185 69
252 109
154 110
196 67
115 101
43 29
161 151
117 42
169 74
31 15
274 59
243 68
282 9
274 101
298 273
286 170
281 252
298 49
128 106
250 133
86 20
248 2
249 58
202 107
155 30
241 41
138 33
262 178
149 99
172 132
239 14
204 162
125 61
125 32
211 149
293 8
299 33
147 5
97 29
265 238
266 218
260 226
32 26
155 144
187 101
63 62
132 114
294 176
282 180
168 43
161 111
93 74
251 109
237 9
196 133
290 171
60 32
197 161
156 144
139 113
249 47
175 141
272 89
255 114
95 90
135 59
287 284
51 36
94 83
129 87
293 200
288 110
233 153
94 88
70 1
226 63
291 240
73 71
261 214
298 292
269 208
182 94
95 0
274 9
258 209
123 77
284 18
297 199
237 93
233 173
279 71
125 91
162 0
203 170
93 30
116 41
255 238
263 37
68 48
111 28
100 48
181 5
283 64
215 22
167 50
210 29
267 188
281 270
139 70
215 128
278 148
139 84
282 44
227 74
26 1
217 147
237 173
60 19
273 193
132 5
251 119
200 31
218 166
69 10
204 22
38 19
84 9
284 175
254 205
191 181
240 69
207 33
94 65
168 62
218 19
142 10
193 11
114 52
223 173
102 4
178 142
118 104
164 68
127 48
169 125
208 133
249 194
292 29
261 5
298 20
261 198
260 143
226 34
233 81
126 108
215 161
251 45
107 63
213 209
288 133
99 82
182 133
184 127
285 151
155 52
33 22
148 18
96 26
197 51
245 95
203 137
244 155
205 57
273 118
185 55
289 92
262 46
194 73
220 91
199 68
167 61
256 41
244 128
264 74
146 19
229 195
145 86
233 124
50 42
218 58
278 71
35 7
242 105
167 8
251 77
186 149
185 46
283 86
286 4
91 90
217 191
256 116
124 48
186 87
285 203
235 199
240 156
154 59
62 8
234 108
102 59
292 280
240 232
219 60
116 44
122 78
190 168
129 98
92 29
89 49
115 112
229 194
268 197
267 44
233 116
110 78
218 0
290 253
254 0
293 24
247 38
103 22
143 64
230 86
50 17
63 57
253 20
272 127
228 172
249 14
249 170
178 66
135 99
101 70
201 22
123 116
157 63
287 44
178 165
282 89
145 14
185 91
272 198
263 101
106 16
237 229
177 89
158 148
55 8
240 37
224 186
237 230
173 122
101 56
106 59
186 49
277 250
150 76
170 63
113 95
56 28
295 195
154 141
210 27
124 85
89 62
272 75
190 30
273 172
282 139
263 122
206 33
83 24
269 10
273 136
281 47
203 12
191 176
249 119
288 187
272 108
293 64
240 172
171 49
138 60
208 37
276 76
246 177
100 79
234 91
182 130
165 16
195 119
121 89
280 89
61 22
177 137
286 211
213 15
90 58
284 191
191 149
256 15
203 89
137 18
159 0
263 0
78 63
177 161
146 23
284 222
12 2
97 30
226 115
200 80
276 61
296 281
168 51
150 126
285 227
200 101
253 10
297 92
29 10
230 79
299 298
231 19
244 232
268 1
108 63
222 142
65 24
186 39
291 52
274 192
111 18
56 24
189 157
195 183
285 112
124 108
222 127
256 63
139 103
298 157
59 55
270 239
283 111
279 199
293 121
227 1
34 10
170 103
269 55
236 79
284 273
71 32
176 83
120 11
156 126
88 39
156 56
250 176
130 46
155 67
138 58
290 185
254 193
273 168
135 18
278 228
187 178
87 63
122 47
278 136
60 58
194 132
249 38
294 235
190 45
178 176
229 198
229 25
225 198
138 92
255 190
291 193
264 91
243 223
280 169
233 211
146 41
167 103
244 190
279 191
213 57
233 75
270 95
289 34
295 3
261 202
284 23
263 19
288 247
212 135
202 58
249 114
26 17
236 69
170 2
259 20
210 97
212 67
242 78
272 16
240 181
188 106
218 42
145 102
249 15
171 13
247 4
296 42
206 14
100 16
248 193
105 21
276 268
252 24
257 108
178 131
206 153
239 46
246 131
127 4
156 108
270 167
236 224
173 94
70 7
193 124
231 20
172 80
227 76
144 76
285 78
203 192
80 11
126 97
169 24
270 15
214 174
297 44
293 11
267 20
216 182
230 104
153 99
99 5
135 93
273 41
263 234
131 83
133 131
173 27
265 25
202 78
208 58
190 88
35 28
280 148
296 188
39 35
220 84
219 114
61 53
254 44
98 41
165 91
146 50
95 3
185 168
236 159
177 34
253 126
213 85
272 38
124 67
246 158
86 52
157 51
281 57
282 111
53 29
282 90
284 279
275 141
91 80
187 12
135 28
294 68
143 33
191 17
213 177
287 81
83 54
158 44
268 46
159 129
145 43
179 158
206 5
103 89
132 9
156 111
288 207
278 117
82 65
160 78
225 17
131 130
268 234
237 87
270 53
204 32
203 105
21 9
225 174
83 52
133 27
258 109
124 47
293 81
28 11
205 21
188 122
267 42
108 56
190 46
72 34
188 131
176 169
118 37
287 241
61 45
180 178
164 56
94 64
167 37
225 122
224 106
212 132
242 185
285 268
117 25
277 269
289 270
271 13
73 57
254 87
40 27
274 159
297 292
211 33
219 198
179 168
179 9
166 68
284 149
62 1
275 30
82 16
291 252
226 29
183 85
220 146
207 167
150 138
229 94
184 33
289 201
62 28
111 98
190 92
76 4
152 64
292 99
243 42
167 27
180 143
6 1
234 13
194 78
215 124
116 105
265 224
66 41
182 166
277 257
215 133
247 62
208 172
253 68
262 42
185 118
242 12
122 90
68 24
217 83
113 94
94 6
290 144
181 17
287 277
132 6
296 289
281 131
168 57
84 3
150 133
259 207
141 113
134 117
226 157
204 34
149 68
237 119
171 29
176 42
100 99
178 140
297 283
270 14
88 87
224 190
158 15
296 274
234 197
296 137
292 215
221 34
251 83
238 47
247 105
294 160
161 96
151 87
255 176
238 104
278 177
196 172
112 18
287 249
241 194
203 43
228 44
154 94
101 34
269 155
189 135
164 87
196 136
274 125
278 255
277 245
62 9
195 120
187 11
276 39
260 209
159 106
251 239
224 101
70 38
271 207
68 67
271 1
278 224
192 15
153 38
299 140
181 19
189 168
253 53
265 233
124 4
108 64
184 3
147 62
65 32
107 34
278 219
285 79
81 58
185 35
296 39
273 252
245 154
138 54
164 122
246 55
154 80
293 28
215 151
243 198
287 262
100 88
237 127
104 36
232 218
279 234
251 171
254 156
237 32
227 72
176 12
254 202
143 110
147 9
236 32
82 38
276 16
199 120
236 20
281 184
196 159
129 12
183 111
178 173
235 136
274 52
184 162
142 15
194 96
42 13
87 68
193 13
80 28
186 105
144 109
207 121
128 40
172 94
249 60
296 193
129 2
233 189
205 101
284 96
73 64
229 193
139 112
82 6
106 97
208 171
288 287
126 81
264 227
180 15
165 37
130 83
286 278
111 106
134 30
260 70
168 8
165 40
170 45
298 99
175 69
261 138
237 23
272 268
242 59
234 49
99 70
37 14
202 48
181 46
286 222
157 50
86 35
156 87
189 124
245 105
230 183
201 142
139 127
206 57
252 153
288 277
206 21
68 0
180 3
181 155
115 113
273 219
128 43
134 110
296 240
253 142
269 22
257 75
118 17
272 236
210 34
240 84
278 261
198 151
82 61
90 70
113 107
210 123
129 90
101 97
223 155
204 6
201 67
96 69
137 12
137 69
299 196
262 125
267 11
142 14
298 229
37 30
277 179
225 95
253 55
281 117
124 29
226 85
37 6
161 15
183 95
256 209
215 112
218 206
179 66
278 180
273 152
98 1
62 23
187 87
193 68
234 193
157 40
288 45
184 51
195 172
175 99
61 40
120 45
284 233
156 86
236 46
263 231
82 59
237 51
212 114
210 33
181 97
277 30
258 57
79 59
250 171
278 122
81 2
80 24
128 66
271 250
176 136
278 108
253 12
78 43
206 59
173 163
198 36
209 28
210 122
279 55
268 69
129 14
90 56
122 63
282 149
91 15
161 73
292 222
86 72
114 105
287 25
270 168
87 5
120 74
240 115
194 54
189 171
298 126
154 149
135 23
291 7
67 2
261 68
152 150
135 32
26 11
203 133
143 17
121 73
236 87
31 23
206 134
294 114
241 179
247 108
138 44
100 74
160 136
291 247
115 22
159 69
184 56
237 16
287 13
226 185
128 55
