280 28 300 2500
266 248
227 68
85 23
247 220
228 215
231 192
192 112
240 208
233 87
256 7
88 51
252 235
27 10
248 13
232 139
257 107
242 10
132 15
200 23
181 92
254 104
122 7
218 42
68 40
162 39
63 29
79 59
209 109
79 58
244 202
171 80
231 124
147 54
246 55
185 36
146 16
103 91
172 114
271 22
207 93
249 201
296 240
221 32
292 166
62 57
216 41
126 26
296 279
95 82
266 90
228 74
120 114
259 221
280 230
196 16
164 143
239 177
178 59
221 197
224 40
198 106
142 75
76 22
195 32
249 163
271 245
215 133
202 66
299 66
264 216
43 41
75 33
141 84
42 20
148 62
171 32
254 192
168 81
267 30
53 13
176 40
234 137
236 155
223 146
40 15
160 145
237 50
216 166
246 117
285 180
186 24
166 63
145 138
181 84
266 184
259 79
74 17
49 31
171 164
200 169
253 47
198 169
205 162
158 109
282 152
61 47
204 144
247 185
140 131
268 219
222 112
181 147
247 239
195 121
229 80
142 98
170 50
133 87
115 13
253 233
233 9
262 135
14 8
139 48
222 93
143 50
135 121
216 119
168 44
165 91
277 66
166 50
171 6
150 55
281 215
227 118
209 167
109 43
285 202
221 66
266 121
210 71
254 28
222 13
95 36
124 3
190 99
106 13
232 38
237 139
126 1
288 183
72 38
260 219
298 164
265 18
298 25
189 81
273 46
137 35
286 32
117 103
29 11
227 3
232 16
231 181
212 208
165 52
195 70
247 43
133 78
255 116
217 6
253 201
213 125
136 126
58 28
287 62
296 237
45 19
291 279
86 45
229 113
267 170
217 183
249 240
280 182
249 38
290 274
81 4
202 58
251 195
200 96
156 141
125 100
161 8
122 48
212 33
259 95
294 53
39 27
252 51
216 112
88 74
222 157
213 55
213 22
276 190
294 245
291 159
238 117
168 23
148 98
100 87
251 238
284 41
205 35
225 153
239 165
259 119
261 49
296 94
78 43
227 151
59 2
147 73
294 99
192 47
144 57
260 41
219 27
214 203
145 66
211 61
193 72
47 38
221 34
213 46
176 89
261 254
193 32
233 129
257 134
260 113
142 85
254 119
187 128
129 61
215 193
246 34
223 220
236 61
274 229
94 64
276 50
172 43
243 150
239 214
155 122
240 99
265 117
225 100
294 134
295 258
129 80
157 118
243 175
247 196
243 34
125 70
292 124
75 37
127 56
181 17
275 168
288 179
267 18
244 72
266 46
122 82
286 58
236 33
70 13
244 235
174 58
290 135
272 57
221 42
250 134
116 79
206 9
294 109
166 28
71 70
273 3
284 79
299 253
274 68
138 69
295 74
246 79
160 52
113 74
281 140
274 107
69 3
252 106
276 102
114 0
283 273
259 246
234 99
152 100
110 16
291 109
255 43
155 55
163 4
234 192
287 248
232 199
158 101
123 77
150 137
272 194
299 154
268 233
256 123
121 14
277 141
278 187
85 67
229 1
186 1
200 140
273 16
215 208
125 9
258 93
228 50
229 16
137 111
267 116
186 0
271 103
119 31
284 228
165 26
130 5
271 187
286 224
52 36
257 25
183 75
220 150
241 224
125 17
102 17
240 78
150 141
275 182
165 27
269 146
264 17
217 45
191 62
259 165
218 182
287 51
137 131
185 68
279 46
286 50
279 268
106 78
197 161
251 55
218 126
132 8
240 232
290 75
57 22
223 85
150 82
276 28
278 16
276 231
192 146
268 215
277 213
48 14
262 256
186 63
221 30
84 63
277 128
151 144
198 107
102 11
44 26
297 13
265 141
204 148
74 24
136 84
272 34
245 220
135 114
266 95
91 40
280 31
193 44
263 111
269 189
143 141
233 52
274 13
169 98
133 83
110 47
291 45
211 110
196 184
54 47
221 98
279 231
259 118
120 83
246 65
298 239
238 98
251 224
273 15
96 57
171 57
170 113
61 36
214 123
260 213
158 0
263 67
271 116
294 105
223 60
293 183
204 155
183 89
240 128
57 56
287 262
225 17
173 71
65 52
214 181
222 103
66 34
222 11
269 96
35 22
202 42
219 28
3 1
281 54
237 10
131 130
259 190
174 87
296 39
176 165
173 53
267 211
238 19
129 10
256 134
153 57
185 35
219 161
135 124
201 63
298 104
297 49
216 159
269 116
232 230
208 181
297 257
287 217
252 3
197 134
240 23
245 148
185 161
274 233
169 166
103 71
248 215
266 128
160 67
282 183
175 69
220 4
291 4
185 85
261 252
219 169
264 39
282 112
270 5
107 70
250 119
60 10
250 32
166 55
226 25
202 30
274 157
165 108
280 241
168 46
6 2
77 51
231 13
102 36
108 6
230 0
158 138
250 80
253 149
243 122
217 43
245 97
112 108
184 98
140 9
229 142
73 11
114 19
190 146
193 160
280 178
147 98
72 32
160 25
238 210
281 266
232 153
103 34
228 132
47 30
75 29
193 8
196 32
88 65
289 89
266 189
32 17
213 120
97 83
127 81
294 273
122 68
216 113
159 7
285 251
196 29
121 95
298 33
129 112
118 87
251 100
69 46
210 30
191 53
109 63
191 82
218 128
298 236
269 79
279 198
236 180
261 82
69 21
19 13
265 23
132 79
268 142
287 39
291 48
98 69
179 61
157 151
125 76
284 249
217 85
205 79
86 6
145 24
296 294
218 190
233 0
226 34
137 11
269 19
228 150
203 106
259 107
278 113
174 132
117 69
247 213
129 77
167 91
192 72
178 46
128 98
168 125
134 72
237 128
237 167
247 82
234 114
257 14
169 129
158 1
209 8
158 129
178 26
157 58
270 72
199 145
121 89
62 48
172 148
172 93
208 89
148 17
298 194
292 121
143 103
283 161
156 30
296 216
287 205
255 15
184 28
274 51
253 130
231 205
138 113
278 122
204 75
203 53
298 88
161 42
210 116
206 57
171 111
115 15
44 33
102 4
152 150
200 94
135 112
202 191
72 15
138 36
184 168
218 102
227 206
146 132
221 99
234 166
292 92
248 100
258 18
243 133
249 111
194 5
263 30
237 204
278 14
211 81
207 11
90 62
264 176
290 44
205 181
103 72
64 37
203 114
175 105
284 72
111 95
172 108
214 188
103 51
244 3
219 69
194 168
245 239
263 0
253 107
187 7
270 265
282 39
155 140
201 81
280 54
299 58
48 21
104 49
146 109
258 36
185 89
246 115
256 236
273 217
110 78
256 74
288 169
248 160
261 95
216 92
182 154
267 34
273 49
248 42
138 31
142 130
269 109
223 140
248 95
67 51
130 41
210 72
250 24
110 18
257 94
253 56
149 117
245 13
101 30
261 209
43 36
108 27
247 152
78 15
146 92
230 202
199 163
254 184
224 151
223 171
298 60
158 23
253 54
211 69
39 11
92 81
223 62
139 49
130 34
62 14
170 39
285 174
233 133
117 51
270 176
276 84
8 5
169 110
270 108
267 54
154 42
71 62
223 144
66 26
131 72
249 173
294 113
146 39
50 31
153 137
188 106
195 116
241 57
235 82
241 109
174 101
111 48
148 26
234 132
299 40
277 241
258 191
292 230
233 7
178 8
230 5
211 182
83 32
247 15
277 14
233 70
167 17
252 42
259 86
80 16
195 98
109 13
104 98
278 59
223 133
229 20
287 175
294 37
131 44
293 151
96 37
224 80
245 198
82 54
287 96
128 108
182 90
285 74
235 234
150 1
211 31
122 92
259 65
195 41
218 134
180 28
299 18
111 105
30 13
235 176
259 208
223 165
299 273
73 42
293 108
278 51
295 48
170 61
20 6
241 206
213 129
46 3
285 222
182 14
191 56
217 177
151 94
175 157
212 31
185 32
295 62
209 176
277 120
254 236
212 61
88 10
260 152
226 198
193 59
144 0
192 19
271 21
159 23
150 44
123 61
271 69
249 196
107 46
203 186
294 207
144 64
292 234
224 143
154 71
69 48
54 43
235 198
166 165
183 51
225 205
265 183
248 30
184 170
291 289
207 160
227 76
192 103
99 16
202 41
88 61
190 21
264 222
138 82
99 39
293 125
158 64
273 189
269 90
88 27
91 56
212 121
230 203
288 287
251 150
175 128
275 60
87 57
207 83
156 4
299 281
286 119
264 84
130 88
91 47
249 50
232 160
87 43
119 109
195 178
204 102
130 100
244 191
98 66
58 5
175 94
296 168
168 41
271 5
231 176
182 152
271 209
112 57
51 26
255 208
85 61
176 161
245 117
168 147
261 70
298 273
187 61
274 78
121 50
249 20
193 92
216 168
190 17
99 62
181 157
242 57
185 151
262 87
295 8
111 49
264 227
177 91
280 277
149 126
270 165
173 121
114 16
107 58
287 164
266 20
28 2
285 57
224 18
172 81
242 123
233 90
63 27
232 128
172 158
279 146
246 71
120 109
279 150
56 47
191 99
170 38
231 62
117 13
57 39
243 101
196 169
271 45
278 177
220 25
251 16
225 8
232 204
241 119
156 120
190 1
216 57
256 180
197 102
185 107
289 193
266 156
157 43
281 77
230 199
178 121
60 25
280 49
190 69
216 129
276 229
274 235
93 8
249 13
55 10
218 176
115 1
163 95
251 206
101 7
237 233
250 164
265 255
189 157
270 95
91 68
284 278
278 235
229 104
271 129
264 13
252 198
176 135
199 73
243 138
236 225
282 272
243 228
183 83
254 141
253 0
163 94
148 70
161 63
166 7
281 88
248 245
142 105
273 207
287 165
207 105
280 273
38 28
215 61
222 54
70 16
198 83
270 12
279 260
212 98
226 205
277 102
256 169
292 101
266 67
203 132
151 27
198 96
213 133
291 193
149 86
168 159
231 144
102 65
206 55
253 240
179 22
203 93
220 109
248 111
273 163
197 48
251 245
243 96
298 252
187 156
219 210
227 25
60 13
292 89
209 94
282 243
294 220
252 187
88 55
265 8
236 31
168 82
276 82
219 141
199 190
196 133
181 94
285 105
287 281
232 129
295 264
237 28
196 86
289 165
113 47
223 76
297 118
273 149
188 6
84 42
276 222
269 195
167 60
243 205
213 118
245 125
196 121
56 12
181 75
276 97
198 97
214 59
278 102
126 65
141 75
140 98
145 78
215 141
146 41
208 183
140 120
152 149
162 145
185 125
292 249
256 231
286 34
274 165
205 33
253 161
151 81
213 70
145 139
206 147
260 212
256 58
235 43
172 125
93 3
273 254
255 179
252 240
274 1
161 91
288 130
247 242
217 132
256 208
87 46
226 57
254 195
187 23
237 37
229 116
121 93
148 107
161 139
30 26
289 209
299 34
234 218
129 20
179 165
289 215
292 131
143 128
259 224
181 112
288 246
250 120
293 190
102 1
210 24
23 10
16 6
257 241
162 78
72 57
264 97
205 51
158 74
90 36
115 85
286 186
117 41
287 249
243 129
288 22
142 132
297 186
264 23
297 119
254 163
149 96
135 95
126 55
272 156
285 31
106 28
133 2
277 275
101 65
197 1
138 87
214 102
295 118
293 262
82 43
195 99
102 69
162 109
235 195
50 7
271 243
219 37
298 98
181 130
172 84
232 49
295 254
284 207
228 83
176 4
255 156
249 87
138 135
201 125
255 213
251 81
230 36
132 76
72 20
219 62
286 36
284 167
235 212
276 85
127 37
232 198
271 99
177 70
25 16
254 243
246 155
241 133
151 140
115 49
61 19
182 156
291 237
212 18
229 143
201 25
213 39
163 9
280 34
135 51
185 159
203 75
275 246
186 162
289 34
99 7
277 3
112 30
131 109
125 65
116 110
163 52
172 102
108 35
221 195
141 95
178 171
229 93
277 27
229 39
149 143
299 206
254 168
239 94
129 86
251 132
283 225
205 160
74 25
35 31
298 18
122 32
129 81
92 71
171 53
267 39
294 120
285 84
295 122
131 63
276 93
278 2
250 11
274 237
268 111
180 59
118 114
292 58
175 144
133 88
104 3
173 152
136 99
297 22
215 167
97 47
36 0
95 45
79 60
236 38
260 220
198 81
290 33
38 5
124 84
277 65
181 152
208 147
81 16
236 153
275 228
138 55
224 89
249 9
152 71
210 90
135 5
214 62
66 45
185 142
268 244
29 22
95 38
144 71
280 4
237 197
293 79
165 104
241 141
153 50
280 270
238 206
248 182
249 70
251 204
175 4
105 31
265 238
276 64
278 70
287 26
208 16
275 28
172 112
292 284
92 88
161 88
78 64
235 150
106 32
204 156
190 162
159 86
270 131
271 231
142 134
263 101
171 124
293 35
61 37
248 140
78 13
296 226
258 56
253 38
204 43
270 2
289 122
295 18
169 59
38 30
243 0
238 189
185 57
298 222
62 43
258 146
233 210
218 27
289 270
291 135
298 282
288 186
204 118
226 101
161 142
297 234
296 64
285 178
214 170
210 107
145 0
159 110
191 43
128 40
265 12
191 121
254 227
56 48
187 157
155 134
290 280
279 119
221 85
175 92
162 81
235 11
137 92
293 261
169 14
107 65
283 46
279 251
177 76
117 70
149 5
66 0
141 73
105 62
204 193
293 169
196 92
70 22
236 7
220 5
241 77
264 14
227 134
269 259
100 90
297 152
256 116
169 55
112 110
251 130
273 77
272 62
236 148
262 191
95 4
198 61
270 245
279 130
205 2
166 91
286 243
213 131
250 107
203 151
78 8
217 95
240 114
275 132
192 24
108 95
207 175
203 202
264 150
93 13
260 66
267 218
46 37
259 254
143 5
158 8
279 175
229 133
296 49
213 141
255 59
147 130
215 86
177 120
191 50
246 22
155 39
255 163
164 49
243 187
160 15
19 3
247 50
231 193
269 142
288 116
153 29
281 120
266 259
248 67
127 62
216 54
247 148
140 22
105 58
275 249
92 5
207 74
97 17
184 106
291 267
127 40
164 34
228 99
216 102
138 114
48 41
120 76
238 71
190 29
50 47
295 86
111 93
220 49
283 158
216 131
68 35
297 237
268 96
269 187
222 20
219 165
107 6
252 191
97 60
267 66
195 22
166 1
223 30
209 14
272 24
123 81
295 139
291 262
292 19
252 201
221 111
246 241
180 101
225 138
129 84
248 197
184 166
253 5
137 133
293 2
249 83
170 152
221 93
160 136
261 2
66 41
124 109
24 19
218 34
291 254
27 9
124 14
294 264
150 53
282 201
286 15
166 30
211 193
54 8
209 16
293 68
284 37
123 94
281 257
85 29
273 137
142 106
179 121
256 199
147 129
71 10
211 192
178 100
239 141
258 62
44 21
199 125
76 23
64 56
176 155
46 41
299 189
161 23
154 145
56 27
280 187
295 190
228 217
174 135
252 241
237 52
239 46
248 56
218 47
77 76
153 10
229 68
102 25
266 247
155 145
43 30
258 230
260 16
282 79
280 71
273 205
231 16
189 134
141 121
188 171
193 79
251 101
148 88
80 23
135 50
144 135
286 217
284 150
152 101
290 61
237 145
123 87
84 76
283 36
195 104
199 155
49 17
279 272
273 177
212 92
239 235
212 123
299 17
223 148
291 158
290 36
285 237
297 38
99 24
269 130
227 153
73 7
284 44
282 82
135 89
35 8
172 71
254 187
230 72
73 21
284 101
33 7
292 35
147 37
288 37
270 48
223 164
172 17
278 77
136 96
166 32
171 21
207 139
281 121
183 152
234 10
107 102
259 239
214 40
175 43
198 187
278 94
249 228
263 128
262 182
278 133
243 8
217 188
149 29
257 18
212 24
262 85
197 183
25 0
231 146
260 221
43 28
245 206
121 96
186 166
299 74
209 73
83 38
266 81
141 78
234 4
261 83
75 46
87 1
287 264
128 78
115 54
281 76
232 159
253 189
292 214
75 48
140 90
201 97
213 30
264 57
179 158
271 118
267 131
150 2
239 185
268 126
83 5
151 55
88 84
139 119
29 4
254 131
203 177
143 129
169 138
234 222
245 68
204 138
284 244
83 72
227 113
24 10
149 120
261 229
297 194
194 67
157 55
246 46
168 4
176 140
230 20
269 143
224 138
164 145
204 13
88 54
153 98
281 57
108 69
58 52
220 9
51 20
109 17
175 72
256 126
145 26
220 101
169 45
230 185
139 57
224 155
115 58
203 121
205 105
244 20
232 73
289 144
150 144
298 31
212 180
294 255
245 118
267 110
135 72
199 153
264 136
132 109
259 40
295 274
121 77
44 4
206 58
253 37
94 20
162 60
195 140
295 294
161 36
107 105
201 39
140 37
162 161
250 174
126 51
224 223
178 127
151 150
135 99
228 169
83 2
128 123
250 139
85 12
296 80
147 136
286 86
188 61
109 39
185 104
233 214
298 292
269 256
132 118
91 80
240 203
145 52
186 169
137 24
273 175
238 176
248 187
204 74
235 70
254 40
69 67
271 242
157 28
296 87
259 81
180 72
165 156
277 161
74 2
199 105
274 137
59 27
127 123
149 6
187 183
8 3
199 10
257 65
255 130
276 98
266 256
234 179
150 36
238 146
202 69
90 37
160 120
186 148
246 15
239 151
179 160
155 152
179 15
232 214
124 10
237 20
58 2
186 59
140 137
216 211
37 2
108 101
190 58
151 30
216 154
202 164
245 112
67 4
116 31
281 206
140 8
138 12
175 24
157 68
98 40
265 147
180 108
267 16
259 13
297 154
203 133
262 158
105 9
89 27
181 69
209 149
243 24
180 2
147 33
207 122
292 30
87 37
200 152
204 83
259 4
297 144
188 59
242 29
84 47
120 55
226 49
105 56
111 35
263 29
265 34
141 32
144 54
249 119
163 71
249 223
299 201
200 10
87 53
283 120
267 49
273 179
91 41
200 115
157 4
50 41
159 67
131 94
191 38
72 23
245 87
230 62
46 25
95 74
210 164
229 215
297 217
298 169
256 162
161 15
225 75
213 104
144 35
181 89
247 198
294 248
110 53
194 185
26 1
213 8
227 105
261 160
77 58
186 116
93 79
268 13
148 4
55 36
122 113
130 31
72 7
295 131
193 83
105 27
152 129
137 112
234 6
121 23
128 118
254 47
211 41
210 159
209 144
99 19
210 190
226 133
178 172
246 244
183 61
236 232
147 99
271 170
69 9
111 79
164 22
208 200
231 221
194 130
257 197
246 36
209 56
221 148
250 228
130 127
194 73
192 119
245 240
180 159
192 135
281 61
294 62
230 44
289 43
204 3
273 265
61 45
244 110
112 35
30 24
117 60
265 26
127 20
158 91
134 133
167 152
259 27
233 195
66 52
184 113
289 282
291 282
256 92
235 162
193 23
276 176
193 183
8 4
244 65
60 8
195 73
256 181
78 71
208 106
173 114
240 171
220 176
176 119
254 156
117 72
288 8
264 221
283 205
187 185
99 73
186 79
189 54
227 80
265 101
291 246
287 251
292 179
285 100
184 57
132 126
244 104
183 99
105 19
157 27
127 111
82 5
281 136
144 131
285 253
270 36
44 41
161 54
246 82
266 123
191 34
125 5
292 168
209 162
237 132
106 102
146 81
228 55
249 140
299 76
25 7
221 95
154 108
235 152
164 134
216 55
223 24
45 10
131 116
180 87
126 81
64 16
277 219
123 97
243 193
132 90
250 116
124 75
146 96
272 124
153 143
239 56
288 279
222 27
203 80
156 92
233 33
207 87
70 58
155 44
245 39
135 66
248 163
228 27
149 21
238 171
278 253
135 15
62 37
194 74
299 284
281 252
248 246
163 131
229 17
64 18
153 97
184 26
129 72
237 200
269 67
121 42
240 178
213 97
168 106
291 247
158 140
209 63
164 25
261 204
261 161
221 118
135 62
151 90
204 103
57 30
259 123
204 166
296 140
230 125
263 55
113 23
211 113
162 43
247 105
104 23
296 270
228 171
244 216
85 26
89 88
169 61
26 3
230 54
92 20
150 138
185 147
202 153
177 106
105 8
282 144
250 76
182 158
253 248
291 284
286 28
249 162
290 51
238 177
276 199
45 3
156 3
282 22
144 130
175 104
148 41
271 143
220 60
245 132
265 222
118 36
242 14
147 18
107 88
261 119
113 67
183 165
256 76
286 133
252 0
171 109
236 19
55 48
258 63
131 30
58 6
181 144
295 27
293 239
293 118
259 187
291 82
271 113
282 273
106 1
292 26
93 32
85 66
231 171
149 111
66 21
107 19
298 213
151 146
128 32
240 150
235 107
261 207
189 47
282 133
103 0
118 67
144 80
154 127
268 156
140 93
219 60
214 115
150 86
80 25
172 76
285 240
113 64
237 51
293 238
112 46
149 140
156 99
210 208
260 195
272 151
195 28
244 230
236 162
219 36
261 246
212 83
80 52
252 165
242 12
255 63
191 24
269 113
245 90
223 181
237 144
218 184
206 17
109 47
121 99
209 126
207 176
275 33
277 191
44 17
119 72
287 71
292 67
280 198
56 0
104 91
282 210
125 63
122 11
205 108
127 8
278 103
182 111
286 166
137 45
107 74
159 136
292 198
261 102
188 158
294 158
76 54
144 24
177 17
120 113
235 137
188 139
208 44
247 232
222 85
148 44
253 139
292 210
267 107
191 176
139 80
226 215
292 109
227 185
193 64
292 221
268 190
150 123
235 149
258 27
135 53
256 108
141 48
95 50
95 68
239 55
213 206
193 80
284 11
232 26
247 118
219 107
243 231
245 14
206 95
184 78
42 9
164 58
233 101
281 84
223 157
129 46
284 6
79 29
150 85
266 233
238 13
125 119
34 32
247 174
283 270
67 27
101 68
44 18
175 161
101 53
241 139
73 2
106 96
281 234
154 107
160 116
193 170
215 77
282 209
186 14
103 16
178 48
135 9
200 137
112 1
288 128
107 38
276 39
292 65
134 83
164 15
207 27
208 41
291 89
163 148
155 25
280 153
258 224
288 241
285 116
270 3
186 47
165 56
42 39
88 5
141 111
272 236
136 8
98 3
259 252
99 52
200 95
176 58
154 6
243 65
33 12
275 186
202 114
158 48
244 48
296 280
141 33
262 1
66 48
274 45
176 131
147 67
232 48
291 100
243 35
265 191
261 0
292 112
288 227
214 114
214 60
290 114
209 119
186 9
273 231
197 136
242 56
165 98
145 45
85 37
158 19
76 47
215 210
130 96
290 289
290 242
280 175
161 81
217 24
108 56
268 137
151 99
262 240
227 198
177 151
159 36
183 96
255 185
119 61
153 108
131 10
99 94
262 44
170 104
160 114
269 69
299 125
106 4
277 131
202 59
276 87
253 174
299 267
264 85
266 200
76 31
109 20
270 8
276 140
257 127
131 64
136 11
54 12
254 68
275 40
257 158
101 11
230 51
159 49
221 113
245 102
283 170
206 81
149 42
155 18
179 43
