420 42 300 2500
297 201
227 68
411 402
247 220
303 75
317 115
192 112
365 353
233 87
256 7
313 273
315 310
27 10
408 132
232 139
372 292
242 10
327 27
200 23
181 92
384 63
122 7
218 42
68 40
316 78
63 29
384 301
209 109
311 41
264 103
380 210
324 87
253 134
67 44
391 369
86 16
306 236
390 278
78 50
208 149
279 96
174 18
290 108
186 31
92 49
287 145
234 126
170 65
61 9
193 45
208 56
244 188
226 156
261 224
284 184
274 226
178 43
232 97
124 54
117 74
188 145
45 32
196 110
222 210
140 9
258 152
276 155
172 76
270 102
75 5
269 237
116 98
289 174
189 140
123 78
297 41
216 44
119 41
55 36
111 69
177 156
137 45
195 118
217 93
254 192
146 99
178 95
238 203
85 55
285 14
166 46
165 83
255 113
252 31
211 25
127 73
299 262
278 10
116 15
288 254
116 106
208 99
154 57
229 98
150 34
267 257
285 176
194 4
277 138
128 90
280 176
99 71
196 160
231 109
102 91
189 162
154 148
254 108
284 215
209 32
246 231
285 229
180 135
219 42
297 190
296 100
253 36
144 78
159 158
194 108
167 150
165 69
289 154
84 43
175 12
161 35
106 35
281 122
191 183
293 15
236 35
253 189
147 69
137 109
275 74
250 35
287 17
234 95
146 50
279 2
180 163
124 78
146 114
78 6
260 118
274 27
210 179
173 22
235 135
283 261
24 17
203 94
109 66
182 79
181 88
264 236
299 159
130 72
29 7
289 3
295 163
194 148
111 15
257 239
275 271
247 30
265 181
190 20
162 28
78 4
163 162
133 121
191 83
74 44
274 239
216 194
232 28
22 18
299 39
190 17
232 27
175 141
234 109
262 223
287 127
253 33
135 58
233 220
108 98
252 207
252 38
286 118
234 155
257 2
147 80
240 171
62 35
236 194
295 157
283 46
28 27
212 170
124 71
13 8
141 78
224 24
71 53
283 18
178 153
191 68
124 95
295 125
201 85
212 51
141 52
215 93
156 89
217 132
97 22
214 147
130 98
215 120
45 12
153 106
159 7
165 64
93 72
88 73
188 39
213 45
219 85
132 61
289 179
159 95
117 79
41 34
134 103
133 105
220 92
267 258
259 38
259 23
103 27
259 87
124 43
149 144
250 83
226 57
242 222
263 81
221 71
129 87
211 185
299 72
278 50
238 4
151 72
293 165
127 102
143 69
228 29
170 155
165 84
267 81
162 157
293 263
280 78
145 23
277 104
136 133
236 51
256 162
214 68
226 6
299 34
173 149
142 79
293 229
290 286
119 7
141 123
253 173
223 183
272 98
291 119
287 19
223 21
251 23
292 182
298 99
285 32
162 159
296 190
269 1
243 62
243 98
260 20
288 102
184 103
146 108
109 55
200 60
145 33
97 23
163 125
299 268
152 11
178 56
209 7
290 269
265 118
266 70
190 176
209 34
297 111
271 65
114 66
254 195
241 172
172 169
289 196
294 13
144 22
62 12
298 124
188 153
117 68
248 218
263 128
80 27
79 43
209 203
156 28
257 186
133 120
274 197
249 85
138 67
172 38
298 37
297 62
274 153
131 109
132 52
68 35
213 202
101 72
286 84
282 59
192 181
190 24
288 39
272 120
297 271
206 185
112 34
247 231
216 170
94 66
218 78
158 155
203 116
202 18
249 234
191 60
122 16
120 36
164 9
218 209
290 20
229 156
254 190
201 141
226 202
249 121
146 94
256 28
131 18
213 19
254 70
72 16
288 267
150 77
189 104
92 55
47 15
287 197
198 10
195 148
278 67
271 119
270 69
288 111
245 63
222 202
192 174
60 3
279 224
138 15
158 142
210 62
264 224
233 121
141 48
242 171
101 37
254 32
293 112
262 142
68 65
80 74
179 4
131 84
274 147
91 57
255 219
243 110
243 92
130 106
149 23
101 6
118 29
295 113
142 39
229 144
283 63
69 6
265 9
172 79
262 241
209 30
250 37
183 53
297 150
292 82
275 95
253 119
295 20
279 208
261 37
257 148
88 64
88 0
208 73
271 60
207 137
146 49
219 148
232 63
285 196
59 58
117 32
140 95
139 74
115 18
199 122
146 62
130 77
70 46
148 79
287 70
144 73
129 76
250 139
252 193
295 214
294 94
117 23
116 89
123 110
290 87
189 135
224 189
232 145
198 117
222 55
90 78
181 58
224 202
255 57
246 57
197 54
236 113
249 16
179 129
273 60
80 23
267 47
239 106
265 89
57 30
63 53
285 15
240 77
192 42
173 162
295 99
199 36
57 29
279 183
269 16
235 227
139 1
255 184
148 69
193 82
259 6
132 1
154 52
240 96
231 102
230 118
254 196
242 165
261 25
297 22
258 193
158 151
123 64
294 208
187 64
170 134
270 171
197 58
248 121
271 2
287 8
286 173
235 215
156 105
173 113
203 91
296 206
198 168
117 12
210 96
57 54
229 92
285 103
273 238
259 97
121 102
297 277
283 61
157 130
273 221
181 87
206 193
281 212
207 140
233 89
294 132
203 97
184 117
63 31
179 67
83 27
278 48
207 160
175 171
250 144
248 146
199 96
213 185
295 73
92 8
84 26
176 159
104 8
126 9
246 180
287 29
176 54
285 28
277 241
265 221
258 232
274 229
237 203
295 182
184 87
274 170
241 208
292 42
240 7
222 20
63 55
121 49
126 34
116 102
239 91
186 77
87 71
186 171
297 175
296 286
188 137
288 196
253 150
225 137
289 142
78 48
272 139
113 7
203 149
235 229
154 87
203 197
261 62
126 13
239 138
185 161
100 70
153 64
235 7
221 44
270 78
75 10
203 178
261 131
90 64
139 137
197 5
208 194
297 113
157 49
47 5
271 206
196 29
231 200
211 126
202 95
85 18
193 39
51 13
149 124
289 169
59 51
177 150
72 54
247 24
274 9
125 53
269 256
270 30
31 4
142 8
239 149
138 96
80 47
295 32
212 181
206 13
272 176
65 56
260 46
169 48
293 70
131 30
211 34
179 156
191 179
197 145
69 26
178 32
255 119
248 129
258 186
297 30
205 67
285 162
128 117
270 141
272 24
134 93
269 242
128 104
189 30
205 141
144 15
89 6
239 205
287 76
264 210
227 7
299 180
202 126
289 73
233 80
212 82
219 216
291 79
274 211
252 67
229 220
160 64
258 226
139 64
253 44
188 155
275 34
223 101
196 117
243 215
274 159
115 69
222 198
70 26
212 202
258 238
210 56
264 91
27 0
71 13
167 30
188 7
67 0
216 52
273 118
88 45
243 209
233 198
214 5
271 255
247 222
297 106
127 3
243 22
202 80
88 83
193 188
281 92
291 257
138 79
248 243
102 3
232 113
83 21
197 143
196 155
158 68
295 2
113 1
108 38
284 135
297 206
161 7
249 92
155 89
267 31
258 69
288 36
150 24
288 191
267 19
279 56
295 159
210 164
78 59
280 254
146 53
149 11
206 126
280 256
130 49
228 112
150 65
294 19
245 219
155 113
288 8
131 101
293 86
102 79
274 260
231 228
87 60
230 52
292 144
285 6
79 32
294 114
289 200
236 226
213 134
63 52
77 32
230 167
210 160
174 35
218 2
256 116
225 112
62 1
296 8
80 62
80 16
233 62
178 119
253 178
237 128
271 177
217 187
230 106
147 108
134 95
283 84
262 166
103 12
181 113
60 46
227 144
215 185
202 7
108 65
264 22
229 191
204 36
268 204
172 112
295 140
97 5
152 145
151 101
198 144
89 81
58 52
49 48
220 134
139 4
106 57
214 162
276 175
149 44
297 260
85 37
283 171
173 159
51 15
178 168
225 207
233 216
238 213
198 109
242 149
77 22
279 34
173 87
195 162
231 224
250 87
146 98
246 60
259 71
220 41
260 234
267 236
263 20
258 229
200 75
228 23
227 42
269 261
221 122
205 166
187 36
294 107
288 13
251 191
99 19
118 41
274 203
267 28
58 39
272 17
198 143
218 189
256 111
256 107
167 133
161 141
245 239
267 82
271 251
179 14
189 93
173 137
296 18
144 130
183 7
225 169
298 209
290 160
222 23
36 29
217 80
108 29
194 81
276 12
194 190
292 13
177 149
251 48
207 50
233 156
278 217
292 57
259 203
188 165
87 83
237 58
120 59
298 168
69 25
284 244
288 257
291 175
237 1
117 77
18 15
219 202
231 226
255 16
138 119
284 218
215 207
58 7
178 169
241 227
298 147
72 64
240 239
70 32
297 1
234 48
128 114
173 35
291 271
221 210
178 141
267 69
161 48
243 169
154 136
214 88
142 105
297 259
248 173
298 234
217 62
216 156
281 94
112 20
255 133
159 135
212 178
60 13
279 116
126 74
200 118
277 84
91 12
297 52
279 262
70 6
273 76
228 76
256 173
184 69
99 56
292 11
258 197
177 5
187 52
239 57
279 19
246 158
262 192
283 154
282 92
111 58
144 86
128 3
283 138
144 9
98 79
219 211
174 45
243 10
98 37
144 46
175 14
258 25
194 180
271 180
94 93
120 110
203 102
130 85
163 59
205 49
170 48
35 34
278 101
205 73
211 129
187 157
241 53
19 17
249 12
204 110
53 51
211 7
286 51
158 7
231 209
243 123
161 87
221 67
270 3
181 108
130 26
260 214
196 18
268 83
200 52
232 164
123 15
213 177
217 147
260 81
267 235
178 98
211 143
168 16
177 23
141 2
36 34
273 189
282 226
197 129
251 32
198 124
259 136
289 26
270 253
281 176
170 69
278 4
131 4
293 67
38 20
202 185
192 41
231 56
107 65
152 42
205 131
280 174
237 138
114 88
147 145
298 119
222 172
236 116
279 147
55 33
148 118
255 31
247 81
265 17
192 156
64 19
156 86
190 15
162 0
229 54
291 48
185 72
158 22
142 56
166 45
209 153
97 0
156 57
207 25
215 133
109 11
298 82
183 65
245 40
110 16
242 22
211 84
187 172
221 39
219 142
271 28
185 63
260 202
203 11
283 85
107 58
289 187
219 192
262 82
253 236
75 28
122 112
116 73
238 89
282 39
206 6
132 48
201 194
233 130
273 71
236 5
212 78
149 51
252 199
133 40
253 116
222 41
225 15
231 30
169 112
112 47
142 136
200 130
158 143
224 156
121 23
296 207
270 195
180 39
287 134
228 94
221 165
207 170
128 53
134 64
68 67
297 296
164 65
58 12
9 6
288 66
217 16
255 223
107 74
214 35
274 213
254 218
212 210
273 103
250 80
283 37
222 109
258 133
191 57
297 56
229 148
193 185
282 99
69 35
42 2
271 230
75 42
193 18
298 74
168 90
234 62
97 64
234 34
179 176
236 97
295 14
65 32
169 65
181 104
135 81
239 158
256 241
170 112
6 3
299 120
80 57
195 41
241 64
112 66
142 26
218 60
294 214
207 135
80 18
38 16
171 86
227 216
285 84
177 162
286 126
285 80
175 39
24 23
271 205
213 193
243 119
275 236
279 219
272 147
119 116
252 157
114 53
287 116
192 141
298 229
243 180
175 0
109 27
190 118
218 172
260 17
161 23
249 182
274 133
78 71
91 71
278 250
275 206
164 34
233 119
129 127
247 62
175 40
135 97
87 40
139 36
254 208
194 113
251 8
78 39
244 140
244 66
187 168
274 77
183 15
284 2
270 213
151 70
132 119
7 1
283 142
292 107
240 125
263 231
236 46
240 94
295 273
247 47
222 82
281 195
84 71
66 47
252 162
250 201
152 148
59 55
280 9
63 56
91 49
43 35
240 92
167 60
286 148
285 155
168 34
296 11
166 6
130 20
284 72
145 98
178 85
199 162
103 33
249 186
272 151
205 40
254 127
217 156
232 173
161 140
152 81
247 7
219 26
257 206
249 71
176 123
200 179
180 93
225 10
131 98
169 66
220 179
262 261
176 135
252 66
281 99
166 163
208 120
295 83
191 1
114 74
202 120
244 172
290 64
198 183
140 87
201 108
106 84
101 70
148 67
171 39
139 86
280 247
148 122
99 79
254 116
290 165
234 120
194 175
173 152
187 3
222 200
118 97
143 120
254 21
152 46
202 22
277 57
275 170
148 19
129 84
229 44
235 74
247 232
149 100
208 41
209 5
99 0
238 56
111 56
86 34
107 87
250 54
147 39
61 57
248 176
101 0
293 98
283 167
138 17
110 20
297 228
88 76
248 160
219 70
190 51
216 12
257 144
251 119
262 2
169 165
202 192
267 44
241 123
232 221
216 189
141 24
149 92
291 260
250 51
256 178
291 189
224 154
287 243
187 170
178 8
238 190
225 176
235 5
257 208
23 4
276 0
241 228
232 193
286 123
141 28
214 156
268 8
298 100
249 201
69 45
227 148
180 113
177 60
141 91
259 130
194 76
215 199
167 23
201 181
220 105
61 42
246 110
294 63
289 83
242 14
232 136
231 130
102 0
135 3
178 50
192 13
216 184
184 110
201 33
178 174
230 44
219 39
133 126
104 89
76 47
141 33
171 129
144 21
140 127
99 30
291 168
251 206
269 182
201 38
276 176
184 128
201 112
286 150
256 113
268 32
200 112
281 259
223 124
71 44
282 146
193 47
257 243
229 58
282 11
43 4
291 59
259 250
102 14
258 41
282 119
157 24
212 158
148 36
272 180
235 4
273 146
228 102
248 46
230 9
140 78
272 61
234 88
275 168
245 137
275 123
221 173
94 19
76 71
299 148
125 20
227 204
222 188
97 73
133 123
268 158
204 159
185 143
243 216
84 30
18 2
191 96
42 21
250 115
249 203
185 47
132 73
128 78
253 247
150 8
299 186
58 21
239 159
48 13
205 181
201 168
184 42
282 202
39 32
185 17
288 269
282 158
251 101
180 123
119 110
291 239
180 67
269 24
281 45
189 121
270 247
148 82
103 68
68 36
118 31
179 164
228 155
267 185
224 38
193 118
248 29
265 48
264 166
264 121
265 109
258 246
197 174
299 220
211 47
118 89
149 125
159 133
203 78
262 71
268 40
278 64
206 137
297 273
281 86
146 46
124 62
256 252
129 14
251 80
283 22
287 97
208 57
284 49
268 196
167 131
254 183
210 73
47 38
214 127
264 43
188 44
271 179
136 48
116 6
285 224
231 51
257 214
179 98
244 55
73 62
146 5
274 60
274 66
190 117
40 24
291 45
237 92
219 27
209 169
191 189
174 168
110 30
169 3
182 56
198 61
122 29
269 123
172 141
266 188
296 153
231 218
217 98
287 133
115 90
290 15
144 101
78 46
211 193
86 42
233 100
185 172
224 142
284 234
44 21
211 74
38 30
299 297
297 95
161 151
154 152
248 40
243 177
154 54
253 244
159 155
93 67
248 163
151 39
152 115
193 154
292 2
83 7
266 84
245 105
287 115
201 142
298 198
238 168
150 105
158 60
232 127
203 56
171 105
193 54
276 20
251 115
87 57
240 205
97 45
191 94
283 246
170 20
166 89
283 10
95 84
256 75
259 253
249 68
131 47
184 76
126 87
235 137
148 62
274 120
204 71
288 60
271 183
266 62
101 44
269 201
278 275
286 135
259 74
184 157
256 224
231 39
243 144
295 139
134 120
232 20
275 172
144 5
127 2
289 4
125 38
220 81
173 116
144 95
270 123
292 210
176 174
290 90
127 26
239 137
187 67
232 191
288 121
173 18
288 214
46 31
246 89
177 69
273 41
235 0
236 106
105 47
42 12
94 75
48 5
45 18
246 175
283 192
80 30
281 256
262 214
260 76
283 52
242 15
115 20
159 64
149 40
232 45
46 33
31 10
297 289
182 2
254 35
201 18
247 31
180 80
182 162
103 34
255 157
290 50
221 75
160 130
262 160
166 13
296 250
280 93
226 195
30 0
274 15
235 30
74 22
236 149
115 1
253 182
72 58
245 234
116 37
195 144
151 62
157 102
240 65
132 4
251 171
262 180
277 185
299 192
115 92
256 213
142 70
113 50
207 32
210 68
287 59
243 93
263 132
203 201
157 19
95 28
205 142
136 108
292 105
294 206
176 58
149 35
184 49
289 96
195 159
48 7
138 21
222 157
259 17
197 194
35 9
270 35
275 110
247 48
220 85
49 36
136 72
168 128
104 79
293 62
224 140
271 268
261 65
257 22
202 196
68 10
133 2
271 270
114 6
229 16
232 217
287 45
264 102
225 188
224 29
99 73
263 140
165 152
171 22
239 177
272 97
244 144
189 144
277 103
244 125
259 232
186 46
251 224
198 91
151 84
144 136
286 257
239 218
213 82
167 139
285 47
179 84
107 24
164 76
270 255
232 122
298 175
215 96
201 188
124 7
295 120
68 54
226 97
79 45
59 20
154 22
153 91
241 94
266 71
103 39
251 178
231 125
261 217
166 79
212 147
204 82
273 75
282 280
132 24
287 66
285 188
275 181
279 233
212 118
84 28
292 231
295 34
228 137
252 96
154 2
178 11
153 142
187 63
271 181
208 161
159 44
65 0
225 129
281 211
140 139
34 1
107 64
66 41
170 145
112 19
288 166
137 44
243 104
252 72
168 116
270 63
235 89
99 96
251 132
164 144
298 62
221 185
167 74
227 16
205 95
238 107
113 36
199 18
287 67
261 70
223 62
211 172
272 231
196 185
108 63
199 89
57 13
262 102
260 211
167 100
252 164
279 213
244 30
247 185
299 23
130 99
259 73
280 118
209 128
266 43
50 48
112 71
229 147
86 12
235 75
211 130
59 31
73 71
167 62
277 264
198 129
299 222
166 159
233 65
226 72
233 170
174 93
218 52
151 90
155 93
242 33
226 186
96 66
277 11
244 153
125 84
199 86
87 39
187 178
185 174
283 58
294 230
223 143
132 102
128 106
65 20
234 177
245 24
148 32
297 172
163 83
200 59
181 49
28 13
108 104
113 52
69 65
126 125
286 263
277 116
239 82
146 75
269 240
248 140
133 130
218 191
191 43
176 117
240 143
180 31
119 47
64 40
214 84
33 16
124 117
236 13
270 211
189 111
291 170
248 221
260 43
135 50
299 33
238 116
297 199
207 59
132 3
119 89
60 40
210 169
221 65
249 233
93 29
221 35
143 62
168 27
289 98
197 13
191 2
255 109
171 70
235 62
171 68
231 105
202 181
107 33
263 14
293 74
264 111
112 6
227 89
215 57
265 220
56 30
131 40
246 75
206 178
295 264
254 139
123 58
115 24
248 245
203 47
67 31
216 68
278 1
165 107
265 111
87 43
275 270
217 215
79 50
226 76
244 232
294 221
93 45
298 77
88 56
253 85
275 247
279 16
224 63
275 102
226 197
173 33
148 3
182 164
160 45
108 103
112 14
224 23
149 87
199 65
129 103
199 68
288 165
268 171
245 121
288 174
299 211
275 94
272 2
200 189
244 220
241 129
255 177
260 218
201 107
218 173
59 10
165 92
285 70
219 151
292 151
49 12
216 126
273 49
266 149
132 62
114 11
234 226
119 53
236 214
230 190
299 124
216 142
143 126
249 151
147 109
267 121
202 63
222 147
292 63
199 5
292 240
291 237
263 122
114 40
297 264
293 223
225 178
149 31
298 18
233 144
288 62
283 250
263 25
168 101
170 89
33 10
193 75
182 48
287 161
172 29
283 102
209 44
290 259
283 257
58 56
116 1
101 91
194 41
197 140
281 220
243 3
155 19
210 155
248 166
78 53
228 86
105 29
244 139
290 59
232 66
285 86
297 80
258 153
228 157
172 114
44 36
132 110
213 56
120 81
227 133
120 66
260 57
206 52
159 126
224 102
293 79
99 33
173 23
106 29
283 115
212 128
299 104
255 181
190 64
298 110
120 106
219 45
144 141
170 54
74 64
296 91
242 122
124 121
186 63
197 73
299 155
281 173
219 172
81 7
244 72
268 159
221 12
293 47
169 70
277 272
294 46
265 162
291 138
294 191
212 187
150 88
291 158
74 70
292 109
93 46
69 23
130 112
85 4
161 55
288 242
82 41
57 48
151 117
151 121
237 45
275 193
258 231
286 138
175 104
162 50
226 1
160 84
294 160
287 280
138 66
213 52
286 128
189 174
199 182
268 116
105 82
276 213
282 163
250 213
260 181
295 51
275 104
218 150
247 73
76 11
263 43
213 183
184 48
220 189
183 30
265 7
265 6
123 45
249 143
271 67
215 112
297 151
97 16
245 226
217 208
236 67
24 14
191 11
234 45
126 64
241 191
254 219
274 175
254 66
262 138
237 176
215 24
254 37
293 36
166 29
168 120
273 225
297 18
242 233
191 166
278 72
221 139
243 36
255 54
244 107
263 134
299 73
136 127
242 137
205 22
211 187
291 129
172 62
244 242
80 48
218 101
135 95
262 12
269 38
286 75
149 137
171 107
256 152
266 223
281 239
284 20
224 141
237 111
223 152
29 12
3 0
264 161
219 163
241 209
136 62
234 25
194 122
46 32
219 204
236 82
167 16
283 113
240 39
290 141
246 72
198 44
208 126
231 158
297 207
268 256
194 8
50 15
165 91
295 78
241 231
135 10
163 133
243 156
206 111
282 204
279 93
193 31
266 230
151 56
194 73
247 26
281 95
196 45
132 58
81 52
200 124
108 68
183 181
255 251
238 212
232 169
234 191
213 158
95 34
158 66
65 41
241 128
260 242
269 9
290 256
6 1
221 25
176 129
274 171
259 252
196 184
253 89
270 111
288 125
153 61
240 126
200 178
253 142
181 96
249 235
237 144
265 183
164 33
149 5
107 68
170 74
157 142
279 152
266 203
242 214
197 188
148 40
139 111
243 47
245 116
243 16
160 120
249 70
216 93
266 93
235 86
253 250
69 67
264 37
216 78
163 128
236 71
268 265
137 21
200 27
211 55
195 189
283 229
213 12
255 178
116 2
277 239
162 87
142 123
230 99
102 55
296 200
121 59
241 14
165 96
292 229
249 102
35 3
236 133
133 22
297 42
93 47
96 29
197 27
264 109
275 44
287 238
295 191
215 2
109 48
267 23
258 13
192 136
13 0
274 265
208 62
283 248
271 116
166 140
53 46
263 111
251 30
297 211
273 257
235 187
290 29
249 78
166 143
176 163
211 109
105 2
108 6
237 16
59 52
163 118
213 49
170 165
61 4
164 52
116 9
112 109
223 207
132 112
14 13
161 40
195 100
215 45
230 75
213 77
162 118
240 133
277 276
258 119
211 114
222 220
222 119
100 83
96 24
131 128
214 196
108 72
284 139
291 200
211 85
197 46
271 225
291 76
88 37
169 51
133 93
281 113
117 11
208 113
240 141
76 70
167 165
286 36
260 2
280 184
277 190
227 214
275 226
241 5
53 1
153 115
107 103
176 160
198 107
92 40
276 49
54 38
264 241
262 212
42 35
236 65
292 76
236 144
276 77
227 138
199 17
252 216
112 32
171 83
189 181
272 112
292 208
241 8
57 51
243 161
231 194
