320 32 300 2500
297 201
227 68
85 23
247 220
303 75
317 115
192 112
240 208
233 87
256 7
313 273
315 310
27 10
248 13
232 139
257 107
242 10
132 15
200 23
181 92
254 104
122 7
218 42
68 40
316 78
63 29
281 67
209 109
311 41
264 103
118 104
313 248
248 22
250 117
244 243
92 62
243 42
287 239
160 116
250 101
278 262
180 111
283 179
244 166
215 200
111 66
236 36
281 32
135 131
227 35
281 143
35 5
180 170
215 136
269 140
235 109
130 123
78 32
178 42
100 54
255 175
257 51
228 11
212 103
40 5
282 164
104 28
86 8
267 202
126 100
280 268
170 43
214 89
224 156
192 52
203 196
167 52
226 102
202 44
120 16
239 187
170 30
128 2
196 142
91 9
224 165
105 17
272 97
32 10
129 20
137 117
270 54
170 51
265 125
286 70
192 160
245 15
172 133
222 59
126 10
230 156
258 57
107 43
215 191
123 94
264 44
249 146
95 72
299 83
180 59
235 3
259 87
167 122
256 169
239 177
282 155
216 27
211 183
275 158
294 229
238 12
123 70
172 6
147 28
207 19
195 94
88 61
169 132
243 104
289 126
261 105
239 38
218 75
199 173
217 36
255 76
228 82
171 81
266 35
140 36
89 67
165 117
279 131
175 112
243 44
296 14
51 19
135 48
200 120
193 162
183 30
260 83
284 154
232 100
241 125
75 71
22 6
290 16
74 30
182 113
194 147
282 17
234 62
145 78
265 185
120 7
132 2
277 36
165 17
152 16
266 137
203 0
116 3
179 171
212 188
206 16
74 44
91 66
276 45
293 52
201 154
274 148
175 43
206 27
287 172
63 7
266 76
222 143
232 117
292 111
184 58
255 97
291 51
153 49
215 139
243 102
189 84
287 252
58 4
251 204
283 30
290 284
205 90
147 13
170 58
296 236
208 159
212 198
168 150
223 210
280 260
217 184
294 85
175 25
272 234
123 40
179 31
190 15
245 58
219 37
202 42
259 136
167 78
216 57
290 78
51 25
206 156
93 89
286 14
180 137
215 96
285 268
208 97
147 103
135 75
195 22
159 75
230 147
230 49
240 51
227 184
294 207
293 189
204 167
230 160
158 154
149 77
271 191
236 218
143 16
214 162
192 185
261 106
193 43
20 11
242 98
144 96
210 190
256 206
58 21
84 10
281 146
231 153
288 114
281 127
168 154
289 98
118 104
225 176
170 74
293 3
237 10
280 220
284 182
288 101
230 36
263 182
235 200
266 109
232 225
243 208
202 200
200 62
198 126
235 222
120 63
255 156
276 171
193 88
214 52
176 163
247 210
273 226
218 146
271 41
291 98
149 58
229 15
162 105
229 189
296 164
190 121
225 107
263 254
216 78
136 25
263 52
23 11
251 33
53 19
176 107
252 219
263 235
163 73
184 125
184 1
100 4
190 83
130 112
183 182
226 75
199 118
153 138
289 38
280 270
237 26
215 22
290 287
202 89
129 54
276 147
136 127
296 16
172 4
135 129
295 265
290 59
211 23
281 57
118 20
260 133
271 196
272 147
282 54
122 92
187 155
201 89
195 47
95 0
137 37
289 21
76 36
286 159
113 41
135 119
28 20
247 196
131 106
237 190
290 95
110 23
265 247
256 179
180 31
190 182
46 20
176 99
191 13
185 127
136 52
96 14
203 72
255 150
143 72
256 120
267 230
241 46
264 17
263 90
263 207
114 81
255 109
290 125
265 197
285 209
72 25
219 196
283 236
250 135
192 67
78 36
57 43
260 178
58 25
269 218
287 274
191 35
24 1
282 227
50 4
69 30
193 178
292 209
258 2
278 31
185 182
119 12
100 63
241 238
243 99
208 195
64 31
293 228
294 177
268 111
95 60
158 117
216 148
215 147
196 92
183 13
207 99
178 81
228 80
144 0
155 77
299 20
79 43
170 44
277 126
147 78
234 31
281 173
278 196
263 165
223 207
176 71
264 260
203 37
119 98
65 23
243 27
245 162
89 4
68 42
282 69
137 130
254 234
238 158
278 99
202 55
258 221
202 119
123 62
226 105
235 146
205 2
99 59
253 139
247 25
233 58
252 203
272 239
229 38
284 159
167 23
119 96
173 160
177 90
280 262
131 43
234 125
164 156
24 2
137 23
80 41
263 246
242 129
215 133
72 2
178 19
100 85
199 182
172 20
267 85
249 127
77 59
233 1
244 18
284 26
115 52
244 232
289 41
252 166
195 177
208 158
167 116
267 225
173 92
121 3
236 133
192 7
276 176
276 21
261 226
151 130
223 125
104 74
199 187
166 121
200 158
197 98
248 84
191 64
212 201
132 4
109 53
281 18
248 73
226 171
163 102
196 3
199 2
231 39
285 114
291 87
82 71
273 22
294 66
299 5
249 105
292 9
255 140
81 72
246 197
200 147
209 178
122 17
283 77
75 48
290 98
224 103
210 173
107 40
205 38
195 25
154 66
295 28
165 121
128 5
234 44
79 78
292 193
262 219
261 224
51 34
242 230
193 76
122 105
149 94
250 62
94 5
109 6
295 159
199 114
52 31
294 54
279 74
285 30
247 245
66 32
261 133
274 43
254 136
207 170
176 36
105 96
273 182
269 172
263 9
269 254
42 27
144 82
178 69
204 157
284 28
270 1
232 19
229 34
192 85
224 181
259 145
201 30
161 73
273 103
139 89
298 292
70 50
187 9
117 97
85 41
224 71
69 0
268 66
210 208
255 116
211 179
238 207
240 145
168 151
125 26
227 8
107 1
73 72
67 12
142 107
292 115
100 29
175 77
219 53
211 207
251 145
22 4
260 204
98 51
210 47
172 82
94 73
231 189
261 171
224 6
48 22
222 4
259 230
237 229
143 127
294 219
96 26
261 154
193 142
259 91
265 148
280 199
190 154
287 169
230 52
120 72
266 263
262 245
190 137
167 21
270 4
237 62
93 77
165 77
29 10
234 170
297 294
112 111
276 159
243 188
201 122
243 4
99 57
257 183
101 26
148 2
245 90
44 24
297 68
220 29
201 103
156 78
126 24
173 84
185 117
289 124
262 57
93 76
245 205
144 98
104 9
230 216
256 29
209 8
224 41
143 32
210 104
142 36
72 1
284 160
25 2
266 164
290 26
255 87
262 246
276 248
283 245
288 105
253 205
285 255
114 83
268 213
219 24
261 14
284 207
256 197
281 140
295 47
238 180
247 155
291 255
108 59
250 21
294 222
227 199
263 171
132 79
14 2
230 154
44 43
66 55
134 88
214 49
210 28
58 20
283 229
241 98
250 202
277 264
62 43
174 9
161 32
107 21
271 70
140 113
243 242
175 48
230 139
242 217
262 167
277 153
284 137
215 189
264 6
251 73
290 216
180 177
200 34
192 120
240 90
172 162
286 115
190 177
260 134
281 264
255 84
260 128
258 204
226 163
266 142
144 106
221 79
280 266
262 180
284 33
111 34
197 118
266 83
203 31
167 56
228 53
51 12
153 69
256 79
279 30
107 84
274 47
249 66
195 39
258 29
226 41
253 216
103 94
291 129
213 66
217 158
226 212
201 146
274 171
297 41
284 269
203 61
257 103
249 158
242 204
290 263
91 44
284 184
156 82
224 185
205 75
34 18
105 30
200 94
288 88
263 245
138 114
91 64
243 52
223 89
251 24
250 48
145 82
257 119
208 129
244 101
204 66
100 20
247 48
136 37
188 135
261 13
12 1
280 33
274 156
244 119
141 135
115 75
174 137
270 217
237 185
172 155
288 136
186 169
260 56
153 37
112 50
177 53
180 64
228 175
203 169
227 152
264 239
253 206
223 126
195 69
201 148
209 108
44 35
270 166
148 110
273 101
219 49
245 146
250 167
284 59
206 17
228 131
142 50
148 95
146 17
122 104
118 59
129 63
216 50
214 53
295 38
254 83
156 75
223 44
194 142
208 172
15 14
288 192
233 0
212 104
198 82
176 103
296 190
95 37
165 134
296 60
269 83
178 84
220 174
207 203
258 207
116 74
221 132
195 159
80 66
260 78
227 95
285 161
263 73
281 48
144 65
228 6
224 20
152 60
179 69
128 55
257 33
222 192
158 77
128 4
229 163
156 152
201 171
146 113
231 222
98 33
222 151
129 43
242 5
254 105
141 97
282 37
43 34
203 102
198 149
296 261
237 186
157 119
128 68
179 0
259 125
169 101
161 67
38 5
267 61
201 147
235 102
226 144
117 94
297 219
291 207
222 108
93 86
237 192
286 193
169 50
76 52
169 109
89 11
299 234
184 26
241 72
269 152
219 160
265 140
119 26
201 76
277 12
161 114
245 126
157 85
229 16
178 54
87 51
214 208
136 129
229 18
243 141
290 180
263 134
223 7
224 213
246 27
283 4
279 129
156 106
185 165
233 169
56 28
221 43
151 52
96 34
227 37
181 119
240 98
181 31
274 123
282 9
163 27
112 56
295 145
215 7
93 33
90 74
46 29
152 5
290 121
254 38
54 27
219 36
244 151
192 41
229 173
150 34
241 178
260 117
113 62
213 128
281 178
224 12
284 179
169 123
273 252
216 186
208 35
123 118
236 215
292 261
244 44
135 111
197 90
116 35
265 180
250 150
274 131
282 35
294 2
194 6
187 126
270 245
54 46
281 265
94 51
208 21
82 81
278 227
290 255
145 23
158 75
55 53
285 141
68 23
130 65
92 46
220 155
270 92
116 16
294 62
295 235
155 109
269 97
187 132
80 22
243 145
261 39
279 216
111 97
251 119
194 75
278 273
247 47
172 95
102 99
187 70
211 15
259 104
79 47
157 65
266 145
125 120
106 72
137 93
260 116
156 111
181 126
211 34
249 97
90 78
224 94
186 136
181 110
141 86
49 6
146 102
233 8
280 64
257 201
119 36
262 106
246 47
281 235
139 83
166 43
227 149
112 91
102 61
272 142
226 45
137 12
110 70
53 7
174 120
220 188
190 126
279 124
230 23
96 62
217 118
268 102
193 5
86 32
257 6
208 68
152 52
229 96
234 132
299 177
225 196
159 14
248 209
295 258
148 102
28 24
262 30
206 187
256 221
266 50
181 127
237 188
122 85
143 109
141 48
207 106
284 261
110 3
272 59
66 50
176 164
145 59
150 52
146 25
175 143
158 84
82 9
28 21
241 111
102 51
212 185
284 212
170 101
64 55
250 44
247 34
19 8
170 109
192 167
103 2
151 71
243 21
186 126
180 5
205 191
277 199
80 0
200 14
294 12
247 41
82 73
180 158
84 59
173 79
187 73
141 114
220 60
239 13
146 63
155 98
145 58
297 176
251 169
45 43
272 201
260 0
256 184
229 87
235 126
239 5
244 112
180 84
111 82
251 97
218 192
240 183
207 163
268 6
191 40
206 81
208 124
190 80
258 63
289 173
215 137
145 107
124 56
261 114
259 120
157 152
268 22
254 8
270 218
179 66
217 63
266 144
198 70
267 110
220 42
171 44
269 2
219 69
287 29
269 153
272 60
189 58
249 65
277 188
205 129
212 125
195 89
236 85
6 5
173 60
216 163
139 108
266 259
277 44
241 163
277 107
185 87
269 165
241 54
244 210
236 63
268 17
79 23
233 22
247 120
246 89
247 170
267 129
89 74
219 95
287 118
252 134
285 216
144 133
269 128
227 77
268 159
298 140
160 146
109 19
196 183
171 82
298 45
150 62
256 190
221 188
244 9
131 24
240 184
288 246
141 65
167 65
233 143
145 45
289 222
235 68
130 59
115 27
276 18
225 130
198 95
168 16
76 55
187 125
222 43
212 48
183 75
221 218
186 168
289 149
213 184
81 38
157 67
117 68
238 229
255 22
272 216
270 24
158 149
258 142
266 44
173 10
192 20
158 123
144 78
221 78
238 216
64 52
282 90
245 27
276 23
193 10
172 42
294 265
107 32
270 108
102 35
142 88
163 95
144 90
183 81
244 231
218 174
245 67
243 101
169 15
171 118
103 21
299 204
243 15
122 14
46 19
261 16
218 118
99 64
80 10
227 105
101 40
283 144
206 185
276 62
173 2
60 39
200 176
20 8
277 80
219 172
231 145
142 23
230 214
133 101
278 24
283 242
293 78
206 73
266 152
262 84
289 80
285 92
172 128
236 135
185 114
124 1
256 116
209 63
98 53
261 176
33 27
66 5
143 20
180 52
164 103
204 154
80 70
220 200
199 157
270 97
281 205
296 208
226 170
222 25
248 20
169 23
234 117
275 225
226 57
189 56
25 15
216 150
296 74
279 66
207 86
242 105
55 26
224 23
180 11
226 109
299 179
217 172
128 23
281 160
172 145
112 22
221 105
275 184
188 108
123 4
278 47
97 28
265 86
288 245
292 254
156 28
178 50
134 94
248 151
57 25
193 57
175 30
284 172
166 141
269 7
94 4
191 99
163 6
277 149
297 238
228 186
297 64
202 61
248 240
286 61
31 5
240 154
257 213
122 121
208 72
203 87
285 21
282 85
199 100
58 41
225 73
195 56
272 75
133 21
296 128
181 12
278 135
199 68
268 37
249 124
256 255
271 126
104 55
254 232
207 14
270 67
247 73
243 24
270 31
208 29
192 170
251 203
208 107
195 9
197 174
158 76
233 69
104 54
42 37
291 190
198 98
266 195
253 151
114 16
263 143
285 243
148 60
237 202
263 204
238 53
285 46
256 74
261 25
191 48
275 151
208 19
147 74
42 21
234 151
26 8
97 89
128 64
40 39
246 3
135 36
198 36
256 55
168 29
224 139
159 115
203 179
160 81
298 119
251 239
173 71
230 109
274 187
106 22
240 148
149 87
296 29
269 23
246 203
175 16
197 134
217 146
168 108
156 20
283 130
102 60
166 63
124 35
138 65
287 225
40 25
269 48
266 93
209 154
197 65
268 64
144 60
105 66
252 1
56 44
186 143
277 161
153 100
278 108
257 225
37 20
168 147
262 192
72 11
205 76
266 121
256 20
237 49
74 33
208 170
92 38
128 37
187 55
154 48
260 161
230 65
185 12
147 32
291 256
243 156
285 206
252 163
267 256
249 75
268 5
80 33
215 162
230 169
276 151
276 50
184 121
241 25
194 93
220 52
299 4
294 115
143 132
180 32
267 193
290 5
231 8
150 63
284 9
116 111
264 80
284 169
114 109
43 41
59 30
189 158
265 91
270 50
231 138
285 223
126 113
36 7
191 101
25 0
158 78
276 268
92 84
162 50
149 21
161 72
116 38
219 176
51 40
272 187
193 96
221 71
246 223
266 226
50 13
292 133
267 40
194 107
284 156
155 64
165 7
284 174
174 39
274 207
31 20
203 120
216 125
267 77
283 17
192 142
252 74
114 89
194 133
297 93
232 202
133 75
112 32
137 30
208 109
201 55
189 172
278 248
172 65
120 50
138 124
105 65
262 220
140 79
268 100
122 53
159 145
164 84
269 131
109 86
267 93
280 176
256 87
228 38
272 12
269 20
241 45
234 74
125 63
162 95
152 100
184 144
255 236
119 69
262 39
237 176
127 20
178 120
180 148
49 41
102 94
204 3
287 24
214 106
183 138
250 43
214 213
273 269
207 6
207 152
101 21
257 216
266 105
231 206
146 41
290 83
208 166
113 27
245 215
285 221
221 69
289 72
291 59
270 8
201 198
142 70
222 193
152 76
218 196
85 54
211 10
226 197
241 177
221 185
247 56
32 8
56 39
72 61
183 132
246 138
89 23
131 126
99 56
298 283
106 18
135 94
275 170
125 115
200 40
176 150
280 87
210 39
200 63
59 7
263 154
195 32
68 66
248 182
149 146
160 126
251 5
259 108
175 174
154 86
283 205
295 98
254 227
265 237
165 54
193 145
269 180
169 21
154 17
279 78
277 98
272 167
265 96
202 110
240 89
139 20
75 63
215 142
188 119
51 0
208 101
266 87
270 29
279 104
145 110
61 16
248 36
151 57
258 126
241 14
86 31
270 65
215 182
116 9
205 103
234 158
236 43
114 42
263 135
120 33
175 113
292 291
256 240
227 138
171 71
232 161
108 55
156 54
209 150
226 190
54 5
149 111
183 105
103 80
252 186
232 92
165 137
290 2
81 39
190 4
283 55
255 16
52 16
181 21
114 0
265 29
292 60
159 107
220 111
249 207
197 185
242 221
254 128
247 50
288 148
252 129
111 47
211 13
132 122
138 12
233 57
197 77
139 85
79 64
288 203
237 151
158 4
272 117
282 108
253 179
183 16
126 124
142 61
287 195
222 38
197 157
189 188
178 131
124 28
146 5
232 149
135 128
178 29
106 19
292 22
211 153
214 164
254 194
290 110
232 81
264 117
124 8
279 195
183 168
118 12
159 29
264 181
95 22
220 185
261 31
265 248
209 121
268 227
199 13
122 35
214 74
269 211
193 134
140 139
194 1
79 29
147 98
291 236
178 177
207 78
217 55
182 159
142 69
256 35
207 156
218 127
266 207
271 248
282 10
276 160
17 10
232 162
168 55
219 56
136 94
220 143
236 69
175 12
286 110
196 155
252 195
270 204
119 52
266 177
231 95
238 183
126 56
277 152
287 4
158 100
74 11
167 153
196 120
187 181
170 131
179 63
216 97
51 39
184 139
274 9
170 158
92 59
105 48
101 67
290 207
160 6
226 104
276 234
176 100
283 196
45 16
111 102
267 190
163 152
291 118
201 192
259 229
263 77
233 74
290 69
14 5
14 1
246 146
216 70
227 206
241 6
191 132
38 33
184 169
162 30
275 270
191 123
201 48
98 91
285 194
227 10
82 35
210 35
291 136
90 67
255 146
195 97
107 66
183 79
286 93
257 27
218 95
62 46
299 130
219 215
255 229
259 112
274 68
295 289
142 67
258 257
229 169
65 34
226 220
96 53
122 29
161 65
41 17
282 163
55 23
60 32
261 63
232 135
290 75
83 52
239 92
248 179
222 191
269 95
205 96
220 81
285 260
192 13
207 90
257 49
276 5
288 166
211 32
293 104
101 15
164 116
243 202
241 93
234 86
264 201
142 65
288 198
294 201
195 40
230 116
129 46
139 81
163 61
125 103
225 49
281 211
212 177
127 53
240 67
279 226
215 140
168 125
256 214
146 140
282 12
225 3
115 43
248 143
92 68
150 90
237 15
238 87
248 147
190 88
299 73
209 172
142 29
172 63
294 129
18 6
120 65
197 55
129 16
213 145
116 101
145 36
151 113
137 34
239 100
216 24
83 26
242 127
154 74
269 0
244 33
256 21
289 34
219 111
192 134
178 103
69 1
194 176
69 29
250 70
85 40
190 123
294 233
226 178
227 222
259 254
183 70
70 55
57 0
188 63
230 153
299 89
279 190
97 36
115 77
181 113
294 275
297 112
41 1
234 64
209 144
148 81
282 126
230 1
247 147
165 149
163 52
163 46
274 191
172 31
277 265
98 49
289 160
223 135
289 235
286 82
225 124
55 45
255 218
273 205
217 117
180 9
157 64
201 13
133 4
222 121
189 141
131 47
156 0
286 234
89 5
232 201
214 57
218 116
271 92
167 163
275 27
262 252
162 81
273 34
54 19
275 235
261 137
283 71
123 37
138 99
292 29
247 69
70 56
200 106
67 13
112 1
225 102
237 51
176 136
139 50
280 104
234 94
270 145
93 81
190 129
296 192
50 14
195 154
273 123
259 85
143 47
245 200
142 138
96 77
276 64
74 57
94 11
279 60
170 85
92 9
288 170
204 91
275 102
143 36
32 7
174 70
203 64
282 26
175 0
221 8
264 107
221 100
199 91
257 17
241 220
248 194
252 31
286 35
88 75
295 247
239 101
176 162
91 15
196 194
244 186
287 58
167 53
115 1
108 81
95 57
214 60
241 59
297 90
142 113
206 205
247 183
87 83
287 41
182 152
240 230
157 78
66 25
126 66
258 81
292 199
163 160
199 133
188 83
291 281
229 57
223 221
258 212
47 29
274 204
234 6
182 9
212 179
134 29
136 132
175 68
276 247
216 112
191 32
288 243
288 283
157 35
191 152
225 10
115 33
276 44
197 122
289 61
143 113
52 45
199 105
220 54
292 43
263 127
267 141
294 8
199 35
254 241
115 17
136 65
148 50
266 220
247 153
270 72
150 102
243 180
185 50
82 27
167 121
217 97
239 127
101 83
228 139
298 143
296 294
132 0
141 22
277 125
150 87
92 47
286 173
246 172
67 40
225 2
244 114
234 155
256 243
257 74
282 44
99 91
258 173
131 64
65 20
178 36
277 231
255 41
113 88
130 97
234 149
191 134
293 65
244 224
295 137
136 72
99 52
218 142
287 190
247 126
271 269
83 23
275 218
178 101
178 76
204 174
154 2
255 56
291 138
77 67
293 183
280 218
82 31
278 36
140 123
155 48
4 0
271 91
148 12
90 59
216 15
264 218
103 22
235 22
139 23
175 50
287 131
242 33
137 59
96 39
172 18
151 131
116 11
140 71
267 103
195 63
276 225
279 154
283 8
119 91
222 29
281 0
188 43
202 29
243 161
56 0
266 141
202 22
186 109
299 281
284 275
286 142
216 6
160 124
200 61
260 63
189 92
163 97
229 79
242 62
198 0
278 13
274 244
140 57
294 82
293 134
233 214
248 231
231 49
270 122
218 122
193 112
166 164
180 6
129 21
243 23
266 62
94 49
221 15
291 287
159 126
74 58
95 51
215 199
254 90
235 78
222 201
272 269
194 92
158 108
204 40
265 211
155 74
78 3
220 86
165 128
247 32
207 149
173 43
186 130
182 19
116 30
276 119
269 100
203 178
124 82
287 244
178 44
176 80
171 167
257 238
120 34
243 64
232 200
126 35
216 141
158 95
79 16
207 65
265 251
84 58
175 111
260 44
239 60
179 53
262 201
23 19
166 135
206 88
52 19
176 53
58 32
237 228
295 230
132 54
286 189
161 139
168 64
245 120
160 28
271 239
283 263
186 118
203 74
214 41
210 87
232 121
244 109
218 126
123 56
180 104
213 177
41 16
183 90
167 80
245 110
37 30
162 68
214 23
124 13
235 209
39 4
117 93
218 82
256 85
280 159
41 10
85 0
290 178
90 2
139 68
289 77
269 262
56 45
238 69
282 267
148 24
171 169
183 164
188 80
126 25
299 133
108 78
49 28
245 154
272 1
66 57
178 31
73 28
199 160
216 172
254 207
244 240
142 106
276 175
278 221
175 18
176 22
265 174
186 77
113 11
255 68
280 26
264 165
221 163
219 74
220 3
296 3
200 123
83 67
273 53
197 108
197 48
180 169
84 77
292 10
225 146
263 214
214 3
227 137
246 191
188 157
203 149
258 190
224 17
260 188
89 31
256 131
287 7
276 48
65 21
92 55
235 140
79 30
103 43
263 1
286 249
250 181
265 1
241 171
272 102
138 128
187 16
235 133
100 43
