340 34 300 2500
297 201
227 68
332 167
247 220
303 75
317 115
192 112
324 203
233 87
256 7
313 273
315 310
27 10
248 13
232 139
257 107
242 10
327 27
200 23
181 92
254 104
122 7
218 42
68 40
316 78
63 29
281 67
209 109
311 41
264 103
118 104
324 87
253 134
67 44
270 201
157 131
254 146
185 65
260 71
211 145
211 206
209 196
174 25
177 105
108 73
189 170
275 6
270 88
169 152
87 28
272 252
146 33
121 118
240 203
258 104
192 113
134 63
255 213
271 46
294 62
234 19
201 16
200 194
259 204
226 109
165 74
287 80
69 32
247 188
270 179
283 194
90 24
182 24
297 35
177 42
211 90
294 101
158 19
131 85
71 8
191 142
211 57
274 177
208 4
230 113
132 96
184 12
151 10
163 121
174 168
229 80
172 18
65 59
298 220
148 18
208 46
278 147
164 152
231 117
194 23
187 75
149 48
236 174
235 197
284 150
225 35
188 29
138 43
257 116
130 77
273 186
40 36
294 53
200 75
108 57
276 198
256 111
284 118
256 224
299 163
299 98
200 193
115 31
85 68
169 14
240 207
244 129
172 65
193 101
228 208
293 269
83 68
268 29
202 103
156 149
221 36
243 217
141 52
192 41
282 207
59 55
185 126
256 76
288 165
141 95
174 132
184 67
210 155
210 136
235 174
147 112
286 96
196 25
205 69
283 219
128 2
253 249
162 56
195 48
276 106
21 7
111 98
264 67
278 33
198 153
275 55
290 54
230 1
50 42
187 59
241 13
289 22
214 66
275 39
263 90
240 190
140 116
214 33
177 86
179 160
281 247
216 125
251 227
131 96
149 78
288 154
221 11
34 16
138 16
63 55
42 11
145 138
134 37
252 125
171 29
163 10
150 46
270 183
220 121
231 51
268 223
163 126
196 27
176 97
77 30
86 9
117 13
89 13
115 104
244 44
151 25
172 44
196 168
277 64
256 192
254 117
238 113
146 14
244 121
255 179
186 85
288 81
223 175
166 10
47 35
166 70
274 130
149 41
293 76
268 249
290 32
299 151
294 55
205 109
298 41
121 56
248 201
121 13
289 209
210 172
171 26
187 54
231 165
274 156
150 132
287 118
272 66
213 107
104 41
68 19
204 63
170 10
295 182
183 82
173 49
211 143
129 57
146 25
140 42
16 4
159 111
237 185
258 143
17 2
275 129
259 112
146 106
78 24
264 95
60 6
125 46
181 107
196 78
274 59
193 139
83 82
149 39
168 41
282 24
193 98
234 23
61 43
85 28
228 141
157 59
93 83
294 112
117 61
258 1
286 219
223 15
140 104
225 218
152 9
246 128
71 38
180 153
285 94
124 116
175 169
178 8
277 137
252 96
226 222
114 94
274 98
245 173
243 135
140 130
203 37
165 27
111 25
264 58
273 83
185 36
216 98
103 56
270 139
278 149
236 137
289 205
101 65
161 144
276 212
240 120
264 222
77 58
220 162
211 5
192 122
273 79
241 181
154 1
243 67
220 102
282 41
171 128
46 33
276 57
211 93
264 23
104 85
282 253
258 35
30 6
294 257
116 100
184 95
187 3
299 1
158 78
252 208
17 10
292 108
263 149
258 185
55 13
272 112
196 71
222 16
202 2
299 158
222 96
285 89
296 218
186 4
298 37
249 44
126 87
152 20
269 121
219 18
262 200
158 56
163 107
110 35
135 130
273 120
221 205
274 232
128 82
202 18
153 7
257 141
242 130
177 74
140 106
177 114
128 27
152 137
198 40
96 70
180 93
210 196
131 83
281 33
265 153
141 101
292 251
244 148
12 2
132 45
171 154
218 29
235 118
255 212
207 200
275 211
243 160
277 183
258 177
63 9
255 199
162 53
218 195
215 195
190 11
101 94
269 179
166 24
151 64
53 25
212 22
91 57
147 48
234 114
93 79
147 2
250 99
113 49
36 33
256 109
295 114
193 25
224 82
293 213
207 170
243 112
120 114
187 4
51 25
271 140
175 1
216 133
270 111
148 102
134 120
233 65
81 45
271 94
235 162
291 88
180 49
144 85
296 197
288 268
240 211
287 206
140 49
82 19
209 165
127 99
90 59
130 70
187 42
286 26
154 121
261 31
262 230
153 86
61 32
87 75
245 151
181 172
288 64
265 68
66 17
139 124
202 116
227 8
237 168
244 142
284 79
80 32
118 22
111 5
273 91
117 113
193 38
186 133
42 1
162 60
288 261
155 46
261 224
135 91
230 10
257 150
299 52
164 162
46 10
193 168
243 166
274 89
289 161
277 159
200 156
195 26
181 9
253 239
292 46
269 96
236 52
217 126
34 7
195 144
196 169
112 90
288 278
171 61
53 27
213 124
162 41
237 186
196 56
202 129
155 75
184 77
131 100
149 79
268 34
222 174
229 164
164 85
250 234
299 136
183 140
284 275
124 52
133 42
251 129
156 3
166 26
277 272
289 127
267 244
93 49
298 255
224 3
44 14
224 162
203 170
263 171
132 7
133 25
250 29
272 195
61 19
160 122
266 230
174 46
234 204
274 141
227 81
257 83
114 97
38 0
164 86
120 19
253 135
234 208
261 202
212 89
238 13
214 94
279 146
252 210
48 19
227 157
131 45
249 75
243 147
241 142
292 153
196 38
284 95
218 201
219 113
251 143
140 114
176 68
156 66
278 14
263 224
205 131
73 44
86 46
138 18
121 8
278 22
299 15
286 141
233 106
57 37
124 13
235 221
252 191
185 89
275 107
263 26
245 90
187 98
249 142
253 176
99 53
102 77
65 62
17 7
204 165
174 44
91 73
205 160
207 187
173 74
207 33
184 96
94 87
254 241
193 105
135 30
144 74
270 73
221 144
188 69
255 0
138 32
224 4
229 182
170 133
164 15
142 29
297 93
135 63
289 268
183 108
92 25
199 38
227 14
253 1
216 213
193 36
241 129
283 236
201 32
156 112
298 293
210 149
183 88
39 21
203 163
217 201
258 107
255 62
220 1
93 28
169 151
176 99
186 180
218 32
107 57
171 162
186 18
224 177
256 26
279 8
69 15
155 40
233 127
201 41
79 38
121 88
289 52
255 23
272 110
37 14
206 81
286 235
204 58
173 172
164 12
207 147
236 189
243 51
286 172
177 11
190 69
65 27
154 63
148 94
150 82
218 13
213 90
171 105
254 235
120 32
75 6
242 233
212 5
219 39
265 56
255 32
88 30
34 18
296 200
146 125
216 131
273 119
202 3
242 228
151 41
232 3
204 131
265 114
206 68
162 67
246 17
244 164
158 37
204 193
278 91
154 59
271 266
132 53
242 225
63 4
268 44
188 163
150 116
215 10
238 4
292 281
178 112
270 38
68 32
227 113
68 58
297 212
248 91
167 15
236 43
267 98
133 54
225 54
188 101
70 29
150 90
249 143
271 219
95 56
293 126
160 61
155 32
226 99
295 110
283 140
259 143
105 8
196 116
182 125
193 89
237 69
21 12
273 24
160 27
269 45
224 142
233 171
286 221
287 185
234 180
118 64
196 46
252 53
73 16
78 7
247 31
135 86
274 185
141 88
158 25
195 41
181 65
104 36
103 38
183 143
229 57
299 161
58 7
254 145
191 149
261 67
255 254
220 157
189 2
257 196
31 28
240 193
266 140
267 194
124 33
95 25
185 66
65 18
237 58
157 28
158 63
279 13
188 148
280 10
195 57
209 187
254 238
209 178
180 77
279 117
258 157
209 67
273 19
41 31
298 163
179 157
180 26
126 62
207 90
283 226
240 110
168 40
26 22
144 59
134 57
107 95
202 1
220 92
175 67
162 52
271 186
270 110
63 57
290 11
86 85
216 112
235 60
240 234
32 10
142 109
254 5
198 172
191 108
281 223
277 167
207 47
146 38
87 11
253 191
112 106
232 198
274 6
245 47
193 189
249 137
99 86
189 16
286 105
196 115
197 43
249 53
184 113
246 106
261 7
63 19
260 0
85 19
132 92
144 13
180 58
119 70
186 146
294 185
195 24
187 128
252 224
158 92
284 185
173 114
291 54
120 66
281 261
262 58
260 123
154 8
249 93
295 9
199 72
280 193
220 112
240 27
230 128
89 44
80 24
114 25
204 135
270 132
137 112
294 71
101 71
187 102
246 227
153 90
207 167
237 30
44 27
221 50
224 65
260 224
217 45
135 29
187 149
273 180
75 46
54 40
295 206
95 58
101 67
153 23
293 190
116 25
278 253
216 151
130 68
187 137
211 91
211 161
126 105
152 74
290 207
277 144
299 23
191 179
258 12
195 194
168 43
291 268
211 70
163 21
161 102
139 66
258 160
282 168
134 68
135 7
261 165
260 23
201 101
206 186
279 266
217 167
258 106
164 116
276 141
144 14
195 32
291 82
212 81
274 262
33 11
274 24
133 86
199 171
256 132
274 56
185 134
208 23
193 66
293 137
255 228
271 178
166 19
30 29
263 114
183 172
226 61
80 35
149 50
254 228
299 46
183 120
247 70
187 175
208 45
164 143
296 107
240 59
87 51
177 62
146 99
99 5
291 12
215 156
231 203
223 93
242 222
284 201
292 180
148 128
270 213
143 63
282 101
296 280
209 136
138 28
265 103
245 83
187 82
228 134
244 95
252 124
170 4
84 23
227 56
291 186
220 25
211 158
213 138
157 112
178 70
194 34
87 2
270 96
114 36
287 203
187 179
216 196
205 102
198 49
247 185
275 234
299 293
223 77
205 193
260 5
229 168
225 110
268 164
42 2
256 230
230 193
278 218
235 129
152 4
211 130
174 100
220 116
69 42
183 64
261 245
226 63
164 112
159 126
221 192
284 69
195 35
73 71
98 20
269 134
274 55
287 89
264 220
142 140
131 115
166 21
221 197
122 92
200 58
175 73
80 4
286 159
229 142
252 108
269 168
228 212
225 43
95 83
259 122
142 107
50 44
253 22
290 51
128 110
78 26
151 113
215 7
241 108
139 122
187 156
242 96
246 205
185 131
89 64
78 39
131 120
296 279
239 124
261 122
124 67
123 4
151 135
225 28
273 135
265 196
225 159
170 11
172 9
77 52
155 59
265 250
295 240
76 46
278 72
193 85
191 36
291 111
172 103
151 150
95 29
237 150
249 146
200 137
291 34
188 95
42 17
196 114
209 190
142 14
44 9
299 283
259 34
259 99
203 190
137 115
297 173
262 136
191 87
273 111
154 128
286 0
156 150
182 62
127 112
231 5
194 45
287 209
222 219
182 168
93 43
207 93
282 100
107 42
281 41
212 196
236 220
224 24
143 86
41 16
34 17
266 37
125 120
172 53
112 99
209 202
257 211
37 36
248 48
276 46
181 170
285 206
203 201
205 54
186 123
291 222
242 81
271 256
176 126
197 94
280 244
297 11
252 131
280 148
177 169
117 4
100 60
92 31
204 175
254 133
225 173
76 36
113 29
59 11
36 7
157 43
221 37
89 51
237 75
235 122
226 140
270 17
102 34
276 27
273 42
38 33
120 33
232 168
193 192
206 126
205 0
212 109
291 153
181 162
277 204
119 116
158 79
267 28
163 91
276 211
257 249
212 75
258 172
188 158
179 81
291 270
188 131
276 48
285 26
253 102
168 120
49 46
181 35
117 31
239 166
180 34
135 15
117 68
122 84
213 67
107 46
249 3
66 63
212 43
83 66
178 101
206 65
229 199
261 82
205 203
196 6
237 39
107 105
144 2
294 73
213 118
72 16
291 74
133 41
182 166
210 3
232 133
291 183
187 72
234 56
281 204
110 32
266 228
193 170
258 120
103 77
150 78
262 161
276 78
269 158
271 136
121 93
248 87
286 149
96 23
219 158
153 77
263 30
153 13
60 21
277 69
191 70
140 79
123 55
197 80
286 71
152 103
290 156
145 134
129 47
247 145
210 195
179 125
189 154
255 166
108 24
109 89
102 6
209 72
242 106
176 76
172 105
186 185
245 93
47 40
258 204
65 12
116 64
146 40
151 22
257 183
169 129
86 8
180 160
296 141
166 101
55 23
116 92
276 245
298 77
240 53
183 182
108 16
267 224
267 41
296 205
291 102
232 107
238 235
131 19
153 98
283 9
274 30
204 168
170 137
263 260
72 36
228 74
292 155
216 66
169 77
294 193
182 98
296 269
26 25
215 93
202 92
115 53
193 42
231 143
289 111
200 198
163 67
227 211
189 52
272 246
244 59
289 79
242 128
91 12
187 169
70 37
125 65
139 103
121 52
236 132
162 33
209 79
221 183
265 41
288 179
69 12
62 52
279 96
297 14
165 141
262 123
264 17
127 76
68 39
177 16
154 30
196 30
275 52
290 166
246 11
283 260
95 44
75 28
237 139
295 169
243 46
43 1
210 115
298 2
201 54
153 17
213 28
188 30
96 9
154 34
285 74
178 38
182 72
272 46
296 290
226 176
39 23
287 69
258 236
297 145
285 189
109 13
252 232
154 14
251 205
204 114
70 57
138 19
249 90
285 174
169 127
184 125
293 15
81 30
258 159
147 59
163 16
225 194
254 57
108 59
285 19
143 7
257 137
204 107
232 105
169 120
219 20
257 14
164 145
130 51
89 14
290 122
160 111
85 35
208 12
249 164
39 32
278 128
278 233
169 50
229 211
249 43
25 8
285 208
202 63
275 246
157 20
129 113
11 4
296 233
293 249
191 177
280 107
205 121
82 13
251 2
276 47
271 60
95 89
131 65
164 74
167 76
293 196
247 218
97 91
232 24
57 25
197 189
71 44
196 171
193 74
232 1
270 153
137 86
122 118
85 43
203 50
288 43
257 128
297 103
208 40
55 39
228 137
165 35
296 113
133 114
145 68
91 72
92 46
113 82
154 136
297 217
99 64
283 230
151 31
148 121
293 215
284 124
149 137
104 39
100 8
254 67
261 185
276 228
235 209
203 153
284 83
141 28
227 61
213 65
241 204
252 146
161 24
142 99
144 62
72 65
81 67
261 147
243 190
296 117
297 248
273 272
122 18
276 71
125 74
214 194
264 18
117 53
99 76
157 93
289 5
169 34
58 34
220 23
289 210
268 0
220 161
271 73
102 46
92 11
105 42
228 217
155 119
131 73
197 18
256 153
97 17
188 58
126 68
285 246
18 11
293 253
276 147
249 156
179 10
160 131
66 2
250 44
238 203
298 67
156 98
38 34
209 201
200 181
253 34
152 12
292 193
181 141
88 80
84 14
168 14
179 133
259 29
119 6
203 144
253 183
121 47
180 66
161 115
254 214
192 142
125 2
167 147
203 146
162 38
256 204
69 13
261 66
246 232
104 92
230 139
240 1
131 118
276 156
132 5
129 60
199 16
270 209
96 4
243 75
289 95
99 84
206 67
213 142
127 26
206 129
190 101
245 101
220 109
244 1
140 5
211 115
174 164
204 180
291 187
200 171
281 235
134 49
255 30
260 225
226 65
62 49
188 92
214 170
73 22
284 181
97 81
239 104
145 97
288 122
299 149
119 25
155 78
20 8
201 176
159 150
268 118
288 134
292 164
259 118
273 222
254 64
191 157
282 152
163 160
189 43
150 80
192 76
266 210
221 26
205 173
252 149
172 152
296 181
63 14
258 65
181 6
162 48
286 111
120 13
258 25
268 261
239 27
184 158
287 102
204 117
188 119
257 86
245 92
207 20
81 13
213 78
120 90
265 11
206 53
264 0
191 125
206 37
243 209
242 166
121 51
195 108
156 17
146 49
207 18
210 79
55 48
168 66
288 102
252 142
149 17
261 56
283 83
72 68
263 219
173 156
272 91
243 53
221 62
206 94
274 269
119 78
91 50
276 207
107 5
249 161
193 2
250 214
217 67
283 34
229 158
176 26
194 22
284 227
146 145
293 220
160 81
270 238
109 55
240 16
292 101
129 38
257 30
125 5
154 143
188 116
89 78
210 128
104 5
253 250
174 123
262 39
67 61
158 133
141 37
74 49
68 27
234 95
270 236
266 75
283 169
143 6
190 103
200 44
266 231
228 108
261 220
66 36
187 166
57 1
215 161
153 84
86 45
151 132
149 147
24 21
295 51
241 61
121 65
251 69
229 129
297 267
238 6
204 171
7 3
273 134
78 47
271 171
116 93
242 20
121 101
217 154
86 64
74 31
222 49
183 150
234 20
190 102
245 201
138 53
260 32
200 63
190 41
68 16
268 12
237 183
238 74
280 254
159 52
201 149
243 115
169 44
239 165
100 72
29 17
45 2
293 90
299 233
63 7
159 2
240 184
279 41
298 261
181 86
190 144
66 47
298 11
76 29
141 45
112 44
172 43
215 144
240 198
284 273
190 161
118 94
173 40
245 109
284 238
99 18
124 30
240 113
237 29
129 118
232 102
213 57
298 155
130 18
296 261
283 121
148 71
38 10
72 50
207 203
165 139
158 65
237 63
84 4
173 45
127 64
252 231
294 274
222 26
261 35
248 129
194 44
297 92
137 13
86 42
146 8
182 25
257 130
71 15
294 140
290 53
182 11
254 52
60 10
244 74
237 226
254 142
189 11
248 173
290 279
290 22
39 30
122 0
55 41
275 123
151 92
221 202
120 108
199 1
263 170
282 203
258 74
122 41
215 214
245 15
155 122
246 130
188 56
210 188
249 54
81 32
119 61
285 234
128 59
247 143
232 80
98 28
220 191
167 52
84 60
181 94
233 54
119 3
83 57
197 146
130 99
294 52
252 157
93 4
288 0
292 187
229 107
86 54
223 40
85 12
166 123
284 51
281 44
126 60
246 142
227 95
267 37
102 49
69 58
133 69
105 28
283 170
116 84
299 76
78 59
259 33
113 20
292 191
113 104
219 178
180 23
166 79
235 41
255 66
219 137
271 255
73 54
191 95
184 40
242 198
100 12
253 69
218 193
291 67
279 236
284 210
286 213
243 241
215 112
163 61
250 71
155 99
46 25
197 46
283 113
215 180
174 88
224 62
276 55
192 18
173 87
208 48
257 19
198 156
180 61
129 101
218 214
243 73
92 1
59 17
252 198
266 100
65 36
217 66
131 61
263 135
242 51
237 191
279 251
203 140
289 196
272 249
143 131
128 61
275 97
79 9
225 82
205 161
238 212
191 53
87 17
215 193
256 117
283 77
295 289
143 116
123 21
98 83
98 49
205 30
262 67
145 76
195 44
219 130
179 11
238 210
248 11
87 80
239 78
153 140
234 203
265 23
121 63
239 44
294 65
218 85
298 202
246 126
291 168
210 177
117 87
282 212
140 36
288 234
174 73
215 70
140 33
65 9
258 92
292 94
290 148
253 19
189 96
80 10
232 202
293 142
133 56
145 69
278 188
282 128
298 16
218 104
137 104
199 140
181 105
258 112
217 41
139 56
219 106
289 46
290 129
252 4
124 34
282 229
55 7
269 85
162 32
146 19
204 9
221 44
279 259
203 25
254 119
199 65
103 70
286 263
176 127
230 72
221 66
283 212
234 209
48 41
170 103
135 105
175 151
102 40
251 228
240 89
181 150
174 33
172 38
259 121
271 182
292 19
114 37
87 41
26 13
290 259
283 20
276 88
276 4
192 68
240 20
285 115
258 13
275 141
93 58
83 75
237 152
78 12
275 274
119 105
104 16
199 63
204 83
148 123
245 203
220 99
121 97
181 145
275 172
19 12
164 8
73 60
105 103
154 93
64 43
101 39
256 254
45 14
248 240
85 11
134 92
51 41
124 82
218 202
187 103
234 122
186 108
105 49
20 5
257 255
154 39
131 28
299 245
184 118
234 105
244 112
24 0
64 12
222 14
288 78
292 115
266 244
153 63
161 8
179 117
236 159
261 195
155 151
104 68
265 232
201 79
173 17
288 75
215 153
126 37
236 53
153 69
108 65
262 101
199 104
209 124
139 121
282 131
90 69
72 6
141 132
217 100
235 172
283 231
181 102
286 113
165 67
216 28
120 115
192 147
255 163
157 116
84 54
115 23
190 67
262 19
248 68
251 132
272 88
107 74
146 43
181 121
188 162
127 56
114 88
157 31
100 33
221 206
118 107
168 141
123 0
279 132
161 96
152 31
262 82
286 37
263 126
112 7
137 40
220 41
285 25
216 127
75 36
47 39
84 33
121 94
162 98
211 126
148 136
245 186
108 80
124 63
188 84
150 15
101 73
236 38
248 61
203 47
246 115
45 5
298 176
268 170
283 30
204 95
205 14
224 101
63 41
168 107
249 19
78 64
184 152
35 17
277 119
274 137
280 102
298 241
246 208
273 84
230 111
84 9
249 37
235 234
85 69
267 14
269 193
270 97
37 28
276 184
170 47
218 204
236 217
174 10
257 215
293 20
241 20
176 62
176 96
65 35
94 15
107 73
287 45
246 61
256 75
125 16
118 10
205 111
72 53
295 221
244 60
292 213
116 34
267 83
271 249
223 102
250 220
251 175
282 267
243 242
236 184
270 148
267 12
290 275
100 40
117 90
254 107
270 83
292 122
298 68
151 126
227 7
289 152
299 234
192 28
244 32
140 68
82 78
219 77
136 57
148 64
186 184
276 121
280 259
171 41
233 123
215 115
104 38
182 174
282 19
220 124
79 24
213 208
290 168
286 255
89 53
81 38
228 98
161 53
236 66
266 233
268 128
141 139
298 177
290 221
246 233
69 33
139 32
175 101
278 116
69 38
44 20
138 90
251 198
218 135
141 10
166 65
141 128
199 5
24 3
252 5
247 20
261 5
297 163
270 264
229 121
52 6
52 26
296 33
148 77
235 148
270 220
46 20
294 226
54 51
227 39
133 1
54 9
182 38
184 8
153 97
235 80
171 27
74 73
275 226
264 194
238 125
222 103
132 34
284 256
240 173
195 43
96 95
150 124
104 26
127 19
272 266
236 147
123 86
186 183
285 68
87 83
214 122
177 135
200 101
195 145
246 52
244 90
127 77
249 191
264 144
136 71
250 4
273 13
180 125
267 8
236 177
104 14
291 114
196 86
74 8
220 40
273 170
227 72
282 102
242 115
208 109
206 192
251 29
185 140
148 65
264 93
276 90
248 115
214 197
241 59
162 76
144 79
296 160
196 99
197 83
297 82
267 216
169 52
71 39
219 47
298 144
294 92
109 11
283 252
100 96
218 115
224 5
211 52
299 61
296 45
68 42
270 2
294 224
193 112
261 61
66 44
240 116
220 108
229 162
298 198
237 141
268 41
127 113
244 99
132 102
105 36
293 67
278 152
213 102
263 240
229 103
262 86
217 159
201 180
156 128
125 100
127 125
75 59
256 16
293 46
272 122
94 36
293 130
266 168
295 264
132 47
72 23
190 152
283 240
230 105
295 176
196 35
193 88
248 13
284 66
244 159
261 176
256 189
238 115
190 183
134 48
272 100
193 172
296 216
208 42
298 24
245 86
65 28
252 51
255 12
168 131
180 106
260 175
236 45
217 165
