140 14 240 2500
80 26
49 14
85 23
123 47
69 54
31 3
38 3
87 13
18 11
126 41
88 51
93 57
27 10
111 82
90 80
150 96
110 1
168 49
232 181
123 98
231 69
105 13
101 82
103 38
197 10
213 36
227 97
216 37
115 92
84 42
155 126
225 28
199 42
221 3
191 133
199 79
98 55
207 150
157 117
197 115
212 5
199 190
120 107
204 2
203 31
202 23
196 16
74 36
176 170
199 157
70 20
229 7
128 60
214 126
118 108
69 52
58 25
196 25
223 42
147 89
54 36
222 127
186 183
224 95
178 42
182 120
19 2
111 61
151 104
221 169
210 75
73 41
192 89
128 13
181 179
135 72
228 95
224 152
224 219
49 26
226 206
127 31
14 11
215 198
235 56
134 1
199 140
82 37
216 30
166 52
86 56
145 32
154 78
128 37
128 19
181 114
140 21
216 27
55 42
133 60
54 32
129 121
168 127
205 161
234 170
167 10
124 58
220 26
186 111
239 17
129 59
71 36
212 90
166 51
218 61
208 172
117 71
129 18
211 204
177 119
72 42
191 57
204 51
22 0
199 182
174 90
116 98
221 59
226 35
183 22
81 62
182 93
160 7
229 54
154 119
125 113
220 151
192 62
197 93
220 22
202 19
173 13
188 166
24 10
199 35
198 86
164 68
186 47
185 113
28 24
155 36
62 44
55 30
193 102
212 37
115 13
179 33
236 1
189 120
232 123
234 212
167 70
223 211
179 79
148 14
146 42
235 89
118 96
191 123
132 17
177 106
6 3
200 91
106 99
228 163
133 79
21 3
191 74
21 0
209 124
112 93
176 100
228 140
224 191
225 67
218 7
206 200
161 76
43 4
238 73
104 3
21 8
233 220
86 60
76 39
171 70
221 117
139 49
213 37
32 2
127 110
119 17
208 5
140 103
114 33
176 27
183 124
231 184
134 4
216 109
177 105
41 18
140 97
112 74
147 135
208 95
166 56
143 110
144 37
130 60
231 13
141 23
225 136
194 74
223 80
183 179
220 219
195 88
115 53
151 20
66 3
228 213
221 42
220 167
215 133
197 39
187 149
117 94
18 4
198 36
81 18
223 202
217 16
167 53
102 55
152 107
194 89
13 3
148 116
80 38
224 86
139 64
148 43
214 91
30 29
31 0
165 121
76 72
206 133
94 69
133 24
98 81
174 112
145 27
152 104
233 43
156 94
212 127
95 24
206 140
118 89
99 98
31 25
181 39
75 9
81 39
239 142
202 8
47 9
143 108
233 118
82 15
152 1
162 132
177 98
116 79
118 111
167 135
227 155
79 57
142 2
197 177
81 65
231 92
189 141
164 91
195 39
148 129
179 165
166 126
155 1
81 36
234 36
102 14
205 45
96 1
96 89
109 38
235 127
238 17
105 73
206 0
104 42
199 122
94 88
190 124
174 150
125 124
184 111
146 11
113 23
213 200
146 2
171 114
181 56
115 110
42 18
212 142
124 65
214 74
208 68
221 31
228 127
202 22
144 46
32 16
60 58
130 33
210 196
61 59
115 111
186 154
225 135
163 154
206 28
189 187
208 11
187 41
51 37
176 61
137 35
231 143
103 102
102 36
144 81
163 84
144 41
115 68
150 25
235 156
125 42
86 80
232 179
172 42
122 77
206 32
144 98
78 12
213 173
187 170
100 45
198 61
198 73
195 35
230 76
189 168
214 208
143 40
184 83
178 98
163 27
120 33
191 90
167 38
132 55
237 133
179 27
225 24
90 45
132 51
168 19
126 117
110 68
233 65
60 32
210 140
212 154
110 74
64 1
211 31
237 61
210 57
202 71
224 141
159 94
134 59
205 194
49 41
188 98
221 54
136 84
200 192
233 17
163 108
124 24
166 100
177 67
99 8
34 20
227 3
109 5
144 65
9 6
131 78
188 116
119 59
219 64
182 172
137 57
210 5
212 36
237 127
228 83
161 54
99 89
99 22
233 205
210 156
187 167
66 1
204 67
110 34
188 63
177 31
178 88
207 178
192 152
38 35
183 135
92 1
91 82
204 155
186 113
50 16
202 83
127 5
191 187
156 109
221 174
36 26
155 142
109 46
154 22
191 158
187 100
134 55
130 32
222 74
184 167
190 16
228 32
169 14
215 76
202 82
155 9
137 37
229 31
143 100
185 173
90 36
177 146
121 73
198 181
176 152
234 224
78 66
102 73
127 94
173 160
199 115
186 157
134 37
189 109
198 100
128 15
176 48
177 50
31 1
89 70
138 101
158 73
110 9
205 69
35 31
101 65
152 78
225 97
199 43
197 70
123 57
198 26
224 197
65 48
223 217
73 46
200 29
152 142
85 72
144 5
83 35
48 37
226 205
97 43
197 116
109 100
74 16
132 0
180 39
220 117
188 3
172 78
91 38
236 84
149 36
81 27
237 74
79 1
201 174
178 85
238 159
226 25
154 63
151 28
235 51
231 7
162 3
234 91
234 48
166 65
85 70
71 31
237 180
206 19
167 166
32 3
195 181
116 91
144 60
125 106
124 35
213 206
85 33
166 20
238 1
200 48
140 75
152 92
231 152
167 27
103 50
132 63
113 50
224 181
102 32
221 105
35 5
104 66
239 146
127 84
204 198
196 99
39 27
206 84
148 104
183 139
136 106
237 42
215 208
166 50
179 113
172 114
115 9
225 0
147 62
142 77
223 87
192 178
153 32
215 84
52 28
95 3
170 66
205 89
205 52
177 154
204 77
122 114
143 19
37 11
189 151
155 25
156 86
224 133
47 19
120 11
185 11
207 81
201 74
231 156
170 84
96 51
227 211
185 29
216 139
135 68
116 45
123 1
181 171
188 181
57 22
49 15
110 16
91 7
195 18
190 88
231 37
94 0
207 63
188 157
236 87
186 8
170 148
228 142
207 128
220 115
228 179
166 98
60 23
177 94
211 4
235 220
167 149
199 132
144 61
193 160
129 34
203 136
229 216
151 15
139 62
230 28
219 39
179 148
198 55
107 83
203 20
212 86
60 38
215 19
120 28
175 101
135 102
233 4
229 117
237 11
226 190
78 17
133 30
219 30
145 11
209 5
132 108
162 65
202 43
97 72
143 83
189 17
97 58
141 36
229 224
182 84
204 86
189 10
188 70
179 97
130 105
223 92
170 135
196 50
175 160
172 145
41 28
89 83
182 109
207 67
231 136
176 96
130 80
230 49
93 41
159 18
129 90
203 196
186 162
114 16
194 161
205 46
163 72
87 26
117 113
138 70
223 188
156 31
129 119
158 107
143 127
153 103
230 92
161 146
92 76
201 149
225 57
196 17
118 99
204 151
167 30
182 67
166 80
214 87
182 69
160 159
2 0
220 135
158 48
187 144
162 68
194 174
75 43
88 70
121 86
210 118
67 43
231 224
126 18
211 187
205 4
215 214
213 152
124 103
239 222
162 146
184 112
139 15
133 5
186 45
133 47
212 205
41 36
194 58
174 53
170 157
196 186
178 16
231 163
119 44
239 60
126 120
46 5
174 6
133 105
190 150
103 51
128 64
214 68
88 50
151 36
118 107
219 117
141 94
133 29
176 86
92 34
141 83
41 38
210 21
156 65
233 199
225 82
201 85
217 14
123 12
232 4
85 34
214 144
139 83
222 104
77 28
49 5
174 99
70 0
177 115
73 21
110 56
207 68
125 48
225 198
178 9
113 111
217 18
228 174
69 60
129 99
223 145
153 93
226 153
228 86
213 175
230 50
198 192
137 34
52 43
216 150
74 64
114 96
195 149
113 74
61 50
229 48
60 51
199 112
188 38
141 102
161 70
136 21
229 60
87 41
231 188
234 156
88 9
77 32
138 122
199 16
197 140
146 0
192 137
155 61
223 124
227 204
194 19
66 28
230 191
148 81
225 64
195 67
227 203
236 6
47 34
119 25
227 136
183 178
210 154
154 134
42 30
187 49
191 184
180 8
223 181
160 36
190 166
216 196
63 10
86 19
132 90
183 111
60 42
31 22
196 139
147 130
214 11
197 1
104 88
80 54
98 58
216 11
157 90
123 66
197 129
221 27
207 168
197 47
217 180
121 9
196 148
58 0
131 57
146 29
199 51
40 3
170 4
214 192
198 155
183 90
187 86
120 116
210 114
106 70
150 14
235 207
165 119
102 39
50 13
195 174
223 205
135 7
150 51
130 104
167 41
234 207
179 133
164 30
186 91
202 112
214 117
36 19
204 14
120 84
160 5
228 69
182 132
186 153
228 134
212 155
228 115
207 33
85 77
215 179
157 42
78 61
168 128
191 152
173 93
126 83
204 63
216 9
214 98
96 53
190 122
235 209
66 41
134 125
181 127
57 29
106 63
226 97
236 86
226 10
144 50
215 54
225 68
222 132
208 109
232 162
142 19
112 83
117 33
202 88
117 37
183 52
159 54
161 4
212 79
172 116
168 136
216 53
112 102
219 9
191 50
174 136
237 104
219 145
189 38
233 117
220 111
152 25
94 31
62 10
228 48
100 34
202 200
74 67
65 41
163 69
216 78
189 25
207 84
174 160
181 33
217 214
223 142
224 145
180 137
38 7
181 93
196 147
171 23
105 16
216 81
235 17
157 0
154 113
82 17
236 11
46 42
30 18
96 5
196 113
163 127
229 121
189 188
226 116
238 148
231 164
214 185
162 45
30 17
189 47
209 103
159 16
161 147
227 58
179 31
110 53
234 121
61 34
191 8
204 42
166 23
150 5
158 89
166 116
94 56
205 110
195 175
211 119
178 53
201 42
192 40
96 68
168 103
178 27
111 18
130 25
133 88
126 73
201 33
213 61
87 64
207 206
182 38
142 61
169 8
114 100
136 5
105 47
157 154
105 22
106 31
192 172
141 116
185 149
50 37
149 93
168 70
77 33
106 29
190 8
116 37
194 56
70 4
83 66
187 151
139 42
92 11
227 151
137 24
218 2
177 53
148 137
97 46
165 14
226 7
222 187
239 30
235 103
180 93
159 111
105 69
224 40
87 57
28 19
221 133
86 68
134 87
154 69
210 76
116 9
148 91
182 94
189 29
125 45
160 141
219 202
107 82
24 20
49 47
199 117
67 5
142 125
154 105
184 64
123 22
176 1
156 3
140 135
87 60
193 71
123 48
221 48
196 143
226 216
175 92
128 4
238 123
201 45
228 181
156 112
105 54
238 189
201 172
147 90
201 147
203 121
182 79
220 77
31 7
208 145
29 17
151 32
89 13
215 38
166 115
125 49
202 18
216 195
50 22
119 103
207 72
104 4
135 110
104 34
89 74
65 47
215 6
21 12
197 161
129 38
205 0
229 69
64 32
219 217
196 38
189 36
202 117
80 19
150 65
114 70
214 131
116 52
143 73
143 33
190 93
193 46
207 9
42 24
196 191
155 10
69 1
231 134
229 9
238 90
104 102
225 22
98 70
220 0
119 74
155 111
176 63
157 41
165 67
214 75
220 42
161 20
217 206
203 43
108 81
127 1
217 102
71 0
235 165
144 136
170 97
236 77
66 61
205 60
190 77
238 77
214 130
86 35
59 25
213 165
188 140
94 71
34 14
66 30
138 127
83 63
231 186
95 31
176 161
84 70
225 83
222 100
106 9
208 88
149 131
98 64
200 22
188 168
185 28
96 33
224 74
168 165
239 108
99 16
238 10
92 39
132 44
197 94
223 28
100 35
204 137
136 95
156 69
85 26
67 28
106 27
177 20
224 50
222 61
169 58
109 87
135 69
74 33
202 93
165 151
140 35
178 136
214 30
75 42
158 134
218 49
93 5
216 42
215 97
192 188
93 52
222 199
190 181
85 57
97 35
228 92
53 2
164 28
212 22
138 120
49 31
230 157
212 52
189 98
236 60
172 53
156 51
99 46
98 62
117 98
233 51
184 49
211 30
195 131
234 148
109 34
78 59
63 57
205 97
185 119
155 4
214 35
63 59
175 52
114 89
91 70
40 36
176 111
207 177
95 36
100 47
234 205
79 53
184 159
91 9
231 12
124 104
61 25
225 107
209 36
164 121
202 97
84 5
211 65
75 39
231 105
125 87
209 19
191 98
55 16
189 58
237 153
239 11
165 159
88 58
164 88
216 48
224 104
190 21
59 18
163 87
122 50
98 42
126 72
209 12
196 89
221 193
128 87
101 37
182 46
180 87
67 49
172 84
225 25
235 143
99 94
127 36
138 52
104 44
237 36
67 54
75 21
196 76
173 1
187 78
128 49
145 134
204 140
87 2
149 43
182 105
167 109
145 117
165 117
128 35
129 40
217 172
191 88
137 107
171 78
183 137
235 41
137 110
184 55
157 28
215 71
212 91
13 8
139 121
83 75
195 159
160 88
121 75
163 120
89 49
238 3
76 56
224 27
102 19
34 18
232 147
201 70
153 55
185 184
36 12
225 120
21 15
71 69
230 89
53 13
204 133
157 24
209 14
229 141
156 9
80 8
142 106
158 66
204 5
201 94
144 82
145 24
217 39
221 55
50 9
236 217
96 37
68 34
95 49
91 64
183 59
212 126
45 33
186 43
103 42
227 125
188 155
130 4
191 121
75 41
86 11
175 137
194 116
168 63
217 15
144 106
59 51
233 161
216 41
219 203
217 159
182 14
217 35
148 47
169 88
85 20
52 41
99 42
151 144
114 43
203 175
237 20
126 7
158 41
238 68
218 172
169 36
210 61
60 55
199 158
143 21
217 139
227 8
232 205
130 57
178 103
5 4
55 26
140 53
101 72
226 119
135 43
73 62
177 141
61 2
172 34
237 1
174 66
203 11
76 14
47 39
46 27
86 0
115 12
238 9
238 2
210 3
233 69
182 48
45 5
152 20
231 127
81 14
223 53
175 169
155 66
112 27
174 60
223 154
96 28
196 153
125 23
190 107
121 38
46 29
179 178
135 22
140 40
224 119
212 1
170 34
221 188
186 63
189 100
130 46
185 42
215 199
226 217
167 137
207 165
191 51
128 62
68 60
223 79
123 2
129 31
174 26
66 58
214 187
150 7
237 68
132 56
214 181
49 7
79 27
113 5
145 54
129 68
167 99
188 170
143 58
66 4
193 182
150 12
132 34
201 73
163 121
118 58
170 168
172 52
190 63
202 109
130 39
212 185
158 152
131 79
67 27
194 73
24 21
238 125
157 108
202 167
232 161
124 78
212 190
150 68
218 79
237 17
186 70
229 82
163 24
224 150
104 43
222 110
191 75
140 123
118 25
219 67
214 116
103 23
229 102
22 6
80 18
175 167
125 91
230 156
221 10
123 87
133 106
47 41
180 50
161 80
224 201
171 116
65 1
113 44
192 134
40 2
217 38
185 143
218 161
222 214
164 62
122 61
211 122
147 21
110 26
219 147
127 99
215 26
176 58
235 82
132 45
153 131
212 53
181 136
185 148
219 172
139 132
206 134
88 22
134 7
47 37
66 52
65 57
97 87
45 19
214 42
233 87
104 30
219 126
181 8
207 182
195 62
157 37
200 30
128 1
239 176
228 53
213 210
239 45
198 58
88 16
185 100
237 203
153 46
235 49
89 7
182 111
177 19
201 183
126 76
122 21
145 22
129 63
170 166
193 138
230 58
208 156
155 110
179 30
149 6
94 45
79 28
194 14
192 156
230 3
230 25
107 57
190 160
62 4
131 89
149 0
86 61
62 49
172 10
207 125
131 113
153 25
111 59
193 31
60 39
196 161
220 128
232 46
230 105
85 44
101 90
132 1
165 92
204 184
143 90
181 73
138 59
45 1
172 109
151 59
74 3
219 120
154 60
119 21
183 2
186 168
195 48
134 116
114 113
103 36
177 156
134 14
12 1
93 59
207 97
190 145
155 14
156 77
206 75
217 20
98 24
235 59
230 146
229 81
176 54
123 77
36 5
77 10
203 86
155 44
150 42
226 62
211 71
157 91
144 142
156 70
207 61
132 73
226 180
235 148
90 39
120 54
158 155
125 98
194 21
80 25
221 52
67 1
52 18
235 188
224 198
177 175
218 137
154 0
236 64
220 218
179 92
83 15
213 191
94 40
134 95
186 48
191 179
201 53
168 1
180 69
217 203
157 132
163 103
157 145
153 92
229 211
177 126
181 12
214 152
160 15
159 146
89 12
112 10
158 53
189 170
171 18
216 21
211 182
124 10
75 70
167 132
216 28
221 183
170 163
215 40
45 38
209 76
57 33
181 20
213 86
207 155
196 7
192 191
155 22
164 123
29 1
219 83
54 46
213 148
73 29
144 53
190 141
220 33
107 3
200 106
95 88
174 172
114 103
201 135
109 75
211 192
208 133
196 166
103 100
107 93
213 83
157 139
168 64
237 47
127 108
232 130
159 36
220 207
212 93
233 175
104 7
114 12
226 193
225 182
228 122
190 89
204 104
90 9
76 33
156 73
214 212
175 19
200 180
117 88
233 136
115 85
215 143
179 162
106 18
78 40
136 7
204 150
216 181
226 5
16 6
144 23
208 110
219 173
194 68
171 25
95 54
54 37
205 70
199 96
200 78
135 63
128 54
139 10
41 32
131 99
202 121
86 28
146 118
138 121
229 150
237 60
199 160
223 164
202 106
228 120
218 102
154 120
31 24
206 34
190 71
184 119
137 128
125 3
183 160
232 80
136 80
210 79
70 14
190 13
161 62
116 99
237 112
161 142
81 74
202 31
99 6
66 63
228 159
23 4
108 68
165 58
120 103
60 8
36 32
157 106
220 144
212 130
140 51
232 75
146 97
151 140
123 110
59 17
230 200
201 176
136 37
54 34
120 13
203 195
87 80
223 18
164 86
188 93
155 16
233 42
134 5
198 114
167 40
220 103
219 168
164 24
154 68
209 54
134 86
226 175
150 74
198 0
236 186
141 7
220 95
209 123
87 32
191 155
17 11
175 38
224 151
190 112
203 166
235 31
163 110
178 72
227 186
207 116
138 17
233 109
219 55
175 153
84 72
220 126
85 62
136 90
142 59
143 79
141 29
239 40
140 59
20 0
183 130
208 164
217 104
106 50
124 12
144 119
106 78
179 112
238 38
129 104
231 131
150 4
175 116
223 104
216 7
222 186
129 100
163 48
147 30
154 106
236 50
188 99
213 47
46 12
235 177
212 208
157 47
85 8
224 19
143 27
211 154
177 92
98 61
160 37
202 194
227 185
82 74
172 76
146 99
232 33
239 15
187 150
217 73
238 184
145 90
187 19
202 2
141 112
61 9
212 131
120 69
188 153
137 40
195 94
217 153
164 27
209 146
191 171
234 16
189 158
209 159
135 33
78 44
136 131
197 118
235 35
212 175
166 46
138 103
208 129
171 79
133 125
146 68
207 109
153 37
47 3
234 159
117 0
145 64
121 68
51 5
172 63
67 15
224 47
195 93
226 170
174 65
217 90
214 139
157 126
171 136
125 64
172 92
217 101
102 76
212 67
149 65
165 80
233 8
228 76
26 19
63 39
238 213
82 43
124 41
94 72
140 76
104 27
168 99
190 156
145 61
144 15
154 97
83 18
158 1
153 146
107 35
175 115
199 27
220 155
121 72
187 169
164 3
175 66
144 124
60 29
38 22
231 95
112 100
179 158
124 17
132 28
112 91
156 108
178 51
149 17
160 74
219 4
149 94
148 114
163 128
204 19
223 9
191 69
145 5
187 30
221 47
183 161
225 158
142 65
99 49
80 76
212 167
79 33
234 33
196 194
68 56
34 1
220 86
199 164
132 14
51 10
215 48
217 91
182 151
239 182
160 99
48 39
75 0
127 81
151 72
208 15
142 103
166 134
98 39
154 129
206 170
162 61
114 32
77 61
194 26
151 71
89 67
84 20
182 163
133 33
44 24
227 226
162 64
79 37
229 24
209 136
214 149
50 34
230 126
173 119
156 118
204 47
207 94
163 88
205 103
114 14
160 60
83 2
145 98
208 101
203 35
239 85
140 138
129 96
114 101
234 166
186 92
141 105
130 65
179 50
200 92
197 15
168 115
114 18
144 25
63 53
210 167
199 141
230 29
147 53
171 131
228 40
200 82
156 148
206 8
187 104
97 3
128 33
47 2
187 12
203 9
178 28
158 58
32 1
189 53
110 46
124 83
81 6
129 23
48 10
136 126
140 55
145 110
111 88
180 124
102 23
114 56
218 72
213 20
86 22
225 140
201 34
169 126
95 84
120 21
239 80
239 51
162 160
130 93
177 64
77 54
51 50
209 198
190 129
75 23
203 81
169 65
131 83
142 129
232 172
224 79
218 198
225 191
226 81
136 78
236 172
92 7
84 63
159 59
199 95
97 48
65 44
104 81
190 135
87 48
207 71
37 32
122 62
199 168
218 10
193 98
166 158
229 42
173 60
185 22
237 144
225 169
239 97
169 159
154 112
229 198
223 90
161 115
196 174
170 41
174 116
114 39
179 146
71 49
197 81
234 194
157 119
164 159
63 11
170 132
79 46
195 133
126 67
192 1
177 51
191 60
140 37
218 122
126 80
239 93
232 101
193 121
139 86
223 95
232 195
183 48
213 49
213 28
154 10
178 94
216 49
202 168
200 141
22 13
193 62
222 99
198 150
48 19
54 14
219 150
123 96
237 118
189 111
66 65
182 150
164 54
208 80
48 43
221 140
86 84
180 84
156 13
181 53
148 87
219 125
158 3
136 19
112 84
166 53
56 22
226 115
197 103
212 157
225 207
122 26
225 91
207 110
210 113
101 98
235 68
219 139
59 3
82 58
120 39
217 142
169 32
172 103
111 77
163 93
186 3
202 59
173 34
164 17
135 85
224 75
140 87
217 85
152 133
40 11
93 55
129 106
123 114
227 161
181 175
215 205
168 124
162 94
108 89
142 26
157 52
92 26
55 54
227 20
81 19
133 114
150 112
138 51
114 93
42 4
236 38
142 113
208 112
163 138
226 12
14 0
159 76
174 67
148 134
98 36
211 43
218 153
171 40
100 13
144 40
140 10
118 32
236 20
220 146
188 145
119 24
229 182
194 18
127 18
127 82
232 155
152 145
191 108
205 41
203 178
70 41
109 73
112 24
36 14
17 10
180 1
149 24
236 61
228 44
196 172
158 87
203 80
195 142
206 44
96 49
224 124
170 35
195 113
182 85
204 70
169 29
187 2
176 16
234 86
165 112
96 62
77 68
50 26
226 168
202 113
210 111
130 30
181 106
147 26
83 25
185 63
211 83
113 42
141 11
204 123
95 92
176 104
92 38
133 22
238 198
228 157
87 63
126 74
98 32
96 40
205 118
146 6
30 26
90 65
211 56
212 34
205 126
177 33
204 20
202 174
173 137
230 4
136 119
81 7
232 13
124 76
203 88
71 56
55 6
