45 4 600 2500
15 5
24 14
37 35
12 3
579 441
521 440
284 238
160 62
360 211
469 348
264 184
471 218
436 127
480 180
137 65
388 231
496 37
562 403
339 200
292 37
593 517
558 442
424 0
241 123
439 362
194 85
408 209
411 303
455 65
96 88
454 357
494 194
210 34
487 454
382 48
566 525
522 62
438 175
551 76
273 120
342 324
453 80
334 332
599 484
557 142
454 217
517 435
591 378
425 109
333 43
569 201
451 110
515 441
595 346
386 15
275 87
281 261
548 228
221 85
182 94
527 40
351 112
542 328
518 76
385 232
356 166
440 186
420 184
273 174
279 220
532 285
432 352
441 390
526 348
513 401
452 200
249 29
245 189
457 161
355 198
260 14
507 458
560 252
524 489
445 150
238 162
316 107
177 62
361 20
289 122
117 56
412 330
477 2
598 61
401 353
383 320
321 76
231 78
578 130
574 512
533 188
397 236
468 12
571 302
382 263
569 198
460 434
318 51
348 140
201 92
434 397
497 262
360 27
415 388
491 59
559 457
358 94
324 47
228 153
253 191
385 273
414 218
475 163
468 109
452 157
538 7
599 54
217 130
401 98
515 95
362 184
554 547
504 499
419 352
312 206
465 181
203 75
569 328
517 69
453 205
578 335
498 26
512 146
231 27
158 47
466 115
334 41
533 269
531 307
355 262
271 188
421 393
446 228
554 40
573 512
340 147
503 404
392 1
152 81
481 215
232 93
584 418
304 99
234 119
261 0
250 80
141 11
546 340
27 21
341 180
433 102
384 296
413 64
423 20
584 512
503 77
594 154
300 119
456 15
432 103
417 363
505 190
201 108
468 310
262 239
557 507
472 251
569 560
530 143
564 88
67 54
538 30
105 47
460 299
317 144
239 17
304 190
520 166
508 177
135 38
567 527
413 24
484 115
441 113
582 511
442 135
318 234
505 380
540 100
486 219
310 262
453 7
370 348
442 30
365 43
402 290
504 354
477 225
332 302
524 356
533 110
304 174
527 16
590 484
161 113
415 404
151 41
516 91
328 106
405 154
453 309
421 58
442 139
242 214
310 276
432 11
388 377
274 217
332 313
130 27
598 317
599 179
231 179
593 151
536 34
253 171
475 49
384 89
367 15
240 13
238 118
425 219
504 387
393 136
433 175
521 125
598 232
457 46
379 281
352 127
132 88
589 293
514 465
591 350
427 15
599 321
395 78
423 174
403 294
162 140
127 78
559 11
322 219
422 329
325 49
266 159
301 245
409 159
399 227
317 216
394 278
349 172
548 96
593 329
570 59
140 81
301 55
578 427
520 429
585 541
238 200
403 172
253 87
494 413
362 339
539 391
337 119
384 112
433 125
528 343
300 183
337 129
419 222
121 66
292 154
203 171
339 158
521 256
528 5
39 35
595 230
476 214
590 514
596 10
452 199
124 61
397 206
297 105
400 357
397 366
339 1
80 45
427 91
532 195
510 55
478 166
466 123
209 166
336 182
76 67
481 418
487 58
416 237
427 286
248 242
303 189
514 79
257 133
308 258
532 414
191 143
390 28
575 340
561 150
171 14
273 100
236 47
433 91
333 93
447 236
478 348
537 110
262 74
300 6
588 271
474 297
448 5
288 251
474 98
352 306
537 67
284 168
444 401
275 69
309 142
475 52
225 31
234 209
476 26
550 416
417 352
285 242
562 355
552 399
397 261
310 24
364 85
218 164
88 71
541 64
516 110
102 68
410 122
452 387
387 97
355 77
490 326
337 296
270 102
194 114
357 132
528 354
577 167
406 278
493 388
474 333
404 105
436 129
507 506
270 246
521 54
372 106
225 107
541 97
535 102
582 25
379 34
563 425
397 176
551 174
140 101
580 257
495 440
417 185
255 46
169 57
581 307
99 42
459 123
321 9
352 308
310 55
181 171
232 115
282 91
429 60
575 385
137 42
527 163
580 437
534 214
364 273
317 4
405 238
396 308
508 58
582 169
383 132
594 242
408 399
215 169
459 210
248 157
535 129
397 92
272 168
570 486
451 422
138 9
237 26
422 170
555 121
417 306
538 70
561 328
308 106
222 98
508 137
448 54
237 66
288 136
466 375
370 138
414 250
397 389
315 302
478 365
542 358
412 188
590 260
466 220
557 219
291 243
470 89
366 152
574 546
535 339
170 153
562 170
393 107
414 350
339 25
514 110
230 71
122 3
419 181
206 124
344 220
492 399
233 75
531 84
230 21
379 100
491 487
210 92
509 392
587 434
550 312
180 53
296 257
274 196
467 332
371 110
378 229
511 428
179 72
305 13
435 180
421 366
548 37
483 106
425 278
411 346
533 89
477 344
407 260
569 401
397 321
309 140
580 242
315 294
247 91
364 346
114 96
483 222
368 32
430 134
225 209
206 110
535 304
562 40
327 31
532 322
573 402
200 102
566 195
590 357
194 8
307 166
393 120
137 99
477 311
567 106
501 232
457 157
459 326
587 489
338 159
95 23
309 3
416 308
571 301
532 472
344 21
564 53
379 368
344 250
473 455
496 455
334 213
332 195
516 213
577 328
134 32
389 342
415 256
484 405
414 153
433 18
131 66
248 5
482 411
346 31
536 441
305 93
256 87
548 547
475 188
110 54
261 91
469 226
382 200
339 126
261 197
511 226
433 9
466 356
164 162
446 440
485 154
530 163
564 211
499 308
386 231
384 354
459 172
287 193
553 173
571 284
535 364
420 84
273 230
363 122
494 394
543 35
483 296
348 3
257 82
544 111
528 285
343 193
92 43
456 317
583 69
157 151
592 68
59 50
318 142
560 219
347 175
213 26
175 101
484 449
408 339
283 245
203 83
313 236
48 26
411 59
433 129
270 184
350 141
115 107
228 114
312 136
264 249
573 567
332 216
549 291
414 25
482 228
436 197
225 116
390 140
305 205
407 48
486 236
228 209
218 119
168 32
359 353
87 14
450 212
214 183
298 104
469 425
134 125
598 117
191 13
327 3
471 208
506 490
404 93
453 394
469 189
560 232
332 64
433 420
232 15
190 185
263 232
187 178
560 113
367 180
247 242
578 417
372 199
107 52
470 409
325 110
377 253
552 397
541 436
474 299
574 278
420 242
533 194
497 379
457 193
471 91
160 15
465 285
131 51
485 165
503 86
560 248
354 189
580 30
225 132
430 374
536 129
347 249
568 428
402 253
468 458
549 234
483 400
482 62
569 207
251 46
312 133
508 375
430 284
74 4
190 69
512 434
433 188
280 119
288 225
464 146
418 167
583 371
142 3
458 379
386 316
594 56
475 64
485 454
499 151
514 14
175 153
557 189
324 84
332 101
228 62
530 314
308 40
60 38
517 315
351 190
341 223
229 72
348 262
586 562
249 196
147 99
465 400
381 32
193 153
479 412
326 123
259 80
554 375
192 50
401 57
398 144
467 348
190 42
404 213
399 265
582 76
468 150
153 52
385 178
509 499
262 8
338 153
200 26
548 226
53 36
547 100
63 39
315 252
570 312
216 94
449 9
346 259
490 424
197 46
153 94
423 55
383 178
496 160
110 24
352 281
537 423
233 16
573 152
434 385
423 97
331 271
80 0
515 477
597 20
506 317
238 29
525 42
363 343
224 97
179 106
464 316
211 98
599 153
584 85
480 172
449 127
95 28
391 24
165 101
493 47
500 374
509 33
503 296
523 164
479 386
335 31
417 341
591 123
379 366
225 213
185 11
394 29
358 108
162 80
587 261
548 330
445 161
336 43
558 312
557 75
564 458
564 13
591 429
529 486
540 255
556 158
598 215
280 135
250 159
528 247
596 22
532 20
584 81
124 8
361 256
486 159
586 19
194 168
543 50
455 348
537 396
264 136
446 72
402 257
99 58
171 155
354 219
164 32
463 80
523 471
594 264
572 400
401 223
279 135
595 304
433 217
584 286
261 147
324 165
387 87
566 506
527 74
370 17
235 234
110 41
523 218
369 120
419 87
514 380
461 76
505 226
112 44
161 84
355 64
305 124
518 100
485 288
505 336
122 48
406 85
364 130
292 249
107 28
465 286
160 31
520 141
46 14
392 225
447 272
341 27
419 192
168 151
352 51
361 258
505 182
468 96
491 394
327 165
533 430
584 497
387 232
505 144
288 75
292 283
130 29
365 332
274 257
41 8
237 98
160 134
543 417
160 135
263 179
359 342
367 39
285 146
319 239
126 98
180 2
598 595
559 275
536 427
555 491
587 574
434 16
487 158
598 473
481 232
401 190
283 118
581 106
528 275
450 75
504 41
299 35
443 212
139 101
544 295
375 203
327 23
567 17
186 158
434 14
294 277
583 451
540 197
532 522
191 113
596 143
307 22
572 224
251 130
139 80
520 442
533 529
559 44
439 395
534 98
558 440
500 261
515 317
23 16
521 53
349 218
381 35
367 129
411 201
308 83
575 238
446 257
450 277
92 89
429 57
578 499
308 197
531 511
225 90
423 72
355 73
304 111
361 306
253 237
135 52
414 21
61 35
376 36
234 44
320 229
580 26
570 280
196 1
550 372
597 346
535 483
495 274
460 330
476 290
474 364
290 235
380 299
449 252
488 342
199 28
147 113
91 21
594 300
489 301
24 16
506 372
187 16
505 57
525 138
598 326
264 94
530 383
390 36
565 273
128 26
598 421
168 122
585 341
537 37
295 258
440 318
497 22
573 82
346 19
465 461
529 102
562 398
430 49
542 458
209 27
340 286
206 173
335 301
538 417
400 362
454 187
382 369
470 60
262 204
507 364
459 76
550 60
433 242
341 31
595 329
121 56
542 300
589 487
120 22
326 73
439 353
460 9
111 73
369 278
555 59
454 445
150 56
402 350
67 24
357 101
561 49
469 428
324 178
531 230
33 7
58 4
488 486
291 229
350 296
106 13
322 308
226 204
399 116
418 273
278 201
368 222
528 437
221 211
565 385
535 237
384 305
500 80
389 78
379 258
372 124
386 1
407 139
540 448
488 173
397 286
407 82
495 80
527 170
487 56
540 178
420 7
93 10
294 90
523 410
443 113
567 103
490 115
210 159
459 198
576 540
585 279
566 5
436 139
476 295
550 145
591 582
100 89
521 156
561 512
406 173
548 179
405 213
489 52
436 306
227 169
445 154
336 175
531 509
327 308
445 431
467 417
536 237
327 53
370 175
398 35
174 72
173 83
449 442
277 50
181 56
119 106
273 23
257 57
529 367
24 17
456 60
165 97
506 14
552 321
462 151
210 144
382 373
428 266
367 3
353 88
548 264
242 110
201 89
529 92
350 206
478 204
276 269
85 21
435 13
312 250
552 166
421 95
175 138
473 70
387 125
584 445
431 411
434 201
476 320
401 126
218 95
591 320
394 38
298 117
420 139
581 426
341 322
242 52
71 34
440 333
477 415
444 356
325 39
380 13
442 345
261 230
486 256
426 176
184 115
547 277
510 371
598 130
482 254
591 365
437 259
452 446
479 131
556 498
366 69
442 310
435 38
585 222
251 4
419 116
500 165
280 161
568 482
361 304
382 378
282 127
512 364
89 19
535 448
474 56
302 166
459 77
596 413
475 149
429 351
540 357
274 83
409 155
506 134
62 19
582 502
245 67
379 274
279 202
100 20
538 459
566 288
553 491
563 449
424 313
472 65
339 96
325 298
179 49
138 33
259 255
15 2
546 355
243 86
258 104
400 146
186 10
438 104
346 222
492 35
444 335
523 65
348 220
342 172
409 256
313 169
312 92
534 257
449 301
513 8
455 210
587 306
259 90
359 145
528 309
376 240
546 250
443 415
535 193
364 261
244 90
440 380
241 67
501 187
540 39
448 117
599 460
423 298
486 118
274 186
326 153
350 232
82 12
386 245
546 380
419 178
436 381
569 518
303 247
543 105
445 261
373 268
560 387
466 79
303 244
472 124
505 9
508 212
299 8
259 58
338 90
546 328
265 252
526 77
472 226
374 266
413 31
564 214
364 247
160 50
497 427
591 216
502 248
301 40
406 346
536 91
488 112
350 332
168 153
93 90
382 354
395 261
435 391
465 158
564 560
304 13
256 90
350 194
549 276
246 18
517 345
326 148
561 28
183 23
267 19
216 43
372 302
543 515
544 401
187 113
191 38
523 16
481 135
441 83
391 162
381 56
596 473
510 420
480 160
373 308
582 503
516 460
180 80
340 237
571 245
269 267
237 105
409 287
544 430
559 514
582 382
597 56
577 58
420 185
316 32
312 36
490 340
522 393
404 129
545 13
275 133
159 146
377 127
584 228
539 536
283 106
351 339
503 374
432 219
467 75
337 181
149 5
592 341
421 250
388 279
497 100
435 182
190 117
505 133
244 52
487 378
533 61
529 114
378 19
219 186
469 184
538 504
298 288
304 112
456 368
598 488
501 18
231 103
419 336
99 19
374 176
592 316
491 417
132 69
141 38
546 8
493 300
338 38
496 422
349 260
270 202
509 406
447 230
506 39
492 267
395 340
515 459
260 95
567 253
425 53
519 378
300 214
569 454
484 450
599 591
401 18
135 23
554 156
458 207
543 444
240 199
598 92
270 152
530 104
540 493
216 204
151 22
430 238
435 416
466 139
223 22
371 216
353 121
452 442
293 138
304 299
435 178
285 207
416 341
404 312
436 333
304 88
595 42
568 203
479 27
502 263
197 106
128 89
498 336
291 14
536 385
592 389
353 231
155 1
559 104
470 45
466 295
373 12
218 45
376 264
104 47
298 147
371 336
326 106
51 10
579 30
267 32
437 399
100 83
480 111
597 193
598 70
463 367
503 483
369 34
175 162
582 571
461 54
104 102
473 432
382 93
368 17
377 169
371 316
546 385
93 37
492 14
373 62
480 70
398 360
208 101
440 439
561 74
567 546
457 297
124 75
495 243
130 40
463 114
523 311
284 96
212 203
542 81
586 83
473 237
453 331
361 28
465 456
375 56
269 264
515 0
500 183
287 216
72 37
521 362
400 375
329 84
454 93
533 265
526 330
460 3
305 5
579 144
495 434
476 65
334 276
542 172
577 312
420 397
344 85
235 98
422 309
584 426
513 42
566 412
293 268
514 261
284 146
131 39
580 61
395 310
291 1
549 334
179 87
567 197
303 142
456 1
456 143
298 72
216 61
358 50
433 278
596 121
529 14
509 206
597 134
413 60
429 17
260 118
120 67
38 3
424 155
406 211
358 79
541 33
430 136
443 371
436 82
402 298
287 38
575 458
595 172
347 10
125 34
32 29
302 286
236 94
247 73
418 277
190 120
373 256
222 28
566 293
477 140
574 157
489 192
536 386
447 288
547 310
468 319
232 168
415 82
368 129
496 146
428 343
487 328
487 116
598 529
112 14
564 170
271 5
116 51
578 433
250 25
256 222
512 205
563 365
272 238
570 385
464 96
571 510
185 110
147 30
477 425
450 27
564 402
335 109
475 349
436 376
350 251
295 214
554 152
356 32
429 320
159 122
309 101
430 108
293 113
526 411
209 176
124 80
450 78
546 15
289 250
111 79
432 331
298 206
406 204
387 113
476 297
368 72
133 22
285 191
577 277
145 5
258 242
183 49
537 358
407 345
235 28
155 63
311 183
480 57
428 78
523 80
382 248
526 508
360 353
267 91
259 123
228 30
577 363
208 61
130 117
262 122
523 415
517 61
475 136
170 91
555 409
499 86
273 11
232 5
438 75
270 192
576 51
571 310
327 111
354 97
194 164
86 60
241 164
387 126
549 478
240 80
323 205
338 183
269 211
370 39
351 205
413 161
585 463
243 220
175 69
519 479
515 505
270 250
515 199
463 402
577 467
426 69
570 296
571 337
557 389
524 504
567 146
138 34
541 153
548 312
199 134
525 92
265 236
511 135
382 204
539 47
473 373
542 506
502 387
387 327
318 164
184 178
528 522
551 392
485 402
207 196
345 69
397 287
317 273
533 496
156 117
45 11
383 333
511 6
518 341
332 112
495 48
518 437
393 118
544 329
580 136
267 98
298 77
592 2
260 166
318 16
472 123
588 500
287 207
595 308
380 162
494 91
333 272
496 417
590 379
297 260
400 382
327 38
313 215
508 427
342 194
483 273
450 58
582 94
234 211
527 167
319 148
154 117
365 161
591 100
466 130
500 425
479 144
429 356
574 349
425 401
350 331
91 82
531 442
250 24
310 295
244 116
587 267
443 34
271 27
76 33
366 2
414 251
443 252
560 100
537 424
588 0
232 42
536 267
473 317
457 207
532 258
134 79
497 268
455 213
572 440
508 22
566 318
518 49
257 228
597 216
597 308
588 300
264 123
444 326
512 152
409 255
217 52
449 337
480 87
558 188
152 133
207 107
356 69
405 375
183 165
492 195
586 161
138 6
433 422
556 110
360 143
201 107
504 382
74 19
325 43
513 334
238 15
342 289
422 48
553 124
294 255
402 386
550 483
398 373
477 205
536 527
469 296
470 462
552 439
578 219
559 437
540 194
591 477
223 103
586 225
393 177
348 270
201 178
342 91
488 423
378 56
169 35
366 143
38 5
402 135
315 122
574 96
439 31
384 306
51 29
281 175
181 67
552 133
442 146
455 127
327 207
395 384
424 9
374 125
539 286
522 464
272 56
502 367
555 210
339 281
496 366
376 178
560 150
457 114
552 118
482 377
377 12
373 113
577 269
558 227
290 200
532 448
547 108
569 340
373 80
484 268
347 32
83 34
219 1
417 260
344 173
142 125
515 260
571 175
528 492
311 166
245 158
505 329
520 263
220 17
466 317
336 164
428 152
412 74
487 193
391 261
318 78
222 31
356 273
309 28
480 128
553 108
566 284
431 409
317 127
311 156
439 118
556 257
345 53
181 50
100 72
517 59
581 172
566 239
512 298
242 14
483 61
486 394
354 340
528 291
370 268
319 208
385 251
176 2
345 235
316 199
114 53
332 285
493 299
320 90
294 167
263 14
533 232
492 223
594 86
343 335
211 22
561 462
506 17
525 51
556 208
236 90
325 307
112 12
192 66
474 7
455 91
350 250
317 270
460 229
207 61
102 9
368 217
322 13
121 116
334 168
207 165
539 72
208 117
321 293
437 384
599 39
454 280
513 171
210 94
512 182
461 274
351 187
393 335
392 358
232 39
280 264
387 143
462 452
320 2
564 185
530 283
311 241
492 156
112 108
261 4
392 290
349 164
580 180
319 136
384 62
405 107
215 191
535 416
474 356
166 121
402 78
321 280
506 346
392 316
517 467
431 238
147 39
395 72
394 6
520 170
590 244
60 15
574 563
272 0
205 25
499 108
402 354
502 173
195 3
583 493
505 350
476 341
382 347
408 276
32 12
522 429
455 445
475 201
294 55
203 92
413 222
462 287
529 213
535 130
463 52
219 43
314 80
50 8
475 415
397 142
212 209
346 24
485 58
109 14
451 278
409 349
226 75
110 48
450 381
415 79
339 280
532 342
182 7
566 272
407 301
282 160
531 13
575 141
512 278
417 310
578 467
419 61
360 78
303 196
406 8
526 431
221 165
300 182
169 164
351 294
563 51
550 270
437 143
567 134
196 171
253 229
467 314
499 14
584 456
309 295
591 327
465 78
309 291
440 91
486 4
524 145
443 48
148 132
597 147
597 303
205 166
506 218
558 4
514 133
426 415
152 39
456 223
543 233
332 194
592 489
555 220
356 183
366 7
558 152
266 76
197 119
205 175
548 185
477 258
460 91
472 214
458 301
80 29
495 268
384 71
510 238
469 150
533 133
339 63
285 206
463 326
250 212
494 353
240 17
123 103
536 524
302 103
587 158
526 18
472 57
540 395
501 450
56 35
595 437
554 479
593 296
545 255
226 174
535 29
356 72
483 386
524 418
214 153
247 197
356 169
493 456
503 24
487 62
591 167
526 391
450 167
230 106
463 160
421 408
414 120
337 227
292 51
562 378
315 286
544 139
345 156
489 176
468 227
554 95
528 267
344 110
295 173
329 99
270 190
533 432
549 1
147 66
575 33
553 512
546 438
388 41
101 38
532 45
352 46
475 91
575 534
545 313
456 77
461 455
212 129
559 114
583 63
339 241
559 486
325 163
493 389
359 147
480 291
291 99
466 91
581 151
268 240
502 90
194 104
277 204
537 190
293 95
544 104
553 196
499 189
448 56
299 257
355 222
530 242
480 380
419 201
572 529
457 45
294 121
592 28
517 350
570 304
112 58
589 314
520 515
266 260
458 50
105 56
376 192
470 313
286 211
157 32
423 49
222 139
246 128
377 329
539 233
491 136
354 308
329 4
443 85
329 246
141 127
280 121
48 8
411 119
483 172
513 493
474 103
397 141
273 116
368 197
546 138
367 264
426 12
75 16
459 434
527 216
580 275
598 129
418 114
467 246
235 169
92 9
265 201
434 400
545 402
447 446
402 112
239 84
172 31
516 98
391 253
516 473
266 135
363 233
369 90
292 38
222 193
227 113
335 276
568 305
212 202
561 329
292 187
211 139
352 65
418 221
325 147
323 275
594 520
406 398
473 145
580 368
336 170
468 384
290 7
307 181
541 471
251 105
261 216
473 32
248 2
514 187
342 93
140 49
200 39
245 82
165 55
391 19
490 32
497 370
97 1
342 118
93 47
597 158
449 112
362 100
538 414
476 27
390 195
415 181
383 276
364 56
368 320
560 228
451 43
380 223
418 400
509 442
497 461
224 98
514 146
540 107
576 333
413 408
550 244
418 227
84 7
302 120
322 51
115 24
496 285
466 126
290 156
446 409
372 17
312 7
596 114
282 258
459 303
574 420
553 469
546 70
403 131
174 78
292 4
553 1
309 154
370 55
366 119
496 100
175 18
248 94
583 541
274 248
441 180
50 37
489 81
256 124
288 195
398 282
371 183
468 59
552 177
72 35
510 473
393 124
528 38
389 353
447 156
256 70
159 14
359 24
416 215
346 7
507 492
507 12
279 63
507 347
430 200
511 294
360 188
496 261
323 160
573 285
447 124
205 125
477 29
131 94
562 59
379 173
375 119
205 78
517 150
312 22
548 15
599 371
543 8
181 90
555 309
455 84
417 407
494 346
468 146
450 156
416 31
189 118
587 96
570 230
393 255
544 300
268 132
475 164
395 280
435 139
541 407
327 320
285 141
406 53
279 207
535 192
211 159
419 270
509 409
480 386
170 136
354 207
562 508
526 387
527 15
126 10
487 143
444 365
531 326
214 41
381 93
549 170
184 143
44 40
430 19
507 228
485 388
416 241
531 401
414 109
288 164
447 416
564 299
332 150
151 134
464 337
343 188
386 194
397 376
484 116
330 169
204 178
442 368
576 305
551 317
