70 6 600 2500
49 28
49 14
37 35
69 48
69 54
31 3
595 249
509 132
288 262
574 222
524 268
471 43
586 322
593 339
331 274
77 56
585 454
525 510
430 155
225 192
289 109
392 249
534 353
506 177
419 36
563 543
301 59
566 238
375 359
411 80
528 309
478 433
571 501
528 219
422 103
241 179
371 276
309 163
489 428
467 42
417 409
119 9
443 168
546 138
88 85
575 85
336 104
313 103
585 338
462 102
368 330
376 278
406 64
473 261
591 242
571 520
504 56
164 78
541 50
319 91
358 328
62 1
357 310
48 29
194 101
434 279
581 283
490 268
562 266
390 249
325 306
503 148
104 69
574 136
567 411
212 209
571 367
418 145
50 5
282 226
417 302
453 220
539 421
383 13
520 250
308 166
347 294
530 233
534 392
571 409
383 104
232 178
394 333
383 207
178 117
163 70
566 104
229 60
577 127
378 290
375 144
130 14
467 380
395 390
421 106
421 124
554 311
386 223
432 306
376 61
581 359
551 410
344 78
534 346
279 152
288 245
467 91
319 106
535 125
520 129
558 99
493 417
510 129
155 48
402 154
493 332
286 167
588 177
312 62
428 49
224 24
16 4
562 152
350 326
347 74
442 198
303 181
507 468
590 64
571 381
578 171
523 359
597 365
252 21
358 258
66 58
455 313
293 26
258 194
322 267
470 227
361 98
584 194
479 398
346 294
191 33
79 8
434 273
504 112
409 356
467 286
495 90
370 87
412 406
403 236
468 33
444 195
171 61
258 161
74 15
241 74
375 354
508 341
448 352
190 186
572 12
427 393
355 27
568 543
570 430
501 228
211 102
427 411
391 332
273 153
362 21
490 178
363 233
462 427
384 24
471 212
375 229
306 103
450 226
573 73
226 52
295 57
536 139
504 415
324 121
237 164
453 41
312 175
589 313
334 296
458 396
352 319
421 164
293 79
312 112
547 114
569 291
336 268
594 451
126 93
229 191
491 90
427 253
271 15
434 236
370 338
329 290
188 50
186 120
111 88
383 108
358 305
429 391
597 562
588 39
498 196
260 7
526 393
585 427
548 387
509 13
524 349
405 86
381 220
507 272
562 49
415 38
185 143
310 298
516 321
367 90
165 76
513 312
492 150
487 114
502 447
555 62
484 157
238 191
491 144
537 61
282 250
263 31
262 72
513 318
228 210
596 39
478 80
441 401
295 136
265 259
489 204
335 224
541 417
487 143
254 4
517 68
531 106
583 242
424 140
93 37
453 328
407 304
573 165
176 114
578 13
478 297
478 472
104 64
406 112
490 132
284 44
485 384
91 86
219 156
295 202
520 419
219 106
314 135
287 120
530 386
325 273
256 59
404 41
163 117
513 465
494 474
344 251
597 233
155 23
589 457
541 123
380 204
345 158
172 115
477 421
316 1
496 333
392 74
356 172
455 201
548 484
354 270
474 48
204 15
381 133
352 221
529 165
64 61
516 46
345 85
330 6
155 147
569 568
598 472
537 318
572 160
288 187
153 122
220 27
540 54
491 356
61 5
117 54
337 148
214 202
559 538
281 187
509 263
461 430
524 101
463 285
345 120
443 361
540 431
342 322
565 103
196 39
575 384
592 187
252 128
369 328
471 324
378 78
390 87
575 411
438 60
290 24
465 230
459 136
211 124
544 290
335 74
233 45
276 174
569 73
325 105
143 39
196 116
88 62
554 387
207 54
392 33
362 159
570 317
405 237
124 32
185 112
599 538
570 98
481 329
585 398
367 211
297 164
494 460
249 34
407 11
499 417
590 391
559 404
573 532
141 125
350 349
591 66
569 317
571 149
515 394
287 45
206 185
313 93
147 45
183 21
352 48
240 227
374 367
543 531
314 250
114 46
573 552
561 255
576 149
366 162
318 214
451 39
214 112
273 10
434 175
582 219
404 241
117 104
175 174
554 186
420 53
454 117
361 29
511 448
466 336
89 42
481 214
376 259
560 553
472 55
287 281
326 262
395 51
283 213
252 136
193 161
589 516
522 22
594 518
416 254
578 306
192 24
163 99
390 88
214 211
318 186
355 115
322 65
560 500
282 86
451 211
529 47
516 318
420 178
496 236
179 124
239 202
465 185
536 141
494 265
343 291
595 498
478 106
109 34
79 49
569 404
538 117
506 258
490 189
444 300
401 184
48 26
81 55
235 112
386 235
570 26
272 225
492 69
189 25
508 245
432 55
304 294
532 525
256 56
587 575
453 355
453 416
506 487
231 164
577 529
548 162
437 421
566 199
455 386
346 114
327 185
541 479
107 93
340 122
314 36
572 129
366 203
548 334
566 84
193 149
486 384
427 68
382 32
449 219
416 269
562 552
83 37
491 441
405 322
527 128
210 129
472 75
443 225
308 10
357 176
504 153
236 185
552 195
489 290
525 336
525 171
512 179
497 120
476 262
106 65
363 304
486 350
204 193
342 57
472 457
297 223
543 395
295 132
376 131
576 69
436 292
279 96
150 137
521 400
573 399
412 79
588 478
209 50
169 92
559 355
226 118
137 112
109 95
563 347
550 257
591 34
559 23
262 193
329 283
599 252
544 260
187 133
117 72
485 50
224 125
403 394
253 38
590 426
428 213
422 268
326 205
538 38
191 15
506 250
570 489
594 494
438 234
301 28
142 103
355 162
194 151
370 326
294 168
183 33
289 134
428 267
296 190
311 99
451 102
393 61
138 60
595 148
177 163
276 19
465 308
510 372
210 158
549 109
445 443
447 341
381 87
442 129
598 507
271 83
241 187
402 166
423 418
307 252
536 206
590 462
403 52
597 582
127 82
423 191
592 429
160 68
564 104
556 270
438 7
398 149
293 159
413 202
560 336
353 341
126 36
192 161
500 320
594 522
222 136
570 162
523 19
467 181
563 116
467 103
306 80
159 145
181 98
432 405
446 78
585 335
484 405
363 86
326 19
49 13
577 131
499 376
109 2
569 230
269 237
498 158
156 36
183 74
287 233
556 60
591 402
533 164
545 330
481 373
588 103
452 7
325 178
168 128
100 26
561 66
233 111
97 72
538 29
125 103
507 135
234 73
250 240
107 97
466 308
46 10
220 72
494 420
98 68
510 294
578 566
342 333
429 208
333 76
402 136
338 56
436 364
175 123
457 86
598 71
282 105
422 282
537 430
348 209
312 5
318 312
310 3
242 158
596 192
470 278
461 404
492 393
180 145
377 303
312 223
227 27
439 216
342 299
589 348
342 5
539 64
245 133
494 21
496 97
10 3
197 187
288 165
414 314
158 71
526 154
285 25
478 228
592 448
551 485
118 69
517 319
436 9
158 146
461 55
300 155
476 98
305 94
498 316
407 129
250 127
551 115
457 185
301 21
307 200
388 62
454 107
556 524
61 33
321 247
132 77
523 131
425 148
371 211
232 195
576 389
178 137
331 7
293 261
353 281
372 260
378 123
348 298
200 115
410 131
191 90
307 157
230 58
498 476
559 530
348 89
323 257
207 84
572 127
578 459
239 200
476 464
86 76
571 446
474 472
394 192
594 309
171 131
127 9
389 263
455 207
431 409
199 44
450 268
434 341
585 263
365 242
349 338
103 57
574 227
486 238
268 134
307 31
588 326
145 44
206 89
476 461
573 367
598 592
274 202
183 80
579 221
247 151
444 65
335 256
482 338
457 93
556 193
430 99
168 14
599 251
437 385
284 246
471 175
577 204
466 222
500 190
322 105
208 195
484 458
343 165
327 170
489 39
338 260
554 228
386 88
282 172
452 206
391 185
536 43
398 133
410 240
448 179
235 70
547 255
444 86
478 104
396 347
177 49
129 43
303 294
76 15
420 409
570 161
251 1
452 291
446 84
429 354
261 258
279 246
322 130
350 238
437 286
381 78
589 124
462 112
480 464
550 418
509 145
376 236
528 78
438 70
474 43
530 308
278 54
391 343
470 308
491 344
391 300
576 531
274 171
536 298
335 301
509 44
233 7
597 317
488 20
218 193
120 57
597 541
305 209
299 22
286 257
343 318
596 205
455 421
571 68
479 80
328 210
521 278
190 56
556 484
550 64
490 179
425 150
459 430
490 171
275 143
149 112
514 383
520 236
510 325
574 478
358 121
531 2
428 214
525 380
575 459
463 219
452 304
510 467
290 138
490 334
545 337
525 102
383 316
141 138
395 42
78 38
377 358
244 136
84 1
371 295
429 214
400 221
507 254
280 229
199 66
570 567
563 229
334 164
532 424
562 125
335 111
461 390
329 12
548 5
518 90
145 80
141 113
505 381
492 38
563 55
288 221
73 37
581 358
580 228
503 204
522 26
523 506
578 94
240 58
479 229
488 458
511 102
558 214
590 352
415 216
179 172
520 18
507 41
480 381
542 285
463 112
119 116
409 362
593 165
487 239
500 14
326 193
72 60
216 3
597 222
597 123
353 134
420 15
345 288
362 250
332 315
93 13
434 59
407 35
210 152
569 416
491 179
303 283
597 230
432 221
419 84
578 463
238 97
580 423
566 412
346 169
392 228
567 261
340 21
209 138
192 67
598 553
464 95
286 271
262 161
592 435
127 72
28 1
260 36
528 440
408 317
561 334
477 323
369 53
553 368
267 221
522 84
209 37
541 199
545 129
285 44
169 61
590 166
470 136
317 292
348 138
303 139
558 498
302 150
522 386
95 18
414 370
421 399
558 209
513 386
424 332
489 280
503 285
548 529
328 284
221 60
574 356
147 24
307 123
570 35
477 281
581 353
541 312
503 500
287 59
587 52
421 143
280 270
240 25
316 57
423 73
188 24
577 249
197 123
404 393
516 396
452 34
396 292
410 395
249 40
584 469
501 489
98 7
261 257
434 101
562 129
476 365
575 167
279 204
239 205
219 36
322 90
313 54
381 225
98 22
395 92
541 5
483 445
378 336
346 306
340 85
273 99
501 160
335 183
279 18
402 255
549 457
584 46
567 99
272 137
556 446
129 85
523 107
387 84
163 7
458 206
479 61
595 3
478 24
174 158
156 48
416 87
230 160
268 172
457 355
514 65
504 285
385 22
347 286
256 202
412 171
420 130
572 549
584 167
334 44
588 548
100 23
437 87
372 89
443 287
249 36
183 87
95 75
381 331
532 256
431 59
406 58
30 24
447 153
148 113
449 93
502 258
200 41
587 152
269 171
110 82
404 92
375 129
551 470
423 209
439 160
391 202
418 152
444 95
444 425
256 10
502 469
254 64
400 154
399 375
456 444
322 35
391 228
538 531
298 118
454 317
245 116
259 170
485 271
430 224
545 524
566 441
539 214
377 127
127 114
547 537
562 80
246 132
389 73
436 181
374 106
175 121
523 520
403 197
531 477
571 291
455 63
127 84
419 175
86 0
488 308
459 392
116 54
550 465
287 188
466 229
248 17
568 557
410 126
305 227
146 11
417 137
368 112
542 397
560 257
473 94
583 183
253 64
553 209
571 306
332 137
595 230
315 28
119 84
126 90
279 160
310 28
408 313
497 398
451 216
486 353
508 210
596 588
344 199
359 250
364 188
469 197
445 189
446 102
536 254
385 122
572 76
48 16
565 76
301 20
389 3
259 55
388 23
231 74
319 49
295 11
354 302
332 148
513 447
541 68
483 436
542 245
463 340
409 116
444 101
354 45
467 255
576 256
292 211
459 442
298 84
515 332
526 205
155 145
364 266
526 47
216 111
412 348
197 88
236 62
371 131
411 29
592 260
178 177
435 283
586 316
336 100
434 60
445 433
429 116
557 551
492 391
432 365
390 278
409 117
534 301
476 445
554 364
456 228
113 37
404 374
541 246
385 251
505 468
561 508
460 14
426 212
363 107
579 23
402 271
445 371
240 9
274 59
544 455
428 25
438 391
269 122
399 215
508 366
208 152
241 205
180 33
406 357
526 183
104 17
240 136
424 401
180 24
488 171
531 192
553 365
509 427
439 409
559 108
516 179
160 28
514 234
262 76
573 42
586 268
434 52
281 92
525 382
455 19
579 371
480 72
364 126
225 101
364 240
317 302
574 300
136 45
468 460
575 353
388 125
238 133
419 66
394 123
377 71
504 131
389 368
490 398
429 243
553 510
555 298
449 100
454 448
470 363
456 74
280 140
65 47
149 128
458 157
351 47
542 372
144 93
175 138
395 161
576 189
308 140
574 192
147 122
327 297
572 105
539 87
459 384
152 113
400 110
322 180
561 254
525 3
595 322
362 91
499 476
567 301
269 213
336 108
581 206
121 15
361 330
593 469
396 89
581 46
472 439
336 199
592 374
249 87
521 384
316 152
461 71
584 171
341 61
532 241
456 174
444 385
517 189
550 543
432 189
417 122
522 71
494 312
585 354
441 375
183 116
596 325
93 78
477 335
566 402
519 179
335 135
574 169
404 310
506 382
431 234
472 285
543 441
521 219
433 289
154 30
486 418
39 19
324 97
199 98
249 21
116 114
303 300
510 333
467 458
410 237
462 304
118 35
553 192
214 142
421 334
240 14
180 148
208 94
419 361
262 246
561 76
393 351
323 104
374 30
506 38
318 26
248 117
160 32
360 257
517 433
404 237
296 122
460 382
561 233
447 445
423 18
422 14
548 371
574 239
338 225
315 166
218 138
235 118
129 92
542 102
565 454
387 78
505 472
319 183
533 445
519 187
568 268
204 104
592 523
405 152
407 81
292 260
499 331
563 433
394 256
259 12
570 86
499 162
146 21
529 137
445 378
517 417
599 293
442 246
566 18
336 50
474 430
209 180
243 62
250 88
279 27
197 45
594 322
348 131
230 118
407 91
511 358
569 513
598 313
295 176
480 190
327 17
383 297
198 83
577 340
379 189
345 4
150 141
490 205
343 123
380 81
445 145
332 198
407 8
462 212
373 75
472 27
114 17
437 51
407 364
171 153
420 97
538 258
456 127
111 51
340 177
347 77
444 210
397 186
375 346
439 81
571 321
419 241
240 19
208 145
328 268
337 305
540 351
572 202
129 68
48 45
554 484
42 22
460 412
381 35
585 339
456 442
261 139
523 304
354 176
462 351
287 164
235 92
577 287
496 280
507 119
289 237
559 335
570 344
151 129
461 121
63 38
472 105
199 92
584 61
235 216
554 20
458 393
559 317
251 55
599 123
573 111
271 167
341 306
406 222
375 107
526 56
271 251
323 302
232 30
471 173
562 9
524 141
424 117
504 222
345 262
262 211
464 37
313 290
546 61
523 113
507 278
538 199
383 217
425 63
384 186
500 41
469 432
228 212
339 296
576 407
470 202
174 0
269 194
256 193
558 228
529 225
558 418
515 20
339 242
420 411
484 275
535 453
571 499
560 451
549 163
569 158
388 375
272 253
536 363
502 139
489 350
147 54
518 170
329 165
513 135
212 71
344 107
471 14
304 132
222 45
564 508
559 87
527 179
197 148
394 131
532 223
599 343
275 191
201 178
493 39
589 305
558 316
557 284
562 166
497 449
578 416
527 402
408 386
554 377
248 15
138 5
536 266
352 157
590 165
442 5
286 135
376 134
367 200
542 430
349 287
252 105
528 268
387 3
597 234
261 147
340 338
340 82
581 193
297 296
555 112
492 91
460 88
419 250
543 140
68 54
360 109
584 489
521 178
276 191
215 184
344 101
407 344
512 98
478 322
467 176
576 188
449 440
579 268
426 64
497 217
474 19
541 329
567 277
490 416
586 94
574 153
407 369
193 26
488 150
392 217
498 166
366 31
430 0
508 68
574 211
165 54
361 338
575 351
563 419
593 477
466 269
355 286
525 74
400 151
557 436
580 385
561 312
408 136
482 416
493 266
550 363
596 484
508 96
508 382
461 56
530 51
455 424
563 435
555 527
554 393
589 108
318 282
182 62
588 315
84 45
396 223
393 19
266 178
476 318
484 213
401 100
563 31
379 26
393 180
565 455
499 386
157 140
475 6
493 208
496 133
398 193
136 34
498 277
366 222
422 136
198 168
520 62
352 29
222 193
237 27
237 113
300 91
377 105
590 225
284 97
209 193
309 145
330 257
133 15
583 0
548 459
270 254
363 209
400 174
463 235
528 122
232 44
331 237
417 121
425 10
445 406
353 212
62 48
471 48
511 365
472 304
518 394
570 404
302 223
570 122
467 431
524 202
537 203
301 229
466 38
527 462
393 33
531 131
254 41
561 284
500 268
436 379
448 296
494 210
435 371
179 157
141 55
495 461
495 107
378 93
462 1
599 517
282 143
577 484
238 123
571 506
327 68
433 181
207 51
452 236
516 211
458 234
24 9
270 90
440 185
376 251
332 46
445 305
352 205
125 26
443 233
595 60
359 170
304 136
443 336
486 97
471 393
544 166
435 85
314 301
122 94
412 382
339 211
390 177
291 178
400 342
379 368
543 143
492 395
492 390
115 91
596 290
565 302
574 19
453 385
317 18
377 67
556 219
87 85
192 136
338 38
262 223
355 175
462 365
439 170
343 126
266 121
512 171
530 385
205 116
322 263
556 500
332 43
548 185
291 122
102 90
585 579
450 5
417 268
560 488
529 444
371 294
562 46
592 267
538 195
382 310
107 81
121 107
428 179
521 220
591 371
188 131
380 98
329 98
535 360
436 97
587 86
462 67
69 18
468 293
522 255
480 386
464 102
387 171
413 244
509 449
523 205
488 130
387 79
32 26
151 1
431 272
127 98
259 191
522 261
408 251
334 298
151 121
227 137
187 106
462 109
398 220
347 94
482 165
318 215
417 44
217 2
311 249
332 297
319 55
325 187
447 29
293 8
477 121
232 208
481 480
182 74
575 83
549 345
555 518
519 476
500 467
106 93
522 488
298 153
576 558
582 443
352 181
483 231
525 243
467 321
280 78
184 6
292 232
388 83
284 6
229 107
93 25
555 69
494 144
146 86
253 101
489 271
469 123
164 112
68 46
281 183
580 78
319 215
369 22
591 465
449 427
568 429
148 89
525 46
539 0
228 81
458 294
378 176
493 387
395 302
230 202
416 343
311 223
317 34
515 153
434 28
569 512
390 243
82 72
276 158
431 295
597 460
262 115
417 257
376 265
381 71
352 338
432 149
174 64
589 221
458 406
545 15
414 10
441 207
368 299
531 123
306 291
131 112
462 352
323 176
486 1
567 26
397 394
486 34
569 421
436 352
571 75
520 124
471 62
231 5
533 72
194 104
569 467
300 88
520 364
458 14
473 111
549 246
364 270
370 121
466 415
390 266
341 144
286 83
572 243
226 159
594 543
282 35
133 16
387 300
217 138
328 60
587 390
358 13
147 35
596 228
291 92
280 48
131 65
461 347
451 149
464 255
487 446
568 160
376 186
275 66
497 127
463 37
436 430
306 274
471 444
216 53
519 481
378 269
555 230
115 84
245 207
370 333
336 63
177 32
421 234
436 243
560 376
302 39
414 128
453 378
456 430
348 1
293 47
402 93
500 102
484 136
544 355
564 532
323 187
304 257
597 596
552 194
558 63
315 72
528 349
441 60
311 121
544 5
552 406
479 454
471 100
507 182
451 419
592 281
275 55
551 383
587 351
433 44
484 381
355 229
449 283
134 110
588 270
597 147
589 116
251 38
508 149
509 136
479 224
432 40
510 155
558 502
557 20
258 137
298 25
153 133
514 289
424 184
267 93
411 408
106 17
272 63
536 331
168 92
260 194
242 225
582 453
240 200
468 11
522 14
170 102
88 75
219 130
594 403
521 330
554 112
507 355
232 146
467 314
352 302
499 184
325 20
581 341
446 303
594 120
390 40
549 46
597 160
259 78
528 103
551 544
466 44
514 347
412 324
355 353
429 83
371 64
524 492
343 49
577 497
467 429
303 172
480 47
57 22
506 255
489 97
578 490
389 314
447 178
327 282
265 60
509 342
140 98
471 208
559 48
388 168
367 86
460 1
389 192
373 315
176 139
400 155
166 104
485 1
461 243
13 1
582 55
486 103
413 377
297 81
586 49
122 32
492 187
536 267
441 66
512 159
569 537
356 284
147 131
249 33
185 175
594 209
557 289
545 22
562 509
233 168
383 210
532 492
239 232
541 498
518 191
396 36
326 291
330 61
146 54
403 23
556 369
268 47
375 334
461 118
514 502
448 398
253 245
565 295
436 32
352 96
368 225
340 257
127 43
53 3
192 2
422 208
543 325
374 110
471 307
356 42
581 231
516 328
574 36
385 143
405 125
539 51
542 217
432 72
325 29
394 132
550 467
81 3
254 146
361 66
362 25
516 31
267 129
478 443
450 13
500 69
175 122
589 274
585 226
459 385
466 37
543 477
548 186
531 512
217 192
547 72
277 226
200 30
423 234
502 284
520 424
136 96
584 179
533 53
183 13
524 299
229 92
583 73
191 17
468 241
101 1
270 48
490 412
384 361
366 96
266 223
549 158
582 449
591 28
309 187
363 91
84 78
538 230
310 269
577 45
52 42
332 213
393 53
177 80
324 160
407 46
528 63
533 413
567 78
194 83
466 139
108 68
189 94
452 158
518 293
543 201
412 243
414 324
199 140
591 409
60 47
524 88
549 66
418 171
363 100
523 467
525 179
504 329
201 65
119 11
583 66
246 124
363 321
394 232
405 47
307 266
431 221
149 109
521 387
199 12
359 188
138 54
479 241
421 271
577 152
525 429
551 17
448 128
492 97
354 294
87 14
449 53
394 315
442 135
317 61
459 270
327 66
593 445
470 35
215 188
351 229
588 310
314 270
327 42
220 134
262 50
162 94
474 72
502 450
78 48
434 342
141 66
550 314
422 247
329 154
180 141
584 330
472 230
521 214
341 49
528 506
520 93
599 339
282 167
509 480
455 326
574 373
597 592
512 80
113 35
549 444
473 57
536 396
541 186
260 85
359 49
517 297
461 341
525 174
547 361
548 117
590 226
409 359
324 186
522 149
367 131
538 410
414 40
427 243
560 555
566 546
93 81
424 123
374 312
553 29
272 16
553 397
445 31
195 160
247 205
489 135
50 49
9 4
326 68
518 178
539 504
218 106
571 356
398 256
511 161
517 28
527 431
201 98
566 502
239 3
305 248
411 216
252 191
467 156
334 303
534 461
484 180
389 100
390 250
291 252
579 245
311 174
310 168
442 390
590 554
290 39
322 234
220 219
429 142
280 84
486 257
429 111
306 289
252 153
417 328
573 67
312 310
535 203
208 187
457 253
401 10
580 54
116 101
463 130
578 187
308 275
371 57
299 255
284 211
173 71
323 268
492 212
206 204
569 93
442 119
445 299
358 228
523 431
268 35
238 192
560 8
396 189
259 252
54 47
512 320
76 28
598 522
166 127
575 380
534 416
100 33
581 297
