50 4 600 2500
49 28
49 14
37 35
12 3
232 170
524 378
519 510
559 541
435 149
448 47
348 14
353 256
515 250
530 506
329 78
595 328
328 27
58 33
548 498
120 3
158 56
587 1
466 13
238 62
559 274
537 72
577 150
454 390
409 18
437 172
517 496
321 153
423 274
359 103
451 85
81 1
208 53
307 192
88 68
293 6
476 233
330 18
369 113
266 68
292 229
547 135
592 344
278 90
464 433
570 161
519 312
180 129
167 113
450 259
484 373
583 406
491 225
472 306
573 31
562 58
405 4
442 40
537 162
243 173
308 171
586 28
591 233
388 34
192 71
525 223
544 5
281 228
474 347
246 195
323 277
342 199
591 257
169 42
344 250
353 313
346 187
302 215
348 192
278 15
522 505
343 97
461 173
508 359
195 92
555 0
575 573
512 444
511 343
585 44
474 444
282 74
502 208
524 363
381 60
372 66
260 197
589 63
369 234
229 33
423 95
453 298
484 455
532 257
307 103
150 126
566 237
291 11
306 159
581 210
217 163
482 464
392 61
183 75
568 148
230 100
478 441
572 439
447 369
541 381
556 337
581 67
557 220
317 200
404 189
574 118
595 22
563 341
409 403
525 16
535 206
66 4
283 257
229 154
273 266
434 49
552 55
327 41
244 217
226 53
474 282
230 10
118 10
495 493
417 340
369 93
263 104
286 96
517 405
353 62
554 162
416 272
274 74
344 296
414 303
473 362
467 328
444 114
179 79
423 389
508 404
184 66
353 344
440 163
282 75
260 79
239 234
550 353
296 96
78 1
547 198
554 532
377 39
580 161
501 64
406 258
447 94
477 213
429 197
524 506
547 264
435 321
40 24
511 245
428 38
425 415
156 114
552 212
547 272
286 1
578 571
474 273
429 173
325 134
534 389
291 26
267 20
515 34
248 99
75 23
452 255
337 89
489 446
80 14
227 119
301 136
159 140
593 246
236 125
226 77
353 338
341 81
330 308
133 127
352 241
514 173
594 581
498 258
182 6
488 352
410 382
335 147
317 98
467 451
112 83
455 320
310 162
427 26
502 41
254 196
234 3
517 158
150 38
334 220
157 119
299 142
516 328
168 11
500 188
567 0
399 81
443 114
139 20
544 362
238 14
459 374
358 246
422 98
131 55
309 21
393 62
96 94
564 185
448 385
529 330
488 57
544 367
504 301
461 45
233 90
430 297
481 288
310 86
531 448
564 406
73 24
155 97
318 101
245 221
130 112
541 148
399 263
495 163
469 409
403 95
350 101
535 278
185 17
307 293
441 371
129 10
43 3
448 174
229 60
370 125
420 189
426 259
455 268
395 95
357 253
281 80
298 40
456 8
335 283
494 205
349 312
188 68
408 31
385 365
403 1
412 59
397 53
489 194
368 218
272 208
349 89
568 121
251 167
474 110
508 482
300 210
390 133
311 307
279 158
252 18
379 294
534 458
387 243
278 265
426 0
530 24
576 521
340 137
271 180
300 285
398 275
337 101
583 582
271 59
269 265
141 9
146 118
556 319
96 29
228 87
528 315
488 155
408 128
548 477
580 9
177 103
266 108
576 248
253 62
327 11
585 91
291 214
346 100
596 159
532 221
510 349
428 110
276 251
281 89
436 32
411 190
454 193
370 104
532 232
369 78
375 311
430 171
528 204
580 336
381 184
262 153
512 177
520 88
200 187
366 208
378 181
553 98
521 276
598 485
325 315
383 46
519 186
347 187
475 276
353 90
424 379
72 28
533 471
514 66
318 300
275 214
497 339
485 240
438 249
166 63
375 218
137 24
205 151
585 140
200 152
524 314
214 36
260 85
438 146
557 206
453 194
292 252
283 130
315 212
598 216
593 298
444 3
26 12
436 230
565 79
493 261
519 85
459 200
70 14
346 128
539 158
308 5
466 113
229 129
595 254
371 81
209 121
267 202
462 179
220 58
120 65
162 2
478 373
390 380
269 129
530 113
565 186
234 173
374 112
185 34
478 187
379 378
367 26
597 197
157 92
272 3
573 289
257 87
595 297
156 39
472 238
426 333
599 344
397 278
474 436
236 47
485 410
422 414
550 460
592 222
267 176
426 55
528 4
418 7
344 144
553 43
399 257
333 200
444 411
400 47
596 57
410 93
249 182
346 306
421 155
469 114
431 394
175 171
436 220
481 276
525 34
543 263
145 20
472 221
419 163
593 392
264 148
130 40
472 396
131 30
558 17
535 20
284 3
538 322
267 76
535 4
374 175
503 386
432 14
194 105
419 147
574 342
521 227
164 102
145 105
392 183
259 129
230 218
282 140
445 104
275 169
418 112
446 412
491 32
380 147
279 241
281 227
437 294
444 269
307 183
590 105
435 14
432 95
472 363
200 18
448 287
222 69
348 36
567 345
118 37
593 538
488 13
488 270
212 201
420 50
298 118
356 72
155 65
511 121
419 407
400 353
267 30
366 307
493 125
341 312
236 77
518 290
345 325
385 182
502 292
442 286
338 1
596 357
449 34
400 360
243 43
117 28
476 363
382 336
562 476
439 49
516 342
507 126
315 242
543 337
551 521
296 180
387 265
189 99
425 58
592 61
245 14
487 440
576 482
181 156
462 378
268 118
434 16
597 238
414 356
521 281
591 506
319 4
221 137
455 437
535 374
282 154
314 214
537 362
532 274
326 108
541 234
553 229
293 52
367 306
562 534
174 36
526 11
438 34
565 497
566 444
208 103
448 152
558 186
470 73
399 42
499 35
536 158
551 0
474 343
220 214
460 258
437 360
171 19
585 305
516 142
174 27
340 180
417 121
509 133
511 185
534 201
580 149
498 329
292 224
429 362
451 86
443 2
402 34
448 247
428 168
365 299
363 264
342 56
460 339
524 482
569 277
289 12
111 103
568 167
422 43
377 318
376 231
476 332
519 301
341 273
486 325
517 98
506 204
588 474
555 414
274 15
554 318
461 140
569 400
462 326
223 160
368 176
74 73
510 204
405 340
353 341
529 485
323 200
243 112
211 174
506 299
255 237
506 343
238 234
414 364
524 73
131 35
559 163
396 330
365 283
561 146
576 548
581 475
554 95
429 192
219 44
578 58
568 503
422 192
561 384
227 40
532 265
257 121
449 102
530 37
253 227
476 47
398 315
395 6
322 189
118 12
304 28
187 18
274 89
275 165
383 101
464 436
461 32
183 94
447 114
333 1
341 164
461 309
445 193
551 235
371 105
261 139
589 442
513 453
198 84
463 80
595 560
374 320
324 136
444 231
379 174
119 93
108 7
558 503
439 419
435 141
379 193
337 56
433 101
460 140
510 61
456 24
383 126
482 475
543 292
446 406
182 100
502 187
361 294
367 34
58 22
197 181
516 137
385 111
280 272
138 117
285 198
370 188
330 123
120 75
549 490
585 420
177 176
522 279
505 358
262 176
496 24
516 322
425 159
152 99
478 22
267 184
202 178
275 102
561 25
588 106
432 412
367 236
199 9
461 154
498 163
437 296
428 230
531 201
572 551
294 123
487 40
445 46
63 15
390 267
487 376
580 430
265 202
568 213
451 114
433 241
578 130
68 55
563 436
378 36
512 313
371 323
488 26
514 200
85 64
269 99
462 174
462 10
517 51
359 147
483 391
551 368
351 99
556 135
326 192
253 182
578 427
436 353
503 355
386 123
597 198
553 22
523 335
131 27
503 248
406 155
565 112
401 311
395 130
238 134
221 78
57 8
205 22
408 218
405 155
398 371
306 30
493 49
369 90
584 222
479 91
595 590
193 177
434 153
493 204
201 100
80 52
178 81
298 250
391 211
392 69
597 130
593 236
590 100
497 30
238 34
196 57
490 211
581 181
467 76
216 68
598 481
545 289
487 428
584 24
481 389
205 99
107 18
351 327
575 68
563 293
286 249
593 480
181 146
560 196
566 113
499 272
270 106
267 237
519 91
158 98
494 278
52 11
428 329
575 401
418 93
503 174
571 102
588 521
225 0
403 339
473 142
360 290
138 59
380 124
578 118
441 383
70 29
581 7
332 54
473 438
492 248
579 255
574 348
438 37
596 142
489 427
549 344
274 94
264 59
283 30
574 336
271 20
368 278
398 311
449 162
337 330
479 80
581 179
450 201
488 467
340 240
303 109
207 9
571 112
467 122
295 151
233 119
544 342
133 50
192 165
476 175
383 270
240 238
376 370
210 63
191 177
504 290
262 187
184 39
592 246
341 267
110 53
322 207
551 510
562 516
302 176
284 230
495 455
232 97
468 36
227 57
537 141
356 0
407 375
537 285
461 214
492 31
332 249
542 458
156 57
275 225
575 86
379 247
310 265
219 117
321 174
453 246
484 72
518 337
372 289
377 139
503 23
586 557
575 466
449 35
219 183
379 156
432 398
325 201
587 81
365 204
417 223
289 122
457 292
417 394
535 259
496 179
369 104
437 249
555 500
430 34
563 495
224 56
433 232
187 153
182 9
575 114
425 266
265 89
488 71
356 109
489 153
591 343
129 24
283 95
428 219
447 225
183 17
351 221
516 378
593 112
568 25
438 204
560 447
418 403
232 161
547 404
587 157
516 503
449 305
247 12
510 364
568 74
510 436
441 175
213 13
380 307
406 20
248 48
567 89
191 116
539 159
583 261
299 144
72 63
582 488
461 405
535 300
537 151
323 279
539 224
584 464
544 539
470 365
537 342
443 388
279 229
571 34
587 290
479 166
298 273
510 498
254 13
550 161
442 46
477 55
599 166
599 253
256 37
598 395
134 3
162 75
478 384
171 163
205 13
425 196
183 176
578 192
179 114
560 340
299 242
290 241
482 30
581 217
557 514
447 389
282 190
466 80
381 127
518 407
532 270
572 193
228 76
498 240
568 91
342 2
261 256
326 231
142 74
596 404
306 232
207 119
365 168
156 130
363 294
368 328
486 111
342 271
574 445
365 82
299 7
573 191
596 74
461 157
518 106
408 84
569 354
318 159
452 74
462 310
421 274
545 148
517 33
390 281
353 272
178 64
513 19
500 308
486 349
517 287
367 67
237 99
228 142
366 28
500 133
267 168
562 352
509 311
594 99
326 44
587 369
533 267
514 404
229 52
583 103
506 257
313 17
513 323
177 10
477 454
489 475
446 76
232 153
271 152
558 49
358 2
532 268
496 239
492 353
517 435
570 522
341 127
194 50
381 59
551 336
469 270
111 28
186 50
464 67
444 180
384 102
392 342
569 401
291 277
512 471
122 50
506 314
388 296
529 2
557 441
352 155
428 317
525 89
537 495
432 263
423 32
478 24
423 260
408 189
476 434
477 457
549 49
484 318
155 60
462 101
142 111
400 215
513 331
508 157
430 204
393 195
464 203
258 55
598 245
453 192
552 368
385 277
342 12
513 302
470 403
498 166
591 540
278 110
552 311
570 245
240 43
454 48
192 114
524 490
564 223
595 138
167 42
332 67
245 162
84 33
511 30
265 99
344 31
446 194
324 48
591 378
331 318
236 94
581 156
442 234
247 77
521 421
594 9
304 44
290 122
584 140
457 347
584 338
177 94
173 29
526 9
162 143
413 117
316 254
227 0
112 40
464 61
523 506
407 48
539 499
348 115
430 255
423 11
270 33
496 36
227 213
364 86
369 103
537 112
489 193
243 4
493 443
599 141
284 189
435 373
587 434
276 27
545 206
430 419
595 493
570 307
548 375
305 31
456 194
583 263
483 423
558 153
237 164
380 187
144 91
514 183
580 16
288 130
427 186
318 84
223 98
115 60
199 90
434 413
353 24
582 194
501 395
417 326
556 400
332 102
551 241
434 326
285 39
118 29
155 84
300 197
282 110
59 24
270 181
194 48
236 235
364 117
404 190
22 14
160 151
532 244
313 216
532 176
302 168
349 251
235 224
284 54
118 117
557 170
593 410
325 16
381 163
418 133
585 463
447 311
501 437
303 44
132 67
371 296
426 168
420 269
572 16
362 164
458 343
566 338
158 4
105 88
593 341
269 161
579 568
281 280
570 184
220 201
322 298
574 545
114 72
334 45
416 378
531 107
112 64
555 493
325 228
89 55
479 394
546 383
358 191
181 168
169 81
458 13
540 536
577 340
454 322
541 230
548 496
577 43
183 65
510 375
590 568
563 306
314 53
189 68
599 26
259 212
400 103
401 9
320 106
548 247
409 134
286 13
540 416
431 98
488 290
529 92
156 102
505 71
514 472
371 10
558 117
421 326
558 390
429 80
140 125
426 319
206 126
459 438
87 59
430 202
425 338
520 367
523 278
592 269
536 267
507 249
391 144
111 31
322 17
254 98
392 165
553 18
477 54
551 116
272 172
507 104
542 48
353 189
570 1
384 298
459 76
490 220
476 367
295 203
454 204
383 376
561 250
593 133
124 112
549 427
550 130
456 209
323 202
491 188
496 223
577 70
209 147
115 53
427 73
347 98
504 72
395 358
495 62
425 83
9 1
441 122
467 167
319 87
542 111
428 314
577 128
150 81
296 39
330 126
268 77
473 130
317 134
514 16
438 218
358 34
314 29
581 316
372 24
551 8
421 237
512 442
593 192
153 80
371 66
255 45
144 74
331 27
537 255
402 348
120 105
445 113
28 4
547 142
592 402
588 458
288 212
466 235
513 162
401 210
466 306
555 433
409 59
301 219
221 82
554 422
279 234
525 353
348 58
572 221
487 23
206 175
522 164
367 222
259 51
549 176
229 109
570 262
526 138
454 435
302 6
539 107
397 199
510 315
181 106
430 306
277 85
196 11
278 257
195 108
18 10
464 414
314 306
402 51
244 81
538 213
355 296
367 23
295 150
519 15
434 218
493 238
594 256
396 7
151 118
568 433
299 74
563 444
586 442
518 310
236 39
575 438
225 94
537 156
543 442
516 156
489 41
388 370
241 140
293 265
525 225
465 234
499 258
483 365
506 80
542 74
578 167
539 226
393 43
412 231
140 38
219 5
456 260
584 151
584 127
456 34
178 36
513 307
324 79
390 93
307 254
176 85
416 311
512 89
580 65
594 101
466 178
160 115
334 215
419 44
263 62
448 94
51 13
258 254
463 21
580 282
502 389
348 229
366 166
481 333
346 200
287 37
455 386
257 23
550 383
359 308
408 366
548 67
396 357
541 186
165 156
417 13
203 110
412 269
452 403
424 328
458 283
417 252
442 190
252 8
400 294
448 145
277 240
594 472
594 402
397 38
556 81
590 346
493 316
321 290
91 70
436 231
366 357
279 112
577 21
164 69
515 461
558 115
506 26
431 92
286 25
553 1
564 553
388 236
448 275
531 270
219 211
524 486
471 205
126 105
589 458
368 83
507 268
401 126
335 164
362 232
458 181
372 262
559 514
329 179
497 58
131 14
479 163
575 464
444 296
248 232
482 437
444 123
567 359
403 275
346 121
519 180
565 100
563 193
565 99
291 244
580 274
141 39
490 399
285 55
544 428
409 82
212 1
597 12
236 152
427 229
303 214
346 221
48 11
453 452
468 200
77 11
477 364
534 498
381 164
406 275
162 60
573 233
544 498
323 264
82 1
524 171
548 321
579 574
538 265
516 13
407 293
132 78
537 122
386 105
516 446
415 216
322 241
379 358
400 184
220 51
583 579
322 211
123 31
590 429
305 104
516 246
556 532
488 173
460 256
545 434
547 468
296 265
304 284
357 170
222 204
187 164
424 130
242 228
585 46
504 305
514 498
532 398
322 272
373 81
202 63
298 211
367 7
591 208
425 144
355 72
520 0
402 242
368 98
481 278
558 557
554 384
550 531
466 151
361 189
565 363
124 54
100 22
505 256
191 97
597 334
539 10
443 381
554 177
368 181
307 172
192 84
481 395
491 122
260 171
480 230
434 358
541 401
583 301
553 414
284 244
413 48
334 209
311 35
472 150
562 141
459 217
488 153
451 287
396 374
555 348
362 82
594 126
221 118
573 160
54 31
196 50
447 323
272 146
299 75
495 239
376 104
399 48
461 340
322 31
42 2
441 426
404 64
279 179
511 360
366 196
549 23
251 244
272 233
535 247
125 107
288 29
344 229
540 137
345 129
366 242
599 454
514 167
460 434
594 1
366 91
322 52
468 440
192 122
274 233
144 20
519 460
442 411
553 47
529 508
424 233
454 438
534 163
363 163
527 221
561 360
439 106
566 307
95 8
353 116
594 97
226 202
378 361
91 6
535 225
583 382
470 61
303 230
558 334
491 166
462 86
530 364
390 195
463 426
384 270
110 87
361 136
557 175
309 91
339 277
454 70
289 81
554 249
594 320
431 160
54 19
183 13
496 423
88 64
250 110
554 103
573 327
431 39
580 53
168 65
503 253
347 206
509 415
574 548
246 180
178 174
581 331
434 72
518 473
462 366
525 170
383 306
561 484
595 319
562 348
212 112
477 429
489 141
599 573
466 263
564 378
546 360
403 222
416 78
420 346
224 143
228 163
479 251
412 9
236 192
533 216
266 249
475 364
283 48
324 5
285 113
343 39
546 135
139 88
492 129
492 70
346 182
540 534
583 344
430 334
288 83
474 466
578 162
543 490
525 518
546 102
187 109
559 172
593 43
381 167
590 281
504 327
582 463
127 114
594 449
262 242
240 203
514 2
444 59
318 308
554 2
203 74
544 396
415 360
583 293
588 23
179 94
530 294
58 7
234 67
306 7
470 255
307 90
408 61
142 91
511 424
441 360
259 158
556 551
574 126
555 211
422 156
570 500
340 59
518 61
351 179
595 390
579 470
456 308
203 21
402 211
423 127
378 68
587 275
590 522
419 315
504 175
489 55
415 395
532 382
446 189
508 270
479 152
410 281
219 20
533 385
545 248
254 60
415 292
460 181
372 315
509 59
331 8
268 236
444 272
517 58
485 45
498 382
589 240
491 392
544 518
453 419
97 2
307 145
589 473
115 12
197 53
72 57
322 50
582 480
366 312
515 304
506 260
517 447
470 156
335 261
363 57
546 203
127 57
495 349
584 447
443 377
254 117
298 227
566 506
331 14
214 184
405 332
551 16
597 27
375 192
533 491
495 229
286 67
480 306
184 3
216 196
526 299
485 166
499 423
496 292
459 325
455 7
425 423
223 184
384 155
434 230
569 444
341 266
304 85
524 193
268 243
502 321
488 25
490 31
538 87
123 102
528 174
265 102
97 39
528 349
478 296
96 8
317 117
151 147
541 144
396 176
577 213
457 71
568 407
405 102
351 275
474 348
430 149
308 176
447 259
552 15
525 441
487 20
465 318
410 3
261 46
394 373
450 178
467 338
543 461
403 177
537 402
556 339
592 563
408 343
538 300
579 410
517 423
599 163
302 72
505 149
52 28
233 209
214 119
121 71
445 400
337 334
520 168
500 6
436 208
190 188
315 74
341 17
557 334
345 195
586 197
99 27
531 332
591 215
374 236
215 4
474 308
452 41
547 126
461 170
461 406
451 196
389 370
342 278
561 21
522 74
339 72
371 261
33 8
500 257
591 136
325 285
346 175
196 90
39 21
255 168
576 430
521 158
586 289
510 138
282 183
582 377
435 367
293 203
223 190
461 307
482 355
538 81
382 222
436 200
544 17
208 64
263 181
593 369
525 128
569 495
401 369
386 149
387 187
414 51
540 56
569 292
540 276
46 27
500 200
375 231
552 345
578 49
546 421
539 389
483 41
577 372
542 265
307 236
461 195
345 119
400 16
550 429
566 67
75 0
577 181
514 125
167 137
364 246
520 203
262 207
232 33
539 345
431 228
408 283
537 186
262 15
100 90
102 22
575 263
456 412
402 365
340 57
210 105
440 14
199 70
428 256
386 366
425 357
460 431
482 299
511 212
498 227
482 388
433 361
568 187
511 323
495 381
403 391
492 426
584 507
590 252
595 147
545 231
395 49
547 122
428 334
560 286
581 370
199 172
464 149
247 148
236 175
584 426
274 116
366 64
548 475
499 60
508 171
475 54
558 23
537 316
504 427
534 371
454 86
219 147
583 251
57 1
280 165
365 10
466 273
353 325
532 530
505 301
397 132
405 279
548 71
545 72
443 52
155 109
184 70
506 452
355 267
459 222
73 6
413 167
484 419
399 153
428 85
460 116
78 36
509 349
405 259
212 117
308 255
592 128
507 34
313 58
511 433
167 52
575 483
572 346
150 132
276 206
178 46
573 157
487 294
436 41
553 103
384 43
220 36
482 89
102 16
564 310
461 278
572 338
471 300
390 156
199 60
488 209
278 160
181 92
324 73
300 156
428 331
558 405
427 326
555 247
266 106
195 23
486 232
598 237
257 168
561 259
459 65
376 269
555 56
342 143
529 155
389 9
546 10
597 22
151 4
167 17
442 241
288 129
47 1
239 4
206 37
499 153
510 163
373 155
239 0
386 83
583 5
365 4
167 106
216 114
418 89
533 12
139 83
382 304
551 508
497 137
381 119
339 160
521 278
573 443
160 96
273 122
441 125
516 79
400 276
552 38
98 89
169 36
270 206
192 0
439 240
484 247
177 146
332 127
284 250
152 16
108 73
485 169
545 71
550 3
550 61
581 128
545 143
93 36
365 5
197 40
561 206
542 153
498 457
456 369
518 278
561 127
439 149
470 206
335 316
430 155
106 35
164 140
218 14
341 53
390 12
563 424
271 2
536 531
280 36
564 492
545 533
442 195
581 86
566 38
439 197
309 187
170 91
421 215
171 96
528 281
384 216
567 258
540 329
575 216
410 16
513 173
309 84
192 36
579 31
572 243
380 343
444 109
188 161
546 47
595 474
452 232
262 45
142 127
354 171
310 163
451 417
540 254
526 230
195 154
284 109
599 187
301 137
585 441
464 242
587 240
165 102
481 296
581 502
522 103
526 314
407 46
573 55
103 4
443 62
406 144
233 24
285 280
574 530
346 291
520 330
547 484
488 123
391 89
418 157
362 129
290 127
425 151
498 153
550 367
339 154
92 68
520 382
564 303
446 198
386 376
511 26
414 218
519 0
306 301
555 230
575 383
435 53
401 385
81 62
596 564
354 31
321 251
312 21
396 164
491 269
441 129
533 33
595 573
479 24
318 213
478 325
410 171
186 69
553 330
66 5
245 89
152 89
42 21
579 70
225 209
364 71
182 56
508 252
109 82
381 297
577 228
269 87
402 156
597 327
434 143
597 246
427 271
334 148
465 121
224 165
586 200
500 403
369 278
440 152
584 171
272 187
579 168
471 358
550 447
122 71
484 238
54 7
560 435
540 261
436 48
379 322
290 112
587 89
445 406
465 17
46 8
502 332
462 78
239 17
276 41
304 131
390 305
467 71
223 48
583 3
598 132
428 89
