25 2 600 2500
15 5
24 14
502 309
568 376
544 138
66 44
574 300
590 227
524 33
482 25
459 318
353 94
365 92
465 78
420 50
432 86
588 406
525 491
543 203
475 90
469 274
477 5
392 4
543 185
418 50
139 104
298 190
386 188
596 534
548 420
491 466
537 430
446 265
547 296
588 98
198 94
385 293
90 26
392 370
463 221
596 469
376 17
329 116
329 294
597 107
439 18
562 32
580 250
526 58
155 34
429 69
573 256
584 196
417 250
304 208
450 61
293 270
249 217
580 273
105 13
145 67
596 584
307 123
338 280
580 338
525 375
500 424
592 210
211 68
486 350
464 103
447 173
455 5
280 60
598 323
297 239
524 166
508 24
264 6
426 260
347 180
488 168
359 265
308 8
239 158
103 47
351 27
253 143
596 87
584 573
347 41
401 392
145 90
185 105
346 216
255 119
576 275
563 427
214 127
494 234
392 90
316 74
582 531
531 292
378 231
360 297
316 49
356 219
450 235
431 105
462 307
334 241
9 6
553 133
532 321
542 321
598 16
358 165
557 321
353 163
222 54
428 401
291 207
112 53
111 86
492 355
254 89
452 258
359 345
499 230
410 376
416 175
534 145
541 537
507 329
416 41
403 191
451 31
287 195
594 143
469 279
496 26
596 214
507 374
184 164
441 12
566 146
125 39
318 61
519 494
425 113
562 209
397 294
478 163
432 70
225 203
519 252
279 133
194 176
496 200
254 117
380 315
402 338
587 478
213 45
293 134
578 535
321 280
514 176
562 102
391 155
485 264
473 293
343 8
589 349
454 379
428 34
507 82
594 378
118 34
196 120
558 428
470 275
258 162
482 339
372 287
505 434
158 10
313 2
577 447
558 126
263 183
404 231
317 216
515 255
467 167
387 180
388 194
541 396
446 353
463 233
179 157
587 13
488 477
326 315
452 354
473 183
261 105
406 203
492 158
546 400
514 512
146 95
552 378
503 444
572 398
152 79
415 174
343 15
298 28
486 252
566 87
488 487
575 68
441 6
564 27
539 257
323 215
260 148
482 280
343 244
283 267
431 16
267 234
537 18
385 264
529 397
517 416
547 248
283 258
287 8
313 3
476 234
353 279
169 27
248 8
549 547
362 236
468 346
278 126
584 272
562 526
371 49
532 393
492 184
317 210
268 107
581 540
34 9
501 103
263 106
514 399
557 265
299 248
28 6
559 60
536 533
573 35
53 41
204 186
311 134
492 14
574 104
458 384
79 31
127 116
179 72
317 73
573 42
263 23
475 7
211 42
385 375
449 53
482 456
411 328
531 299
250 236
212 43
139 40
484 251
474 414
184 124
143 118
571 475
591 171
434 411
285 202
464 84
314 22
479 439
309 158
519 446
426 99
513 239
473 429
470 413
132 57
474 413
257 89
327 95
243 131
501 25
477 236
324 74
484 458
575 155
599 309
200 70
521 132
378 339
420 329
432 106
564 37
583 261
390 305
523 6
513 220
310 50
518 61
260 256
521 202
121 62
294 260
379 37
378 355
196 48
377 85
281 51
400 227
512 141
417 96
523 402
563 118
382 16
444 230
348 85
405 386
576 468
587 123
403 390
513 307
503 9
290 99
556 218
339 141
439 350
598 36
493 354
466 426
154 26
469 32
567 217
126 10
369 12
489 302
498 296
568 181
515 157
346 199
493 108
489 110
440 341
162 105
436 135
496 25
491 36
496 464
305 156
263 16
301 159
586 545
566 101
536 346
252 175
141 107
528 127
442 370
329 210
565 140
497 334
322 264
575 210
360 146
35 30
539 465
183 44
350 97
422 208
596 406
331 146
577 176
592 111
379 245
366 119
568 475
338 289
492 483
501 186
158 82
582 493
533 191
493 267
475 313
547 58
497 381
414 262
414 354
485 429
301 72
324 265
251 93
452 358
175 91
167 37
230 126
448 224
553 286
435 47
577 505
106 15
403 170
296 29
482 91
474 308
166 40
497 292
355 187
595 189
232 114
481 420
402 209
592 379
494 258
524 31
453 373
381 60
142 36
597 520
380 327
480 204
532 419
401 72
388 252
574 128
501 356
399 256
131 32
553 275
338 184
513 473
379 181
310 63
138 41
240 207
346 218
477 210
404 12
272 67
297 219
289 0
439 278
516 133
216 79
517 501
575 265
454 391
572 382
147 12
341 91
350 312
140 19
434 1
90 48
419 282
429 32
511 31
345 335
175 25
323 110
37 20
542 396
197 9
384 76
416 76
163 71
177 79
149 13
506 190
259 246
494 33
231 91
347 85
469 24
354 306
448 182
581 219
530 250
546 307
576 220
252 22
598 285
585 104
282 139
318 202
356 161
594 414
428 184
140 132
130 36
251 215
232 14
412 342
376 48
590 121
386 218
309 226
467 58
502 61
592 60
594 270
102 18
498 455
562 394
513 342
412 86
481 125
267 27
376 240
459 199
532 503
130 52
278 274
288 55
241 56
483 477
447 376
599 285
473 27
369 140
567 422
449 84
551 134
346 0
325 77
463 8
421 158
300 141
598 504
498 51
350 205
558 202
509 97
370 157
472 284
598 438
71 70
421 379
509 321
395 139
283 19
515 53
371 1
460 1
550 421
356 69
510 91
520 381
411 69
492 351
579 403
589 22
585 136
519 20
558 216
591 500
441 175
557 85
544 520
79 78
416 4
442 120
438 284
464 193
540 48
340 54
112 37
365 362
450 117
572 37
382 310
591 257
488 257
154 78
469 157
250 141
531 78
58 30
427 385
576 460
539 91
242 204
81 20
291 211
346 322
462 14
532 20
540 216
481 257
169 134
565 38
167 145
486 320
212 29
531 424
199 46
438 434
348 80
416 248
226 139
585 324
295 77
518 501
328 87
88 70
529 363
504 100
62 58
569 118
221 197
538 277
348 302
375 342
132 35
544 149
586 448
577 235
554 82
563 330
562 15
524 21
585 52
533 489
258 130
554 204
342 92
180 57
476 392
221 82
202 20
520 107
429 146
495 356
222 206
298 59
367 186
285 197
330 91
226 1
241 185
122 99
584 281
328 230
338 211
151 33
503 317
385 106
533 175
544 240
414 26
477 67
536 456
526 400
538 237
237 34
550 533
297 104
391 193
443 430
416 63
269 255
403 76
450 379
560 54
464 257
560 264
321 303
586 48
391 265
413 395
335 34
428 112
452 421
51 44
554 227
566 400
192 123
397 242
497 243
206 29
575 445
160 66
482 243
258 65
462 73
485 139
585 297
187 117
67 13
555 368
364 139
360 138
497 362
525 314
257 124
501 327
307 121
251 72
359 128
282 157
541 536
237 90
178 103
516 207
312 245
267 82
267 62
420 369
349 282
490 323
592 164
547 324
441 11
515 347
269 98
379 191
542 508
416 400
449 223
457 427
359 40
184 147
222 146
480 260
427 384
464 247
122 68
450 434
556 393
230 48
386 169
558 491
343 204
426 121
597 318
573 523
529 494
385 278
578 523
131 3
496 172
272 153
53 35
574 489
433 289
591 359
553 137
453 357
413 226
406 378
225 8
258 127
244 31
571 2
337 55
534 211
566 399
502 201
423 255
559 402
413 52
283 106
441 14
208 194
33 15
437 126
488 13
562 368
499 374
559 76
597 301
455 328
515 209
593 449
404 341
338 307
378 282
544 40
495 45
288 23
452 276
478 157
507 104
97 86
154 121
387 304
295 148
465 425
580 447
507 231
569 284
481 464
587 114
385 357
359 203
546 31
410 144
596 559
569 75
441 430
289 61
315 258
510 452
235 51
492 281
556 348
559 85
416 192
502 346
472 214
324 141
485 162
380 118
353 209
77 62
570 81
542 312
596 48
574 11
353 324
412 354
441 17
265 172
84 39
540 340
376 67
573 329
425 418
318 173
529 210
159 11
577 468
350 89
487 107
519 221
466 355
391 192
557 455
482 365
477 215
261 129
402 160
357 327
166 128
545 51
490 98
591 229
420 384
588 492
470 284
550 112
400 271
465 346
507 320
329 96
516 208
321 230
583 77
332 69
452 26
500 62
275 128
507 266
394 169
246 91
269 177
290 142
498 57
396 308
374 16
549 16
418 95
436 225
312 16
551 217
146 22
370 36
484 386
262 54
342 252
325 38
590 506
538 481
573 466
367 331
118 5
420 410
446 354
480 96
402 190
358 146
372 320
516 331
311 139
258 110
335 250
382 279
183 47
405 281
562 309
194 148
403 271
278 113
470 225
287 82
263 76
588 55
527 453
376 367
466 74
162 144
201 121
410 82
583 331
490 101
87 72
493 372
509 342
309 61
591 495
494 162
482 22
501 62
312 250
328 279
401 258
396 29
591 63
577 6
277 70
442 253
371 187
407 98
154 19
365 29
512 447
376 148
537 405
413 167
444 434
573 476
321 119
226 94
434 204
543 321
514 150
218 173
559 16
412 119
523 226
332 95
574 127
574 183
587 552
144 43
324 243
532 284
560 365
366 277
410 305
430 64
411 347
592 143
175 16
347 100
531 412
289 78
293 205
556 279
573 105
364 273
296 53
67 35
518 326
507 492
341 43
384 93
545 439
449 187
562 524
428 247
377 312
132 115
468 72
238 37
588 564
431 279
573 462
337 164
589 464
501 411
577 542
486 301
566 80
283 224
568 168
353 109
524 0
389 281
390 241
140 41
498 286
525 26
578 544
496 306
497 360
304 170
573 514
241 233
481 23
556 432
595 243
427 397
426 240
152 20
164 113
590 106
493 338
490 359
262 258
132 112
557 446
435 330
173 5
305 180
570 80
316 2
232 191
152 116
451 348
141 39
387 53
527 494
422 311
420 360
112 60
480 224
310 291
240 173
127 22
439 170
276 82
592 521
594 22
388 302
403 16
299 169
570 159
455 6
440 284
216 98
508 222
493 244
388 206
555 432
406 262
199 94
418 140
570 156
439 430
525 34
516 442
549 529
517 68
195 33
465 6
298 24
538 106
250 246
513 34
521 465
568 357
526 462
286 45
363 84
500 164
454 422
336 142
310 1
534 34
559 200
430 385
213 50
493 193
553 294
547 534
495 297
247 136
187 69
581 536
460 112
405 200
369 3
537 187
469 409
418 343
542 59
551 86
83 72
231 187
383 135
487 180
203 23
324 165
416 236
424 335
304 159
531 5
409 231
403 181
476 374
251 16
596 31
383 117
567 207
574 208
345 264
446 355
76 52
407 390
451 89
116 70
462 453
195 163
269 14
512 257
248 233
437 154
451 274
382 207
332 183
150 117
416 211
297 106
355 318
469 227
581 434
305 178
271 24
336 328
232 80
328 212
582 334
143 6
150 70
584 109
388 215
418 19
402 335
435 271
408 144
284 59
565 313
82 1
408 71
543 85
245 77
488 249
492 349
109 64
171 155
528 95
457 364
259 115
371 78
550 297
291 264
338 15
398 306
305 233
499 399
432 321
224 158
536 382
545 491
484 344
216 126
327 134
566 96
401 168
200 49
243 173
575 12
567 346
490 442
335 70
113 57
283 280
124 95
278 268
486 345
235 144
312 207
291 200
347 67
540 98
380 93
144 80
442 9
217 199
526 112
525 265
263 225
433 181
554 54
564 353
487 78
558 222
494 328
364 83
594 440
514 391
186 95
249 53
299 286
264 177
68 30
526 459
266 87
419 67
329 257
343 166
453 20
590 11
238 123
370 188
271 200
544 490
422 283
397 71
144 137
522 265
488 158
474 37
279 182
406 247
329 112
504 338
409 81
376 2
533 110
330 164
254 87
414 184
428 283
593 561
547 225
426 351
467 272
324 48
52 17
552 352
194 175
321 110
491 418
129 36
423 380
375 265
384 252
464 439
327 44
570 354
506 0
465 3
356 246
484 438
433 415
228 227
539 364
525 60
207 94
259 84
484 131
23 13
400 163
154 141
279 98
145 48
261 208
290 198
516 74
523 17
491 161
357 115
358 157
556 305
390 143
446 192
589 335
359 125
538 99
305 294
566 500
199 129
553 159
475 8
482 352
178 155
574 388
378 126
447 96
402 362
590 589
481 204
304 169
483 116
519 2
510 192
210 23
450 85
413 128
491 478
348 313
365 25
227 147
477 396
565 498
359 330
493 163
313 41
467 442
390 374
595 401
316 160
575 212
399 113
418 35
239 91
386 157
508 394
151 84
546 296
315 141
226 166
577 245
479 88
468 338
514 111
489 349
563 402
454 52
573 217
129 126
371 199
415 163
596 581
435 177
502 432
537 287
399 57
381 138
531 457
365 324
420 18
587 49
411 100
341 241
589 165
280 270
452 348
339 230
349 182
53 12
590 446
187 182
514 316
447 405
93 43
224 41
258 173
443 201
332 247
409 25
437 113
435 364
394 386
449 340
161 137
390 370
344 48
409 266
499 224
383 16
401 170
582 436
425 131
552 209
247 29
289 189
388 116
377 282
447 262
567 114
594 521
591 158
439 210
379 324
560 478
545 339
462 219
419 284
100 77
449 384
254 249
411 151
591 4
497 175
358 159
149 111
164 42
374 218
388 105
279 138
291 274
215 57
503 7
375 216
487 297
521 461
381 359
374 28
474 393
454 141
365 212
556 219
526 389
74 28
496 453
449 34
266 133
262 149
552 25
435 179
445 5
590 155
463 382
487 248
471 430
552 16
438 186
516 503
475 358
588 260
354 305
429 377
459 420
453 341
538 55
244 108
587 333
298 101
559 229
582 123
350 31
181 29
293 150
358 290
209 0
374 77
307 69
404 182
314 62
387 64
527 29
380 285
566 565
595 363
481 313
168 79
388 225
434 259
508 83
412 33
469 255
264 79
520 509
573 447
521 82
268 68
570 516
586 422
375 288
279 50
594 72
71 67
400 15
545 29
526 242
500 388
418 337
521 19
514 490
453 354
216 206
463 136
212 47
85 78
206 151
493 4
136 98
583 44
579 262
547 355
565 99
338 62
462 167
314 49
130 53
561 301
317 10
194 150
568 366
365 172
426 159
471 155
512 371
275 124
504 373
539 126
444 70
408 370
166 123
517 349
336 211
126 24
399 307
298 60
564 451
366 186
440 155
116 2
306 83
139 4
581 144
586 516
483 448
396 310
35 25
511 116
495 357
528 349
383 367
561 257
466 435
97 36
159 133
308 12
574 37
404 387
307 292
335 122
418 83
540 483
389 43
151 24
537 311
295 83
521 167
380 151
437 24
330 34
521 333
324 199
399 3
198 2
495 226
505 215
513 421
522 310
537 487
528 496
581 286
285 87
564 81
149 127
174 20
251 142
554 372
263 2
477 204
304 101
253 213
147 132
284 46
556 266
136 29
287 228
130 109
393 95
395 208
362 161
213 32
249 21
194 116
341 146
535 82
584 567
171 170
308 219
523 273
502 340
502 447
444 363
482 172
570 269
538 402
533 106
427 394
338 169
565 296
592 203
569 493
557 108
429 308
591 357
516 308
434 369
167 60
556 179
243 198
588 163
575 185
40 35
483 256
561 107
529 341
442 119
449 414
402 264
597 176
582 220
559 3
372 234
416 80
575 211
559 285
414 225
437 127
186 123
555 13
507 206
544 223
290 21
241 225
281 119
435 351
561 444
476 95
67 5
285 119
262 213
479 163
478 117
507 331
285 267
242 160
141 133
368 343
512 20
509 238
330 248
322 201
277 270
372 0
321 147
520 373
536 108
429 90
476 25
511 129
449 306
382 271
584 578
525 431
284 130
332 59
484 339
525 176
344 338
200 8
531 50
578 541
560 171
497 314
188 1
376 93
309 236
579 44
377 275
565 338
297 120
582 40
517 216
411 303
220 4
549 202
595 137
187 118
424 417
418 179
398 170
535 412
526 283
514 166
188 57
470 404
498 27
538 193
214 213
514 489
242 62
569 459
355 340
87 85
392 68
300 39
522 318
160 7
545 329
348 44
550 307
589 552
12 7
433 165
373 198
379 214
470 392
551 507
446 14
296 196
519 445
464 348
572 552
543 248
499 243
123 94
467 18
462 401
266 154
400 50
498 399
476 124
176 21
557 130
425 383
362 213
368 323
529 305
571 33
489 329
200 33
427 130
475 44
470 12
469 6
434 322
591 306
562 65
584 311
365 102
408 225
265 248
396 105
242 73
336 321
427 333
347 25
460 342
340 284
269 92
516 264
292 190
410 158
177 115
172 167
549 317
58 50
560 361
424 14
547 46
467 238
465 437
440 258
508 215
450 421
382 301
378 57
330 204
412 409
447 287
355 246
591 472
587 455
484 462
587 476
390 12
352 254
359 193
598 216
578 98
376 55
473 68
355 158
598 325
460 143
495 165
372 236
491 135
262 189
563 287
255 80
549 66
201 200
504 262
172 88
569 412
482 109
353 150
159 106
236 7
361 74
474 301
535 394
584 242
381 193
152 142
384 168
580 66
213 143
392 285
408 21
554 541
259 45
493 227
478 261
386 274
388 99
339 115
527 435
388 173
210 18
508 110
430 410
376 316
213 150
197 16
503 440
525 217
383 328
361 123
263 249
467 378
197 62
495 409
572 283
331 101
405 25
584 493
502 68
399 378
599 321
445 390
505 468
145 79
236 109
458 220
336 146
398 2
586 287
256 225
550 308
430 116
344 165
518 467
232 31
151 26
346 112
396 225
551 167
402 195
483 100
317 279
432 73
319 120
443 386
525 391
455 421
567 185
482 289
355 93
560 228
358 201
318 104
474 361
530 265
496 357
319 256
575 396
580 254
307 254
429 148
570 361
599 358
375 371
19 11
70 32
592 89
584 35
424 177
404 2
316 28
381 7
270 106
560 276
211 127
470 433
330 206
90 42
136 38
504 237
584 173
556 529
128 113
586 497
425 301
572 155
523 360
551 78
193 155
414 326
42 28
585 127
308 275
373 42
316 197
526 350
246 113
511 319
188 104
399 288
124 81
72 33
145 98
390 239
350 95
215 51
439 139
463 257
576 317
521 38
384 314
337 39
462 281
255 146
427 204
95 2
558 350
570 266
424 31
584 487
565 454
511 10
449 68
507 387
236 159
538 301
499 220
517 317
194 88
423 165
240 128
371 205
267 55
557 286
514 35
311 282
501 205
297 142
309 231
531 208
477 401
410 386
585 424
522 226
221 177
379 281
66 17
333 59
241 32
456 305
560 79
488 215
476 156
534 512
531 131
343 128
324 266
179 169
241 35
582 512
149 12
374 161
557 509
203 63
176 136
126 121
398 328
420 203
275 106
348 295
595 575
514 486
153 33
217 206
509 249
195 13
498 334
222 183
505 236
443 303
90 49
504 303
403 342
350 176
218 181
325 50
431 375
527 132
371 121
397 357
593 170
419 334
217 12
382 12
491 160
314 205
558 411
331 286
177 3
118 117
568 13
400 154
501 386
349 191
444 413
366 346
510 436
394 388
448 198
474 347
293 181
483 394
524 149
544 202
142 126
463 426
553 376
243 183
420 241
582 355
508 413
555 192
574 521
479 444
258 236
327 126
572 368
578 412
596 181
532 96
222 80
160 36
343 44
179 34
592 155
235 154
395 44
584 170
332 54
419 185
380 63
446 183
185 123
502 315
522 515
583 324
377 3
336 157
454 360
489 338
243 61
439 306
237 29
569 238
409 357
310 237
561 142
328 262
407 179
193 110
250 148
174 82
507 272
521 438
368 112
357 141
67 36
557 1
482 405
348 40
422 369
370 121
560 485
482 210
523 165
505 426
597 465
466 24
545 123
188 54
594 488
278 269
484 365
567 404
80 21
553 44
511 340
590 354
487 155
6 1
248 195
110 74
471 397
156 7
522 445
422 91
327 69
105 78
446 423
501 240
286 18
111 50
391 329
207 105
464 388
131 21
200 181
375 161
312 153
344 281
247 34
595 433
365 339
180 92
432 27
413 102
143 27
388 258
562 338
569 509
400 266
594 166
506 97
287 80
193 120
415 161
335 148
217 210
263 172
406 62
316 101
467 110
393 358
473 331
520 277
548 204
249 142
222 214
345 70
593 437
435 43
172 15
161 104
399 187
550 230
325 177
474 253
585 140
423 17
579 374
488 284
435 268
413 282
393 159
573 393
489 15
580 466
165 33
510 205
544 269
464 131
331 35
237 36
248 5
585 350
307 77
519 198
597 254
411 173
549 129
449 61
564 178
242 128
349 185
344 68
204 58
456 178
405 166
397 20
133 131
575 233
542 374
540 319
191 186
381 103
592 274
248 88
466 10
467 152
588 29
499 27
569 39
491 25
433 407
194 93
337 112
124 32
503 479
548 459
399 315
583 79
314 287
358 42
584 367
155 50
564 167
306 75
442 179
409 365
597 425
561 96
395 381
379 247
570 466
446 67
194 57
216 2
540 228
313 266
259 165
495 311
562 406
536 465
82 43
463 195
391 389
404 303
533 130
376 170
466 142
404 365
254 106
305 39
466 334
512 433
195 115
403 62
302 13
481 285
311 178
236 219
436 76
284 8
241 69
358 241
181 37
441 54
310 148
381 18
350 262
256 232
341 208
538 85
320 126
551 215
559 48
380 47
181 68
523 100
421 291
225 192
576 243
509 80
316 214
409 304
519 123
548 187
371 366
571 484
394 150
509 343
561 155
324 37
265 43
277 261
170 167
252 11
341 166
516 50
264 53
383 179
200 80
357 18
463 306
349 244
497 394
127 41
338 83
279 135
579 68
338 117
424 91
497 174
331 168
406 326
128 0
234 220
303 115
497 222
244 106
429 109
501 108
405 147
528 402
220 29
553 403
387 349
508 108
532 49
471 128
548 72
432 75
137 40
303 252
491 12
375 157
561 560
378 243
429 314
476 58
581 138
585 84
368 237
351 311
559 515
43 4
537 207
509 304
569 495
469 79
537 137
319 67
545 452
573 209
408 6
505 327
576 356
210 205
516 83
493 306
151 46
391 368
297 127
363 258
48 14
506 401
487 409
361 218
571 512
461 168
584 123
461 61
532 325
92 38
559 231
223 156
528 70
544 332
550 194
386 304
394 382
467 401
395 62
418 67
125 31
551 10
268 147
414 292
468 213
189 24
416 186
593 436
278 259
133 126
524 407
544 44
10 0
582 282
484 130
548 160
90 58
479 397
383 246
280 177
598 311
595 590
341 90
403 292
521 368
282 249
553 503
365 16
128 83
314 117
453 338
420 95
547 216
557 413
396 387
384 213
359 56
143 9
582 30
495 156
266 36
227 105
36 20
339 137
421 171
309 172
531 515
378 22
560 111
316 162
282 235
566 117
348 9
553 347
214 70
245 80
458 12
136 131
317 155
74 42
335 222
501 183
573 229
503 140
554 457
535 246
343 249
501 57
