30 2 600 2500
15 5
24 14
480 153
206 89
534 149
306 163
523 270
241 232
485 422
221 112
554 535
274 170
523 159
570 199
303 207
450 359
167 44
367 62
73 7
321 60
570 523
212 49
310 92
317 169
339 288
586 334
489 286
543 77
322 129
482 161
583 390
553 480
441 59
531 89
583 215
306 5
502 415
412 198
428 70
535 74
489 470
554 38
415 74
562 157
470 125
587 80
262 234
223 187
364 133
255 115
218 44
368 205
330 47
464 360
139 61
502 226
451 424
437 298
410 302
557 238
390 184
50 40
414 242
538 379
545 301
432 312
538 460
530 85
357 353
411 279
582 413
79 20
484 277
242 167
485 152
237 67
581 443
566 139
352 269
277 14
536 11
220 152
569 67
547 227
475 337
170 130
473 270
590 555
223 58
512 295
543 478
526 427
340 192
585 208
312 266
575 40
394 178
369 262
477 390
347 336
594 179
533 42
420 311
447 152
362 153
403 281
70 56
426 137
144 6
289 234
271 190
218 166
580 430
494 216
581 570
477 352
396 12
362 248
483 412
369 117
560 278
324 99
424 400
525 31
457 384
390 140
469 215
522 174
383 241
125 94
572 294
381 121
312 22
377 323
519 9
359 206
387 152
264 9
507 296
394 353
405 324
597 202
326 291
281 213
420 168
202 46
326 71
320 61
518 402
509 307
119 64
163 25
541 273
328 247
393 157
466 101
494 108
581 408
576 30
565 144
160 13
452 409
402 221
443 117
109 102
544 64
140 20
184 91
437 87
439 344
422 46
444 240
353 255
222 82
269 213
542 461
524 461
106 18
578 472
356 292
407 401
367 292
512 439
432 420
23 9
237 129
570 57
424 74
418 284
249 198
310 125
555 544
535 360
335 223
371 255
371 99
406 101
576 159
238 213
536 392
167 71
537 338
408 10
366 18
240 103
230 156
525 341
512 90
395 226
163 161
599 471
530 159
387 313
468 13
352 249
245 54
582 575
465 261
337 132
295 156
150 66
352 72
439 292
519 47
332 287
86 34
393 199
584 276
353 123
203 123
463 270
489 400
348 17
463 272
585 40
328 202
553 458
569 473
487 117
518 259
537 225
486 282
128 8
578 65
333 101
264 42
464 179
178 45
529 191
480 406
552 534
246 165
436 304
335 270
446 79
256 6
509 275
594 159
596 217
532 89
314 60
329 93
384 69
488 258
494 102
68 37
349 203
347 272
373 191
262 127
514 233
510 251
448 188
537 439
581 475
530 63
516 247
366 15
516 406
507 37
450 152
24 12
555 350
243 143
395 2
390 178
274 72
221 201
252 155
521 62
589 492
252 71
337 184
106 68
593 384
16 10
587 458
355 302
547 544
157 39
233 219
414 335
501 246
598 551
595 132
564 432
403 270
197 173
596 480
129 27
561 65
348 142
569 419
221 167
571 20
118 83
422 359
564 222
585 291
295 49
592 147
544 179
285 26
212 117
440 37
324 313
309 234
597 155
305 293
555 225
222 201
458 59
521 147
490 52
539 351
511 352
499 245
560 504
442 284
423 4
515 456
468 223
585 98
92 11
534 92
78 31
362 165
186 131
391 141
209 163
90 33
511 408
543 333
525 178
351 84
567 34
479 158
390 245
315 6
276 250
530 96
469 133
429 355
491 420
570 310
268 142
242 159
569 168
84 82
341 266
363 195
497 47
598 376
520 501
247 50
501 2
572 505
475 200
466 175
441 371
501 431
596 324
187 78
223 26
364 173
451 450
319 274
398 394
594 217
218 43
234 141
458 21
346 167
562 247
221 18
582 489
447 146
256 43
310 218
500 245
514 503
275 179
513 124
591 7
341 304
438 182
436 290
375 187
584 5
504 65
190 111
509 331
398 329
478 429
451 418
211 11
264 136
531 36
445 23
485 9
419 0
122 64
560 512
165 110
576 143
374 317
122 79
577 49
453 356
285 280
131 23
417 257
412 32
276 122
528 428
445 18
133 108
192 0
560 414
395 188
463 194
427 405
492 251
558 182
553 291
271 73
328 123
407 353
338 107
503 25
476 350
415 1
158 42
538 191
453 76
544 136
375 87
127 25
265 101
402 117
266 62
456 97
522 402
115 7
596 155
337 5
45 32
359 129
399 181
462 5
271 235
333 115
131 54
538 133
415 247
221 182
111 8
490 47
382 337
219 110
292 67
502 423
590 315
574 518
468 7
420 135
427 363
46 31
404 151
577 548
330 210
375 129
235 97
584 61
122 101
415 364
328 164
484 474
423 66
526 255
364 53
578 380
417 374
295 69
393 234
596 334
436 314
457 110
267 212
525 94
597 443
254 198
546 185
538 135
548 521
291 32
192 46
406 87
446 55
217 50
462 1
553 53
378 154
418 240
238 155
383 258
103 57
182 44
407 368
166 69
575 203
271 162
368 262
423 15
467 287
443 272
533 141
258 204
296 97
349 334
558 442
100 53
471 331
570 336
540 445
482 243
351 224
384 223
563 328
323 94
561 211
149 34
486 313
506 90
453 213
404 348
299 54
135 125
133 7
376 136
390 351
279 245
559 256
285 38
500 194
581 345
501 443
453 78
405 309
271 255
82 11
409 250
596 249
233 55
414 313
104 43
247 19
519 126
299 164
241 103
565 387
92 89
460 381
313 50
457 187
356 286
253 127
238 130
537 364
339 211
581 571
522 15
140 126
338 331
60 13
508 479
572 255
377 167
408 139
160 83
288 57
579 100
585 361
539 478
593 58
326 171
524 18
178 133
218 37
240 118
316 162
513 409
387 55
205 191
335 77
228 86
227 197
427 389
210 116
437 181
568 191
442 434
470 460
562 145
231 187
220 36
269 28
226 21
557 52
551 275
112 14
502 77
578 550
469 362
598 430
139 41
417 302
318 49
257 10
451 298
173 43
514 292
567 527
469 447
533 209
295 124
274 18
241 23
399 107
166 27
310 123
509 51
449 169
284 102
495 140
264 262
217 40
498 233
236 33
41 29
378 84
352 86
415 259
559 273
468 267
197 166
271 46
440 283
512 445
517 221
170 151
408 268
315 117
493 96
437 221
431 395
433 294
466 115
374 268
515 157
473 13
583 152
214 180
506 420
482 110
337 111
509 214
449 194
461 181
195 58
84 10
420 185
581 230
153 23
91 76
147 68
420 169
352 182
503 218
334 289
583 391
209 37
548 444
552 57
255 169
410 220
561 47
314 266
526 372
191 149
286 168
335 70
571 529
554 405
572 471
197 56
544 494
541 245
433 145
350 218
80 45
522 184
496 378
384 125
167 140
588 392
381 371
560 189
216 36
307 263
528 62
424 169
367 250
417 390
512 149
591 499
442 147
237 19
539 377
344 19
595 513
416 392
396 216
263 9
443 74
557 307
454 114
552 374
591 49
358 53
497 168
479 340
438 57
392 67
561 422
310 62
492 402
561 143
419 31
559 490
499 329
406 392
281 57
462 349
305 245
498 18
385 166
589 196
285 158
89 68
508 407
185 66
330 103
560 357
576 327
357 148
479 216
490 281
251 185
502 52
344 8
169 145
400 165
495 10
537 467
561 233
470 39
200 176
541 213
419 352
499 361
549 116
524 319
384 338
342 87
538 3
111 65
354 225
587 185
542 538
538 486
522 97
308 244
186 29
518 125
135 25
435 395
521 24
332 98
530 390
323 181
575 297
570 359
598 125
350 149
441 337
416 250
127 81
596 403
183 95
552 169
329 200
586 351
535 92
515 29
163 90
379 87
408 382
128 21
546 147
272 143
330 149
546 475
438 422
428 305
576 58
420 65
318 150
583 329
519 512
375 270
418 354
250 231
595 215
450 99
591 38
149 67
384 15
61 14
562 235
421 322
393 123
577 91
214 156
458 176
444 385
326 16
252 19
503 145
552 204
584 501
552 6
362 24
398 256
369 131
496 357
349 294
414 322
438 355
567 143
488 102
398 347
598 518
464 393
437 137
142 101
305 98
347 221
422 149
507 320
426 83
259 190
515 351
385 339
551 109
461 114
202 199
537 381
194 193
95 84
300 206
558 103
589 498
265 201
288 260
531 528
343 16
468 93
517 115
248 129
443 66
139 24
143 63
372 41
54 40
591 177
575 214
304 38
512 43
459 266
459 131
297 43
432 343
425 157
356 280
275 186
438 125
387 126
370 306
374 315
167 124
397 323
577 14
571 343
73 8
223 139
283 76
480 471
229 205
520 186
367 211
283 169
380 234
421 82
395 92
398 60
288 151
305 150
378 274
521 278
565 291
443 236
388 241
228 184
160 88
539 171
561 85
453 152
593 521
322 153
565 139
551 185
171 13
476 258
403 59
534 425
516 48
461 161
393 51
214 65
423 280
535 153
151 82
321 267
599 273
264 134
255 174
237 11
489 192
439 260
470 255
427 254
171 136
455 31
63 29
343 246
595 197
431 280
506 118
258 24
506 159
257 226
374 189
523 346
544 258
595 351
538 6
182 94
511 67
285 112
325 318
580 47
567 205
283 253
343 104
421 156
420 10
441 140
335 156
376 188
403 179
299 168
479 315
591 411
518 0
470 247
561 135
480 137
591 289
440 409
589 427
478 280
302 57
438 146
165 60
490 481
587 508
484 263
493 196
536 200
271 167
567 159
517 14
248 220
417 361
599 517
412 29
271 56
539 413
516 52
574 151
498 26
288 255
522 49
517 268
510 243
419 191
564 51
287 257
413 36
517 461
288 159
98 8
444 176
138 129
484 230
485 366
453 114
472 94
173 8
353 167
565 54
491 83
332 197
327 320
266 167
511 129
486 300
273 210
497 220
412 372
438 437
372 90
388 315
557 302
410 12
474 126
56 38
233 71
554 437
364 200
532 518
367 87
483 366
57 8
578 330
339 218
442 187
367 212
522 304
511 97
513 34
450 120
156 81
198 72
349 290
215 195
366 274
506 210
425 58
321 201
540 359
485 117
589 155
429 47
420 349
438 6
406 395
590 419
343 61
256 37
276 77
366 139
206 28
582 237
442 346
489 371
279 3
482 45
196 17
75 41
114 98
57 27
393 149
552 494
530 255
472 160
151 145
587 393
299 128
358 98
431 343
464 458
583 261
394 367
417 232
519 327
222 78
538 129
553 87
333 254
153 22
565 179
502 427
546 238
341 162
402 189
457 196
438 197
46 5
413 378
370 274
408 126
399 363
472 52
423 12
448 321
195 121
336 204
414 340
127 59
502 124
400 302
230 87
576 36
437 194
489 303
402 196
545 462
299 221
581 382
358 158
507 456
563 73
507 458
558 436
516 97
336 284
584 363
549 178
116 91
179 5
385 300
493 370
521 405
458 451
402 214
576 307
551 113
512 106
576 457
379 335
223 16
418 82
405 300
533 388
171 41
592 303
263 85
592 1
348 238
523 186
525 493
487 312
514 162
431 138
461 167
528 65
314 301
347 105
487 188
516 31
486 68
470 169
462 161
144 0
550 456
267 27
516 342
360 260
211 183
161 38
479 221
581 191
287 83
474 110
199 180
456 294
510 50
348 21
31 24
10 3
559 74
448 320
579 325
271 120
225 6
258 217
523 451
397 53
558 551
104 64
564 536
439 96
407 250
510 105
537 1
548 234
237 89
250 247
440 87
510 353
363 267
539 513
463 310
406 66
415 143
266 232
574 462
373 95
587 234
549 462
429 176
51 9
56 25
426 14
499 474
339 101
415 303
208 37
230 37
498 32
473 74
595 547
339 296
466 312
448 300
309 224
350 238
475 328
384 144
223 116
407 307
95 17
283 142
360 349
549 51
511 137
448 311
571 299
521 451
341 332
566 30
580 318
351 345
445 330
507 24
550 2
598 274
557 272
585 492
416 65
343 58
539 356
358 1
219 86
532 212
203 88
343 71
404 264
399 8
157 54
274 248
255 64
131 3
302 132
351 288
487 429
393 142
442 73
565 206
562 451
402 353
393 48
549 420
536 334
516 424
521 239
478 469
550 151
496 192
364 87
472 182
598 166
397 92
516 445
492 225
339 203
522 442
562 479
462 235
550 479
389 275
564 171
525 82
282 194
422 274
581 98
585 253
420 269
301 31
415 268
240 99
492 204
381 188
543 362
476 184
474 377
373 146
596 40
441 269
488 58
462 186
575 431
197 194
473 108
503 109
394 272
582 477
172 165
468 100
278 244
489 342
477 104
502 386
488 78
352 70
444 181
501 210
296 206
263 110
526 373
521 483
433 119
126 29
595 291
594 549
111 97
478 63
585 522
287 52
398 107
599 334
513 115
499 253
415 78
381 128
570 425
285 75
547 57
269 125
188 79
571 503
255 68
96 60
476 340
417 271
142 40
465 196
93 83
452 180
357 3
258 22
108 17
422 228
440 241
532 495
596 319
393 119
526 202
321 132
95 91
242 96
369 247
172 113
403 192
338 215
431 297
376 95
193 33
310 74
454 113
350 251
597 593
406 359
169 5
379 70
209 132
263 71
189 81
530 475
364 24
599 79
506 125
152 151
248 37
372 183
450 65
562 370
529 34
525 185
247 165
514 254
388 237
293 93
568 82
434 291
217 207
361 189
541 423
328 11
329 139
565 231
426 354
545 139
53 19
246 13
575 257
413 371
133 97
393 111
224 141
563 22
471 314
588 317
579 46
560 183
562 424
528 410
448 338
254 3
315 22
278 143
245 236
207 44
560 191
502 191
211 202
526 399
457 241
374 327
506 87
589 122
371 330
543 73
497 329
468 408
544 361
410 5
397 179
512 333
118 13
196 7
516 453
484 372
228 30
590 397
533 499
599 428
525 452
589 132
572 157
596 262
204 138
324 214
470 324
583 485
210 94
294 260
498 77
516 431
412 166
462 67
520 228
594 458
310 153
315 276
233 122
185 47
53 41
576 536
186 174
424 38
425 389
206 204
400 43
436 410
388 211
394 341
524 186
69 29
378 164
515 307
287 133
503 275
520 421
481 248
335 256
346 200
551 14
339 307
520 144
391 18
517 376
402 254
397 243
200 43
501 260
234 200
588 395
565 17
304 249
379 109
465 212
515 248
515 38
161 57
554 336
390 91
590 120
488 145
580 45
347 183
434 130
592 572
532 349
571 286
169 38
240 202
546 123
437 116
564 521
568 269
443 45
575 111
497 228
522 243
502 95
213 211
123 81
319 265
472 361
219 184
473 461
167 138
564 330
374 65
174 20
258 165
102 66
327 42
406 291
297 42
422 204
382 340
532 187
573 402
537 329
309 301
157 65
376 72
533 422
533 444
439 79
476 273
159 148
287 196
474 16
433 35
353 30
424 191
204 39
396 217
207 31
473 360
555 485
537 437
352 308
497 447
527 455
390 264
584 97
406 64
439 115
166 93
103 26
248 29
542 415
487 415
460 281
447 155
246 166
401 335
229 220
522 29
305 43
248 189
505 84
314 62
328 57
327 185
509 384
153 130
517 321
498 338
241 86
468 94
112 40
147 31
90 61
155 136
489 252
577 576
461 67
284 180
555 339
292 22
588 97
399 109
248 234
330 155
567 512
475 302
214 182
561 248
382 284
577 525
395 221
452 445
470 170
119 66
70 7
211 179
512 221
593 430
498 21
515 54
537 133
401 129
178 144
342 29
208 114
348 147
235 108
424 178
438 92
592 499
142 38
599 168
540 105
580 147
469 450
496 286
587 553
258 140
427 307
599 550
313 70
355 38
71 24
290 77
497 482
529 68
262 108
524 234
266 15
524 514
378 359
298 211
236 75
516 274
433 188
102 48
155 93
574 4
278 194
545 21
575 367
411 131
173 9
561 468
304 247
361 27
346 218
248 162
484 52
164 103
525 415
574 293
542 324
208 102
564 178
515 8
280 150
505 236
530 439
569 300
53 11
329 175
429 131
167 10
573 9
535 459
451 303
79 18
525 354
122 51
62 59
527 145
386 52
370 160
449 172
445 296
519 385
564 504
504 312
294 95
337 220
382 25
574 275
415 141
500 192
352 148
496 271
330 12
446 17
300 184
451 267
598 55
90 10
585 220
312 133
428 203
586 153
583 143
322 295
454 284
116 48
591 241
585 281
522 86
192 184
492 385
555 27
311 68
528 21
295 273
244 212
373 216
126 31
590 248
537 327
200 140
564 531
519 396
286 149
446 130
597 585
315 301
407 142
377 247
565 410
275 215
204 139
251 77
546 336
510 380
290 176
547 541
389 213
528 473
504 418
504 71
368 2
387 277
209 12
495 24
204 164
411 340
413 44
277 59
539 501
152 2
472 253
514 397
372 179
222 155
554 104
409 321
539 132
272 106
291 141
541 516
179 46
320 169
191 19
465 23
430 420
507 385
513 317
286 85
327 91
596 502
282 91
588 5
256 84
434 325
595 255
104 34
449 79
503 16
468 15
495 298
404 95
459 80
569 178
58 26
203 60
350 58
300 298
548 214
98 52
106 53
484 444
357 198
572 272
403 294
460 101
456 162
326 307
583 23
432 274
274 187
392 116
76 70
389 300
571 323
415 177
536 381
553 534
240 219
512 384
571 167
321 11
63 56
435 139
562 275
210 131
388 308
535 301
370 348
433 61
332 151
512 150
535 319
273 60
341 159
548 382
496 227
582 302
519 137
322 299
598 436
426 207
330 105
426 130
442 306
349 220
570 194
543 23
404 266
358 51
527 468
490 405
519 477
483 17
41 10
397 296
335 35
265 192
405 49
388 90
509 341
552 188
158 10
93 6
456 453
349 303
208 69
398 371
356 226
57 22
587 136
139 44
530 504
170 146
431 392
487 463
537 285
462 9
497 364
275 102
459 43
491 365
241 160
268 260
238 20
107 82
269 215
501 332
287 116
541 61
570 514
339 180
370 88
575 520
566 26
161 117
588 87
252 109
329 17
565 536
424 227
569 495
337 238
482 358
193 158
254 81
326 163
333 304
585 509
290 97
520 326
543 455
539 323
381 326
573 253
254 103
278 251
589 345
548 308
413 321
267 193
436 204
453 400
144 17
295 218
597 288
567 505
216 206
455 227
544 358
257 230
471 422
524 235
597 504
312 268
184 41
403 374
594 459
473 104
570 114
427 135
372 168
402 25
475 398
382 105
160 146
354 12
134 107
588 62
213 155
491 138
598 410
319 22
598 440
561 139
474 256
44 26
435 271
279 98
344 300
507 251
263 142
306 117
586 22
553 463
400 160
287 50
519 389
227 47
385 342
582 436
568 193
428 369
482 388
385 296
324 210
539 120
214 85
363 159
433 371
505 394
415 197
169 165
461 431
579 253
453 28
235 122
192 14
514 163
365 84
555 76
566 362
381 13
444 364
527 151
469 57
472 389
589 32
586 529
451 439
560 324
599 348
245 151
328 81
437 319
361 349
398 300
566 64
551 128
279 191
514 364
447 271
504 390
122 76
598 47
251 84
428 191
582 234
454 333
550 125
289 94
431 383
281 177
589 253
403 291
285 51
334 195
599 261
470 166
347 11
592 384
574 99
427 206
215 79
65 58
335 280
467 446
517 305
570 103
384 264
510 252
78 42
73 14
573 152
278 224
447 326
376 29
263 193
441 323
258 135
570 116
471 368
116 18
561 455
593 399
358 97
568 316
314 271
379 356
520 156
563 39
362 196
498 408
184 114
261 58
254 187
512 280
258 138
408 140
510 250
448 11
436 181
370 343
200 66
179 122
251 220
86 19
493 110
418 161
515 200
597 143
507 73
329 169
469 449
568 167
595 565
575 376
373 366
572 98
223 211
311 34
176 171
578 283
346 67
289 230
521 427
461 322
582 369
38 7
567 287
505 112
582 280
455 53
469 5
569 293
458 344
546 182
401 28
428 43
344 164
411 119
444 239
592 394
97 9
562 33
256 178
36 24
582 568
389 175
426 397
339 298
265 189
285 83
239 118
359 98
368 302
486 153
288 70
543 213
321 98
231 210
372 241
551 243
378 138
533 475
337 36
539 1
164 99
498 360
290 55
431 10
516 4
390 348
441 244
287 5
280 229
312 9
241 140
301 44
590 35
439 134
580 362
235 88
195 81
149 146
475 258
80 64
481 342
481 174
569 115
469 260
548 361
532 82
252 142
432 70
429 162
551 260
237 125
115 21
435 112
509 217
586 543
589 96
408 111
177 50
472 96
439 120
582 411
98 88
519 256
510 156
460 127
589 518
121 39
340 26
508 95
268 70
571 157
469 275
520 461
490 119
489 361
445 107
191 74
556 217
556 74
193 23
423 221
244 74
450 171
278 153
514 347
270 141
516 102
410 69
381 111
452 279
475 43
60 36
351 32
391 246
512 58
373 68
563 412
370 186
285 20
534 281
186 103
350 344
529 374
408 297
499 78
444 388
536 24
392 206
549 259
356 180
301 82
113 83
505 208
592 95
378 125
186 26
218 90
549 454
377 126
524 287
337 283
53 45
583 65
373 52
377 232
569 205
76 27
307 160
440 363
39 14
501 5
196 57
299 17
397 76
342 88
534 389
564 40
181 120
402 270
388 221
595 384
65 3
364 68
53 38
172 69
564 547
301 40
447 287
284 61
347 329
515 163
358 135
437 308
581 334
314 227
290 113
326 165
577 206
419 117
380 334
172 15
390 169
387 102
362 0
378 226
345 31
397 168
256 129
337 301
420 286
468 146
454 340
401 211
362 201
404 310
51 25
525 196
160 36
363 69
421 211
366 298
592 232
531 409
447 426
560 439
582 244
336 97
482 114
386 8
224 46
475 254
463 84
506 320
369 365
497 243
203 145
301 1
410 371
413 275
550 200
571 417
558 526
349 327
552 55
252 57
323 13
472 301
338 236
542 160
254 249
475 168
416 45
599 566
237 95
268 141
249 19
503 460
397 253
426 257
589 298
430 114
249 30
294 87
201 39
219 152
457 404
332 267
334 271
261 5
280 94
310 289
502 12
151 111
520 251
253 177
459 400
547 494
53 47
170 77
463 447
548 309
315 241
315 36
87 84
500 311
195 187
193 18
220 92
529 30
249 239
554 279
481 479
464 373
334 300
118 113
351 118
579 86
137 63
541 302
341 289
235 64
589 29
599 124
442 165
565 192
167 48
400 365
118 35
469 294
560 235
566 225
333 86
220 200
549 281
64 29
551 184
563 80
328 185
599 120
459 143
390 20
512 391
441 360
590 79
561 259
190 94
441 147
345 40
408 49
575 100
431 31
549 269
90 42
179 12
574 51
309 174
372 299
249 53
597 326
117 73
295 90
471 155
197 118
201 14
552 347
591 284
288 153
341 256
395 390
213 3
544 205
336 260
226 210
279 223
548 331
278 49
312 116
197 23
486 204
506 164
484 267
298 123
305 217
