35 3 600 2500
15 5
24 14
5 1
579 340
534 418
382 214
95 39
384 247
54 44
66 29
395 40
454 201
397 61
53 46
473 449
540 222
388 72
215 166
426 191
550 110
193 182
370 85
493 214
505 343
349 65
386 38
571 168
590 308
305 88
203 189
469 70
465 340
518 331
172 6
508 300
413 73
258 245
560 239
545 186
330 322
460 214
559 484
405 242
386 69
128 25
528 430
160 33
490 256
585 87
407 240
517 196
183 90
360 265
533 24
421 13
414 185
501 92
148 64
560 41
349 115
473 389
368 173
370 292
595 494
574 128
235 64
216 187
337 262
514 294
454 159
348 145
424 333
583 55
496 282
262 166
404 317
292 160
368 123
485 88
472 126
409 227
444 205
365 31
249 186
252 248
289 271
449 33
108 76
220 35
460 96
373 339
173 90
548 220
469 150
193 4
183 136
508 104
556 245
441 345
258 150
520 107
346 299
80 1
404 65
511 405
464 185
119 82
597 205
498 80
419 404
239 207
540 13
327 33
368 294
342 287
578 430
236 68
427 290
68 45
510 504
294 127
460 415
354 100
568 412
108 51
569 406
284 39
259 9
494 268
380 115
412 279
576 390
470 200
433 210
310 264
557 553
576 465
294 16
323 72
365 286
505 1
179 175
407 100
372 202
507 499
561 349
582 482
155 104
506 385
308 143
361 109
508 146
322 302
244 34
389 3
534 174
141 49
236 235
583 552
498 206
389 111
431 260
544 109
544 274
239 30
578 329
344 70
573 369
455 333
552 9
517 60
508 292
288 101
263 127
424 206
251 42
253 61
308 96
390 352
549 489
86 66
401 108
354 21
207 144
566 188
329 248
209 137
408 20
205 180
362 62
373 172
23 20
511 349
539 40
416 414
546 288
464 293
391 125
222 76
369 279
513 69
146 25
207 174
488 91
390 304
393 43
298 222
452 207
314 96
395 147
332 272
257 38
145 115
508 267
374 239
405 383
524 154
237 105
294 267
397 3
234 143
594 2
472 315
428 357
411 230
397 373
470 140
521 70
471 353
409 259
476 410
462 121
294 54
458 104
273 90
466 181
582 476
343 240
466 362
504 300
376 242
295 179
209 57
485 1
273 75
573 303
401 102
338 332
518 54
346 16
417 234
373 16
201 91
450 84
91 19
158 60
494 265
537 62
158 119
478 261
277 134
582 340
555 102
372 345
242 175
417 319
496 249
320 202
565 471
184 27
533 273
404 115
458 379
540 254
274 271
375 256
580 151
420 270
561 98
224 45
481 271
397 388
237 59
414 123
497 338
343 30
231 186
434 427
448 122
82 52
413 290
587 142
570 235
195 194
535 214
416 94
389 108
461 309
468 123
499 262
537 526
432 415
445 3
314 57
555 178
249 37
556 376
452 21
402 281
486 192
490 339
339 98
529 329
388 239
548 188
310 68
321 102
279 47
487 277
549 338
463 319
351 16
257 45
401 320
245 80
517 371
86 82
536 29
148 51
449 80
322 187
338 91
474 53
334 135
346 94
488 251
325 223
477 65
480 476
80 25
547 526
177 26
487 458
435 305
282 251
119 76
424 62
383 112
488 198
342 86
444 155
370 262
512 179
204 2
544 470
167 65
385 320
427 313
495 55
488 456
493 273
290 170
303 274
148 0
424 414
467 82
279 135
595 296
547 486
110 66
333 124
214 207
487 395
225 86
498 225
566 325
495 444
464 344
451 178
490 245
514 236
466 249
312 126
235 201
265 29
245 92
241 10
513 483
254 65
585 558
534 295
394 393
454 139
454 224
379 138
466 395
423 260
510 246
420 48
526 454
522 113
458 174
535 250
570 544
514 264
487 38
317 35
434 113
421 325
441 16
288 146
359 210
455 262
514 199
483 330
486 37
296 163
422 196
382 260
504 375
400 157
233 107
345 258
481 417
333 115
129 81
393 384
581 173
560 308
381 250
483 370
469 344
450 35
543 461
362 235
465 177
334 104
451 166
467 265
539 140
454 308
438 346
551 449
460 356
297 139
270 137
402 146
409 223
535 230
227 2
322 312
295 289
559 184
564 246
410 309
507 310
518 60
54 32
518 462
119 88
509 273
580 497
221 160
508 161
570 380
543 355
276 79
145 144
560 185
404 214
379 297
129 77
593 286
575 565
492 486
451 199
438 82
322 25
182 13
554 501
597 116
438 335
534 246
477 282
564 546
220 68
502 162
525 192
309 220
541 401
466 122
510 149
226 140
302 148
344 307
245 69
277 243
420 249
504 6
161 148
488 30
202 59
526 155
503 32
470 83
573 431
349 320
195 159
480 184
379 333
598 296
203 125
527 344
454 235
534 374
566 434
194 19
520 34
467 52
580 102
157 110
263 227
314 82
146 60
203 30
168 32
488 330
336 141
212 10
531 283
585 170
384 98
589 423
496 202
26 12
331 106
571 50
279 35
472 379
566 146
291 241
370 260
103 79
454 379
351 266
505 201
177 13
418 244
348 1
361 167
542 16
415 124
332 238
369 122
394 215
293 272
453 23
393 300
510 155
269 177
552 196
341 28
384 24
398 266
235 50
562 266
334 32
402 95
458 424
597 591
400 394
491 217
322 234
520 84
545 30
531 49
506 118
224 100
528 373
342 11
467 394
196 150
394 316
519 75
533 347
463 459
492 6
367 129
379 33
553 63
264 45
502 358
215 133
572 33
475 221
383 126
397 267
446 97
400 332
170 111
275 145
493 24
324 248
489 229
485 392
399 133
585 412
491 176
485 69
546 13
413 230
592 73
564 337
441 278
474 254
247 213
168 63
579 440
344 233
56 39
403 248
561 18
306 290
91 35
440 338
476 62
465 209
439 153
395 254
406 363
487 335
460 208
380 5
406 338
357 348
433 109
130 20
116 4
378 34
303 122
345 278
545 114
532 94
477 275
426 115
338 80
528 223
581 252
214 155
432 126
496 238
414 175
410 264
437 235
227 125
561 166
414 203
534 326
552 300
492 200
221 128
112 72
178 56
352 300
260 112
574 122
190 152
509 256
413 104
535 238
234 189
238 169
468 117
292 236
171 170
455 94
531 527
288 46
194 101
205 149
391 354
379 238
283 178
502 135
594 223
361 19
134 47
343 218
404 51
553 432
356 324
541 115
466 215
454 319
468 353
212 174
192 134
440 212
553 273
417 334
135 40
381 223
142 5
407 91
490 28
473 175
487 45
243 96
251 15
345 140
524 207
270 21
539 120
511 425
499 95
493 33
388 189
595 509
517 11
205 47
567 339
583 312
406 137
510 37
464 129
463 186
454 140
575 156
443 151
492 231
535 465
432 54
540 516
447 383
60 30
295 216
169 30
530 293
258 211
221 61
156 79
133 114
244 91
357 187
482 377
403 371
177 81
299 121
72 65
273 225
445 157
404 142
518 146
335 91
290 205
550 451
431 87
485 101
470 297
427 426
459 52
490 102
469 298
496 318
297 193
274 234
309 158
352 87
473 141
539 347
339 317
397 225
260 211
422 360
315 84
556 266
380 283
385 296
134 113
551 425
469 123
388 177
566 246
526 92
333 272
597 8
173 82
451 410
427 119
68 58
454 134
261 218
366 325
543 125
504 403
544 98
573 340
429 297
456 128
438 154
417 65
465 355
454 246
113 81
75 49
569 97
526 216
476 111
470 464
138 124
544 47
556 309
361 100
369 130
347 291
331 54
542 418
323 234
582 242
466 392
417 292
533 418
293 269
466 43
522 212
594 114
484 6
414 211
324 20
470 433
466 95
431 19
599 250
505 389
381 193
301 220
214 172
514 143
376 260
222 54
385 48
411 99
431 392
469 165
506 83
366 178
423 36
588 415
420 382
489 79
300 0
526 477
432 13
585 261
585 388
432 283
154 46
587 214
131 90
231 135
419 60
428 2
333 207
120 60
117 48
553 115
551 62
589 265
319 222
555 333
319 192
319 167
524 130
486 397
383 37
522 129
365 168
582 295
491 108
578 380
396 211
460 395
502 269
464 83
384 381
514 352
470 152
494 92
471 349
570 391
528 216
474 269
339 176
472 165
510 232
482 450
500 475
360 46
308 70
181 152
227 57
525 372
242 138
488 423
420 352
264 30
98 90
569 154
137 20
564 396
382 259
537 316
254 106
538 41
450 312
300 143
109 87
207 40
406 186
328 8
574 311
557 179
539 241
598 500
566 176
259 97
365 53
577 32
491 235
220 179
463 337
572 490
474 334
415 9
353 245
373 38
376 226
165 10
566 269
152 100
425 109
474 159
567 41
384 270
540 252
534 368
467 137
569 165
573 307
444 81
430 146
594 220
592 407
106 38
467 318
539 538
244 104
499 456
297 11
586 378
339 269
476 449
563 130
200 21
368 281
577 20
411 23
364 119
297 64
489 446
380 371
330 2
465 325
599 530
186 31
448 307
192 112
294 254
182 158
114 90
463 89
71 59
437 146
578 519
327 224
358 316
369 175
559 364
372 112
75 34
244 225
387 60
548 295
57 18
112 97
166 112
299 186
597 249
471 144
418 267
484 261
334 145
292 170
318 226
234 220
515 81
242 130
273 114
361 231
337 105
178 144
282 133
125 100
472 401
502 32
594 118
435 219
351 104
540 276
210 94
510 397
435 162
205 26
264 66
570 184
553 362
573 116
446 34
82 2
214 212
468 461
200 177
447 281
343 39
513 370
316 130
21 16
386 295
276 33
120 10
313 285
561 9
343 32
531 215
520 21
376 290
417 256
246 91
400 168
436 150
586 315
147 18
287 127
317 67
426 61
354 270
572 224
473 123
219 205
558 265
558 473
405 209
266 7
575 25
303 290
464 279
241 214
339 331
177 34
193 32
450 147
505 479
563 265
547 248
253 178
430 201
277 14
585 384
533 434
407 0
462 449
533 358
400 41
558 230
484 353
376 326
529 254
557 111
438 172
453 209
480 313
366 97
117 103
79 12
276 230
318 180
455 207
323 213
397 127
470 129
328 211
402 79
55 19
261 67
316 95
310 40
424 8
589 439
263 223
598 533
150 26
242 195
262 52
540 205
565 343
586 230
263 17
476 81
140 86
389 131
97 91
448 182
578 374
360 118
330 280
331 74
400 55
514 84
252 244
529 302
445 176
377 129
573 10
509 264
261 38
140 92
302 140
510 87
454 64
566 85
209 29
113 2
480 77
545 520
574 468
531 282
477 219
537 332
229 207
471 249
585 339
250 80
531 89
230 219
550 134
95 50
517 182
244 201
514 266
526 494
300 201
338 77
283 58
478 298
505 229
532 356
371 22
441 423
526 469
337 47
448 203
516 168
503 200
575 475
529 448
177 58
328 270
440 323
460 90
495 58
478 67
574 248
389 147
566 505
423 180
384 85
368 84
416 201
485 9
530 312
412 308
495 112
500 423
81 53
345 270
292 234
437 150
383 209
425 207
592 538
126 50
258 226
382 310
221 93
551 253
141 23
389 337
505 38
587 466
187 172
517 156
356 51
311 142
540 244
408 260
588 332
315 101
356 85
420 208
516 155
493 53
341 179
422 25
472 460
586 521
201 25
449 301
274 84
466 78
466 2
444 239
526 270
481 107
279 204
470 106
366 322
411 272
409 260
554 88
483 92
332 99
369 263
571 248
249 39
569 76
474 425
292 48
314 298
223 186
115 28
594 343
526 119
497 173
134 70
281 141
323 258
529 286
586 14
551 201
467 270
461 237
321 278
462 269
522 292
322 262
591 179
231 209
326 99
445 214
230 226
556 82
381 222
232 70
575 21
259 224
360 102
555 352
473 61
536 291
358 207
444 309
417 342
254 175
418 143
535 49
470 296
413 68
513 61
503 300
556 77
591 303
230 124
563 545
538 125
146 64
514 77
521 469
435 352
555 259
412 343
546 176
272 165
141 103
150 36
379 260
443 45
542 349
368 146
435 196
315 226
517 53
587 449
324 194
356 295
515 77
531 324
514 377
445 349
292 117
521 401
336 176
398 42
366 289
64 37
384 254
264 122
264 99
428 379
551 530
341 146
274 66
401 74
324 188
160 91
232 180
256 2
430 69
599 202
535 302
146 72
507 167
451 96
329 216
349 272
405 298
543 267
413 26
264 207
359 13
384 262
568 339
109 90
261 212
264 73
529 462
544 483
384 20
278 172
389 275
498 250
358 242
520 149
431 169
384 340
318 163
312 268
331 135
365 296
547 282
286 90
236 208
350 146
376 107
525 422
392 321
583 471
562 523
410 29
221 91
444 16
231 109
250 78
526 349
436 282
551 408
467 43
512 470
558 106
164 159
115 109
96 45
569 280
457 273
237 114
544 252
599 162
531 167
454 350
210 178
466 411
294 241
548 118
166 59
520 88
331 286
386 252
499 403
583 120
438 19
328 57
201 19
555 474
413 90
150 33
552 135
578 341
315 194
575 281
280 254
227 106
343 80
599 245
342 37
522 388
547 159
246 107
185 169
576 208
498 73
176 62
544 124
304 18
528 393
330 162
373 29
535 460
317 128
339 231
398 312
581 16
333 226
424 210
269 3
570 555
455 246
365 305
523 368
213 67
551 533
530 173
589 546
349 315
82 42
391 170
540 61
477 120
443 185
505 416
588 400
363 303
87 57
84 18
408 364
393 197
565 358
490 278
459 355
542 415
585 316
297 169
432 225
294 243
563 103
371 92
406 128
165 117
405 373
341 30
88 56
201 115
170 27
349 108
433 130
584 62
530 50
49 25
330 199
577 555
247 122
553 29
416 196
566 471
441 199
319 211
377 155
557 208
215 106
565 11
586 563
349 260
190 86
479 155
523 356
476 421
397 135
436 386
381 205
457 161
381 368
313 15
501 428
487 339
546 12
543 345
260 176
588 258
373 90
513 184
597 456
257 131
300 18
566 252
428 126
265 216
418 272
445 105
288 131
515 96
231 23
201 37
419 141
394 1
494 391
243 174
428 378
276 166
593 372
592 45
520 213
485 341
592 575
184 109
422 210
584 296
551 27
109 1
111 41
371 23
506 360
581 27
451 312
329 1
474 8
420 97
456 2
115 77
381 225
228 7
235 152
198 167
253 217
323 288
513 106
554 509
298 185
597 30
577 295
492 79
379 115
229 227
590 119
474 431
432 403
590 47
569 42
430 85
391 309
282 209
593 557
176 25
589 436
418 106
425 253
580 13
577 13
510 117
575 197
132 60
374 316
582 550
491 126
182 179
214 12
494 483
548 380
427 188
499 260
568 522
432 151
419 172
459 228
413 121
585 248
513 55
363 326
482 237
501 500
541 239
443 292
532 443
599 104
43 26
308 179
341 49
184 159
278 46
498 249
582 166
199 100
490 425
591 14
468 35
411 271
588 156
495 328
587 510
531 70
167 116
417 41
443 32
234 132
216 33
571 253
364 7
578 309
586 113
578 263
432 418
501 40
401 24
518 89
493 198
566 49
599 437
403 139
534 169
580 80
312 77
247 89
254 219
247 160
392 48
146 58
460 344
586 45
276 162
493 347
378 351
542 404
303 37
266 177
458 211
242 92
212 2
508 96
569 462
589 61
549 171
473 393
529 11
464 422
183 9
528 410
460 55
436 24
355 187
511 458
309 95
440 227
496 35
286 64
255 98
275 132
216 2
327 225
157 27
107 48
578 198
470 298
146 142
494 71
376 313
468 263
451 48
575 28
184 78
331 12
512 103
474 243
460 138
214 87
497 452
231 47
130 66
450 313
474 230
520 282
333 1
379 41
529 516
596 469
180 28
357 112
256 35
243 42
570 281
500 119
278 123
239 35
501 346
563 39
588 43
584 110
551 262
510 409
263 146
564 382
407 306
299 143
493 250
272 21
474 418
555 240
381 308
338 296
570 230
293 283
397 323
391 364
185 57
454 49
404 300
255 238
60 44
541 185
326 215
426 207
593 378
79 13
352 57
583 571
275 165
524 128
432 57
530 8
68 48
586 243
182 83
142 79
503 236
476 429
276 111
334 226
553 279
474 390
338 293
229 158
262 207
498 293
501 367
424 204
284 261
434 408
309 53
284 144
499 491
289 45
591 451
469 127
142 112
224 26
503 233
559 526
376 104
419 196
309 271
394 355
190 28
444 417
352 100
490 217
349 90
413 316
359 183
272 46
194 58
587 135
532 358
426 144
494 19
155 102
218 153
517 42
407 325
468 433
355 295
554 452
396 301
269 13
553 551
379 255
455 449
281 105
119 100
518 377
157 19
201 118
146 21
52 29
111 57
434 128
450 53
28 6
354 17
575 394
563 373
428 249
367 69
507 332
355 275
564 234
438 301
489 174
258 132
243 114
555 458
334 286
518 111
322 152
550 189
479 119
497 266
595 47
367 152
3 0
553 501
564 371
585 265
414 67
212 169
107 38
552 232
471 44
219 177
445 187
388 107
289 258
449 29
230 140
198 106
504 498
580 271
582 77
261 108
517 296
569 553
497 204
429 255
524 202
552 285
401 246
429 160
361 110
395 209
549 467
542 453
297 276
207 3
296 65
500 457
505 347
347 146
540 476
544 318
143 29
427 348
547 350
295 181
587 497
597 512
424 305
594 231
113 56
115 34
225 1
514 232
122 121
599 226
587 281
282 121
376 7
475 350
323 284
451 99
415 338
129 90
383 235
416 317
420 163
582 105
512 323
318 157
547 160
532 357
267 196
588 244
284 71
185 124
70 16
385 351
503 490
553 213
329 60
562 181
431 276
352 336
560 400
479 66
184 124
458 418
434 136
543 289
181 164
25 2
125 95
365 96
314 164
465 364
371 40
420 327
235 178
496 48
282 85
569 535
353 210
426 189
382 141
511 440
414 148
192 88
559 380
384 113
549 154
594 72
288 17
256 72
301 222
151 143
231 99
542 228
159 147
517 403
421 247
231 106
165 79
443 91
65 39
208 74
184 22
453 351
410 17
163 157
559 103
548 327
320 280
335 253
452 389
516 9
142 102
421 138
508 176
521 115
191 163
534 240
433 310
484 316
441 179
127 80
552 265
234 103
563 194
346 204
445 427
589 56
584 492
360 4
443 284
257 250
464 298
359 249
373 193
489 219
201 171
487 158
432 324
225 124
395 1
517 96
517 168
244 24
244 9
440 367
482 257
342 156
445 417
391 192
196 85
576 572
402 29
112 85
362 79
402 63
540 17
475 235
440 370
427 267
307 239
554 146
405 117
288 30
510 202
534 113
456 69
585 300
326 214
69 10
545 158
435 434
588 529
584 430
574 292
415 192
332 210
452 26
599 315
573 551
598 453
561 60
568 468
293 232
557 168
120 28
393 305
192 177
581 85
358 240
357 3
417 181
564 84
546 330
390 174
568 322
478 220
220 72
534 162
370 279
504 170
290 22
501 485
117 96
564 63
379 310
464 461
254 131
511 126
260 121
134 53
471 178
106 57
300 118
402 137
476 433
471 384
70 60
240 20
279 28
539 424
119 90
463 363
562 485
550 386
364 289
289 205
432 6
587 552
464 55
514 162
492 204
562 151
586 555
412 231
157 105
434 406
270 138
502 362
577 72
599 339
447 206
436 323
520 476
422 103
514 417
308 141
471 103
217 32
233 118
450 246
427 185
451 345
511 144
534 309
591 496
493 270
580 57
368 272
397 254
473 450
402 135
593 386
256 64
351 62
504 128
569 251
377 303
563 179
390 273
404 373
572 80
396 71
208 167
447 429
446 230
555 35
346 189
390 314
587 5
304 116
486 87
589 51
528 112
497 394
371 45
468 63
540 462
398 15
419 76
481 477
193 184
317 98
292 38
136 108
264 5
492 226
548 496
188 1
419 121
467 79
328 111
78 63
185 181
593 508
495 272
314 199
400 383
300 85
221 170
549 359
522 29
260 207
394 33
586 493
46 26
499 1
418 246
444 316
539 411
548 125
335 60
391 6
579 535
362 0
225 143
583 446
525 433
380 254
370 360
529 239
96 22
193 82
452 442
461 381
450 42
94 14
567 185
577 3
505 129
290 14
560 179
77 37
240 37
516 132
573 325
422 45
118 22
575 101
468 135
562 450
558 42
548 376
556 28
464 155
499 492
572 13
456 150
433 317
196 61
212 151
488 268
580 188
362 310
129 108
384 311
342 276
559 244
533 495
333 87
217 75
481 92
556 388
355 262
543 59
584 427
596 288
288 171
596 111
496 384
54 1
426 383
547 184
491 323
391 9
313 101
530 22
431 112
229 77
543 37
370 320
589 131
271 111
273 16
268 145
443 347
444 364
477 407
589 60
140 15
489 249
535 372
175 10
349 202
355 259
439 256
192 119
467 132
263 11
187 93
474 247
535 411
354 245
361 102
57 33
210 116
421 299
214 104
180 46
370 81
206 51
372 349
448 172
186 88
411 193
305 301
494 460
597 570
327 57
334 202
534 511
574 240
398 341
159 21
243 187
524 78
466 291
507 198
269 246
492 331
517 231
118 61
450 95
393 342
284 67
374 157
593 456
490 196
424 331
523 352
291 35
494 137
342 78
568 119
238 22
483 100
467 104
311 93
467 169
500 394
588 60
448 312
410 369
530 203
439 428
483 48
386 311
433 174
508 426
585 135
292 287
396 115
553 261
316 15
444 168
471 69
250 177
260 74
314 60
229 17
493 80
540 286
455 136
589 278
599 431
333 32
187 53
286 13
333 205
229 27
526 115
126 45
454 336
405 381
538 91
514 370
466 350
147 131
429 191
489 461
172 170
430 285
515 362
554 184
315 228
518 74
139 103
368 278
222 109
506 258
359 288
465 383
394 15
347 202
189 142
477 469
447 183
330 81
133 128
598 287
261 66
167 166
372 5
45 5
409 202
205 8
473 45
346 321
275 183
407 75
470 302
546 101
98 2
580 252
298 116
414 266
184 28
443 29
198 174
357 159
364 36
562 416
569 214
538 218
478 307
577 42
529 352
107 21
352 224
405 87
419 206
225 207
250 8
78 18
380 212
559 366
439 364
309 33
384 127
254 229
575 158
232 80
440 162
556 432
348 39
517 95
569 434
542 289
340 11
378 223
501 233
372 123
534 264
256 102
397 68
425 189
426 173
588 525
592 529
500 188
566 358
428 316
469 236
515 431
549 139
560 343
172 30
496 439
457 387
560 0
592 179
416 86
301 130
579 571
273 149
327 179
498 463
270 12
338 68
306 49
362 279
419 330
586 428
443 364
535 7
383 58
289 232
295 168
371 328
548 465
319 302
238 18
579 507
566 552
352 69
458 346
252 49
486 215
550 177
422 178
534 224
207 151
536 482
591 240
447 159
525 237
341 282
58 10
542 487
447 266
546 281
383 188
495 367
439 384
283 103
552 110
217 203
