40 4 600 2500
15 5
24 14
37 35
12 3
306 208
454 63
477 53
458 24
123 104
463 376
582 264
298 155
455 454
291 186
117 65
385 303
448 11
460 243
274 36
338 142
218 96
376 245
544 269
260 30
468 269
423 402
488 80
309 186
576 546
294 8
85 61
587 190
410 86
307 227
565 88
297 193
470 72
473 76
135 72
426 69
565 42
267 161
548 31
548 451
187 16
344 215
240 47
302 157
309 137
356 265
323 164
282 157
420 7
362 5
588 297
516 76
511 294
404 284
166 4
572 99
494 288
568 124
323 254
410 406
460 263
503 397
558 61
263 155
372 87
289 199
551 314
565 304
250 157
564 414
187 172
556 380
378 317
544 242
506 476
429 375
112 41
283 44
317 23
567 33
475 279
291 72
375 253
475 230
21 15
417 172
174 41
152 81
400 191
284 165
239 168
392 202
492 261
528 504
546 293
104 21
513 403
552 532
470 6
550 74
598 76
458 162
509 29
326 57
321 163
539 489
262 169
559 208
456 272
339 249
256 228
305 159
572 58
387 210
393 334
54 45
238 162
564 6
201 57
460 128
522 184
582 508
493 175
308 300
532 380
459 102
501 236
375 320
462 352
528 409
269 205
490 125
490 297
555 416
425 394
446 387
374 221
560 126
406 47
536 394
550 549
587 296
184 94
314 282
592 296
328 261
315 258
218 70
492 50
427 21
507 9
176 157
124 104
394 319
501 364
570 437
239 121
200 122
243 90
526 425
441 372
559 84
208 99
569 556
572 353
456 76
340 192
161 145
344 24
85 64
515 398
362 142
112 100
131 5
503 228
512 217
542 536
174 122
543 377
582 404
460 453
477 79
346 132
63 19
378 275
156 4
314 137
540 347
268 68
505 380
309 142
256 11
335 263
413 328
221 199
392 110
121 119
580 56
363 93
349 306
171 4
276 62
123 58
518 58
192 2
535 253
274 259
304 230
587 570
306 262
241 86
166 33
478 468
553 319
576 91
562 272
582 273
593 251
278 98
97 92
209 121
533 6
246 31
422 306
455 218
552 282
562 259
346 262
136 13
414 411
534 82
596 407
313 104
538 43
379 350
440 35
268 199
345 102
373 195
548 424
548 505
293 21
47 18
582 238
517 279
109 100
461 94
71 62
50 12
493 369
199 162
550 93
591 137
564 114
378 260
238 46
253 174
320 141
597 213
434 106
355 141
557 356
500 380
396 375
344 73
282 33
348 137
529 192
569 89
221 58
427 388
523 482
367 58
465 151
95 79
304 24
595 441
429 173
266 217
286 268
414 328
468 205
456 172
560 99
306 12
385 302
269 6
443 34
569 50
534 302
262 43
555 121
348 183
497 366
138 5
79 11
386 131
248 128
574 249
413 404
571 84
354 108
589 475
490 107
459 159
39 33
337 322
293 129
354 204
570 511
343 88
381 339
128 67
573 311
401 166
370 251
287 77
286 64
395 350
223 188
289 77
386 149
473 159
465 113
588 101
412 245
507 210
327 309
536 403
139 105
557 141
502 442
525 322
446 132
503 141
451 272
265 94
98 96
274 141
280 108
468 426
533 42
452 187
286 101
403 142
537 441
375 269
391 315
546 2
114 113
559 251
558 149
356 208
212 40
514 327
502 157
585 81
489 427
450 171
260 216
406 310
304 139
291 157
223 171
577 497
442 430
541 520
201 195
370 217
535 513
395 112
560 316
482 320
415 144
349 0
545 335
307 123
567 530
555 30
592 316
541 167
245 82
160 11
289 176
50 30
544 156
444 290
526 297
381 177
103 93
363 176
198 125
507 146
227 34
598 227
507 42
496 273
154 68
519 367
188 32
370 46
367 179
425 298
400 153
424 15
424 315
318 210
286 216
539 155
597 106
390 197
183 147
529 67
449 391
581 40
592 284
496 94
486 406
47 3
448 377
387 103
580 295
322 282
526 450
342 138
361 79
588 471
594 569
448 293
537 435
343 81
381 309
346 0
597 134
32 29
359 257
501 306
540 450
91 76
564 323
510 479
362 318
450 389
243 114
512 364
598 20
160 24
445 155
530 476
152 92
254 187
593 496
383 318
551 114
432 43
440 221
320 187
577 524
60 28
460 26
246 236
537 206
430 408
324 62
544 305
432 125
277 38
363 236
583 415
558 231
587 36
586 345
308 208
298 17
537 200
517 263
120 119
505 504
539 66
370 129
41 10
561 23
457 371
366 304
477 406
324 133
467 296
460 265
511 387
390 386
519 221
429 257
189 33
586 354
432 218
569 38
466 409
420 54
453 427
383 217
550 53
428 256
306 110
588 337
265 102
285 165
584 434
424 124
540 535
593 265
531 520
489 439
517 507
520 360
289 155
441 233
498 327
307 147
568 313
553 375
323 107
204 55
468 236
100 92
258 147
357 138
442 271
529 266
434 228
66 34
572 302
596 254
431 270
567 64
500 335
518 474
52 12
127 84
413 189
61 25
308 43
573 184
539 374
219 174
371 325
520 427
352 293
483 305
181 151
376 112
559 295
217 136
296 159
532 82
229 67
158 103
550 498
269 53
597 594
538 390
233 195
591 396
426 263
543 186
344 220
370 115
477 429
595 220
486 225
277 264
208 166
308 109
435 194
422 125
573 355
468 119
336 304
572 459
588 209
420 324
281 243
576 358
379 124
454 426
421 133
467 10
208 170
561 302
365 222
300 146
498 286
458 190
284 194
459 66
282 79
375 228
416 80
303 140
268 2
512 389
267 69
88 12
469 397
430 141
342 170
477 416
351 227
284 10
406 126
456 88
327 84
598 465
485 74
483 367
504 411
264 240
40 19
485 67
316 234
393 271
468 415
329 205
117 92
535 276
391 42
101 95
305 50
166 54
255 206
525 22
476 312
451 420
565 539
502 334
309 269
486 191
537 91
528 242
523 152
477 476
409 65
339 235
597 293
425 406
508 142
385 88
436 187
383 116
509 209
406 193
471 205
90 2
345 258
273 81
299 262
200 163
541 215
252 12
306 20
415 360
526 212
365 193
439 243
405 170
252 83
455 400
415 204
551 391
477 242
515 470
558 352
326 102
329 14
417 7
555 164
376 263
566 405
594 95
292 134
455 129
428 75
410 311
175 95
281 274
389 17
75 51
123 20
391 311
372 266
471 342
201 173
319 158
442 63
301 214
420 106
96 63
591 118
473 98
208 193
405 162
109 10
70 42
308 155
226 13
374 349
325 233
220 135
588 414
392 204
110 59
144 121
502 25
506 25
398 192
278 188
554 248
96 41
396 286
587 438
374 323
453 146
443 375
585 141
460 370
391 81
580 433
478 217
329 314
315 208
278 57
175 123
304 23
415 301
412 383
190 51
270 267
65 54
529 407
492 249
532 203
449 209
140 72
534 337
530 296
510 144
27 19
246 11
457 177
432 6
396 311
370 176
389 270
451 3
594 186
457 249
280 172
524 7
488 86
437 155
439 162
368 77
414 151
491 459
67 59
234 89
409 154
334 123
326 194
346 215
589 437
561 316
428 23
336 43
501 373
220 109
319 300
582 15
523 303
471 2
383 95
585 252
557 490
228 223
142 140
499 192
463 224
553 174
412 291
152 31
506 193
364 68
50 21
132 114
325 232
461 314
207 107
503 257
529 466
70 19
231 148
469 45
202 164
563 539
543 187
529 260
262 7
288 51
277 40
401 91
312 110
387 314
373 361
459 293
552 105
317 148
571 60
580 527
585 524
327 68
417 84
208 129
228 161
416 178
324 277
524 369
390 128
457 380
476 421
574 531
377 138
356 131
410 242
594 215
118 85
64 56
451 113
407 52
514 70
505 12
236 102
508 70
586 430
586 330
594 361
581 488
576 398
435 332
303 22
591 532
289 75
243 242
385 41
551 437
227 69
338 257
449 111
543 35
506 71
523 131
431 355
568 523
424 223
169 124
444 128
556 134
480 79
597 248
542 158
473 142
247 94
519 323
127 123
333 170
302 90
296 223
489 213
484 458
546 192
535 197
327 316
500 344
580 338
119 93
389 26
411 87
440 225
391 273
231 50
422 200
121 1
244 51
584 38
98 82
368 232
463 347
163 98
401 392
323 234
556 152
454 196
177 59
539 15
533 36
277 256
546 331
480 398
511 273
151 102
361 307
571 512
581 196
432 105
404 299
117 0
80 26
180 173
497 358
453 282
515 204
255 127
125 98
296 238
504 442
589 537
154 15
439 298
200 51
595 140
479 333
526 115
431 229
531 519
352 308
585 7
584 477
430 333
426 161
130 23
424 155
263 126
151 37
329 223
125 20
503 334
235 164
587 481
465 134
545 119
50 46
194 46
32 18
367 127
526 407
479 21
383 140
516 251
509 210
259 136
322 232
450 72
498 74
237 230
66 60
332 167
596 369
489 194
374 293
210 194
396 114
477 461
376 126
261 220
406 322
452 90
463 20
209 199
421 162
595 413
506 389
487 349
518 318
174 93
326 323
471 121
573 300
591 66
247 152
348 167
242 83
589 422
454 154
463 21
274 60
191 47
517 331
541 196
470 55
128 48
484 190
509 228
545 164
572 522
576 554
368 323
227 167
467 1
283 200
19 15
439 438
550 110
579 123
180 9
529 189
449 310
164 104
236 153
296 143
511 208
519 491
220 169
445 169
529 186
487 344
369 52
546 337
559 261
357 188
583 431
187 121
590 388
505 285
438 87
519 415
388 311
306 136
244 127
582 132
594 65
317 227
386 204
559 302
503 471
435 247
447 61
578 168
275 256
374 47
271 112
318 188
263 65
355 338
489 100
368 266
330 92
584 77
526 284
256 200
538 368
403 180
559 557
578 124
429 252
595 321
579 483
398 57
576 421
575 312
569 368
558 225
392 184
594 195
598 581
404 226
35 25
333 304
516 141
587 552
383 316
282 179
331 7
575 235
440 431
576 306
425 34
534 458
115 99
355 349
210 191
500 362
439 202
298 173
445 203
309 214
247 37
589 476
516 59
294 169
348 188
528 299
172 51
531 289
311 221
592 204
497 339
390 26
399 278
393 302
203 133
236 183
599 113
542 314
42 0
393 389
332 157
92 2
368 143
145 24
438 327
537 39
513 471
531 445
378 148
358 35
519 266
320 140
528 385
438 278
502 416
110 71
579 386
505 199
436 393
45 16
559 483
368 309
130 36
575 314
585 156
550 191
411 33
150 148
445 62
401 191
551 21
293 12
599 197
207 192
335 100
179 84
319 249
315 84
237 199
319 2
544 520
240 103
368 348
421 195
453 279
551 80
455 105
577 168
32 0
412 177
514 180
577 50
72 50
568 94
579 115
441 418
577 549
465 162
333 11
400 388
295 203
274 216
408 177
446 414
408 212
396 314
530 441
401 299
343 226
192 179
269 76
425 89
564 355
444 212
474 255
369 356
585 522
583 388
542 113
576 15
428 119
354 250
414 388
578 350
418 163
297 30
466 160
441 247
306 78
439 28
321 288
548 497
431 315
488 403
479 314
143 73
545 491
276 244
525 276
591 427
537 158
440 207
469 456
553 382
544 281
340 226
591 70
430 193
573 244
575 252
590 77
547 231
437 167
490 69
358 315
400 131
134 128
308 96
563 26
543 84
452 177
287 28
581 341
487 186
411 98
423 220
274 94
408 117
336 97
562 351
540 303
448 288
327 143
434 25
121 39
439 152
495 280
487 140
512 20
553 0
455 366
429 150
402 125
193 180
424 309
348 290
550 196
415 56
508 7
163 79
391 333
480 401
73 44
339 217
365 292
468 449
596 425
508 288
402 250
84 68
591 224
271 3
403 290
246 60
430 405
304 241
308 158
533 447
553 299
258 157
595 566
191 139
415 363
416 122
101 38
222 165
474 315
533 96
298 238
297 121
558 91
496 376
426 246
259 129
513 86
480 426
447 363
566 71
297 155
214 161
407 244
444 256
308 126
299 189
517 477
324 142
535 208
536 327
490 143
385 334
459 49
566 305
407 102
512 501
348 88
343 27
536 81
414 95
155 11
466 16
564 110
512 305
198 189
478 7
556 264
327 91
463 83
595 218
450 134
463 136
398 124
532 434
333 210
586 146
180 97
302 215
425 302
551 545
477 369
286 206
540 209
587 250
386 145
274 268
263 235
322 171
543 66
268 164
414 217
568 237
405 294
583 401
397 327
566 297
316 79
383 56
476 33
178 52
500 499
332 287
315 314
533 357
599 398
531 92
518 137
535 402
250 182
240 150
510 303
440 54
389 225
320 41
498 230
285 7
306 113
367 323
434 302
447 184
586 263
551 436
528 345
161 107
84 81
556 318
444 187
465 19
446 215
228 190
426 190
561 53
473 126
466 175
537 95
530 326
419 69
541 245
293 201
238 120
518 46
580 80
486 3
377 13
393 206
351 157
590 440
87 80
149 4
378 373
569 351
276 80
395 290
260 57
324 171
562 100
44 40
261 167
231 128
580 536
513 472
97 1
131 11
394 188
209 98
225 101
389 210
386 164
534 321
540 130
497 425
511 390
429 176
282 58
491 414
457 159
406 32
525 5
336 218
559 312
580 137
286 246
205 28
582 26
198 141
296 233
457 225
461 222
292 214
465 450
194 29
377 245
322 165
566 368
588 61
183 117
448 313
367 195
504 454
594 592
276 38
341 25
529 396
278 259
422 309
551 300
534 23
505 315
182 98
460 219
235 43
558 123
351 277
447 99
526 376
479 450
448 0
330 156
240 29
237 234
344 268
498 76
451 121
505 24
447 261
578 474
527 129
492 465
316 44
246 41
505 238
119 88
546 488
594 305
595 6
414 127
488 295
529 69
597 580
401 344
173 152
520 200
228 210
58 28
594 133
239 17
424 168
378 177
291 122
189 134
238 86
522 47
567 432
423 231
508 213
521 383
265 70
251 198
422 21
502 154
568 274
514 230
377 235
496 437
542 258
494 426
398 281
403 347
511 276
489 209
566 365
289 124
507 15
589 468
315 56
409 349
287 80
586 3
586 200
378 174
514 133
197 49
390 163
365 40
329 72
360 57
569 441
232 185
583 499
453 337
570 486
190 158
188 0
491 97
549 370
381 170
507 16
274 3
105 12
598 272
356 274
529 127
390 175
486 193
390 25
397 301
345 125
462 94
535 28
512 489
445 311
578 533
493 73
480 449
473 18
568 141
591 577
350 121
145 88
331 218
509 456
474 264
334 29
123 33
560 547
528 216
545 197
153 5
536 13
403 26
580 191
532 165
277 9
363 178
434 401
590 189
184 47
176 145
560 481
493 173
342 93
149 55
562 34
456 421
263 57
129 127
211 11
311 144
491 279
415 36
350 321
301 193
89 59
492 248
478 325
432 82
325 134
543 320
383 84
216 17
518 302
464 419
448 109
98 25
586 172
573 333
484 333
246 49
348 312
543 260
470 236
472 184
599 296
409 189
390 104
550 233
538 105
404 33
289 96
533 13
243 44
493 43
500 399
476 141
578 359
351 5
452 218
398 44
478 6
262 71
237 169
511 22
475 386
530 126
346 173
168 160
433 317
569 341
581 229
515 136
539 100
482 364
228 194
521 396
546 499
561 257
589 68
466 413
366 270
571 365
432 268
566 409
282 261
213 76
368 362
571 428
472 77
446 90
541 321
397 26
431 192
507 256
585 269
221 2
577 386
170 13
579 548
374 5
512 260
438 307
559 406
428 33
571 233
517 5
224 165
587 76
469 14
367 41
190 189
552 343
176 20
112 94
230 29
138 126
494 52
386 4
471 345
552 109
594 277
436 111
505 123
418 68
546 423
443 313
368 30
211 97
465 290
591 489
218 71
76 49
503 157
132 131
377 342
512 132
71 54
548 108
418 314
520 232
326 12
345 124
324 5
465 430
392 59
234 144
542 416
162 55
391 264
599 497
121 42
571 320
547 137
520 424
557 467
585 413
117 85
290 45
393 330
510 75
224 150
191 31
495 16
317 297
525 121
304 55
414 134
513 141
528 354
545 368
543 517
525 509
564 547
357 142
357 37
484 310
530 1
495 313
542 273
259 94
270 69
487 356
311 212
379 80
459 370
235 146
192 124
158 27
516 55
413 195
494 290
562 268
493 190
599 11
374 52
565 333
453 386
555 221
321 190
524 453
298 254
387 373
291 117
488 475
565 102
389 212
556 529
375 370
300 207
459 118
183 95
344 164
200 41
579 491
340 173
531 154
296 17
141 36
574 99
563 55
555 152
372 333
556 48
217 6
328 292
380 359
273 104
421 76
416 86
588 448
424 333
231 52
569 436
483 257
322 146
44 9
519 470
584 571
349 166
415 302
179 139
444 107
584 250
280 205
408 196
132 113
202 189
583 3
443 14
566 132
572 89
271 234
404 174
76 51
583 506
471 309
403 77
102 74
137 50
308 278
496 164
96 66
389 80
342 131
442 141
384 246
453 209
477 228
530 395
292 178
488 120
450 393
584 18
447 354
460 160
581 69
357 196
424 173
386 268
556 245
500 16
465 37
443 182
381 70
540 379
353 73
508 319
454 331
283 0
494 162
521 92
332 63
586 6
541 123
181 99
327 218
488 143
311 176
68 45
177 43
313 16
586 15
596 68
577 316
517 211
166 153
452 166
484 369
391 207
407 280
521 205
440 345
293 20
565 23
356 106
303 50
113 16
255 58
423 209
439 55
316 192
589 139
446 369
404 334
214 132
281 160
501 119
563 489
250 81
400 393
136 21
552 445
181 170
274 110
421 159
508 348
388 305
583 14
333 114
547 422
424 100
175 94
489 200
362 165
407 37
542 448
395 195
536 496
527 452
476 350
488 479
533 92
502 406
512 162
203 5
406 72
291 250
242 210
584 143
562 213
164 98
417 413
547 342
310 95
247 212
316 163
492 398
450 306
379 33
284 278
543 527
596 57
536 299
466 195
449 61
580 30
561 381
397 369
457 424
398 102
483 179
405 45
563 478
540 361
356 100
593 419
204 15
578 390
503 479
564 544
579 415
580 484
474 72
576 524
540 244
359 221
521 173
214 120
281 215
273 133
460 324
390 38
564 98
540 439
594 5
464 278
549 352
128 107
537 18
425 265
503 272
483 422
316 272
114 61
533 278
152 47
483 67
415 292
498 234
443 79
505 66
179 14
418 271
379 244
23 19
215 211
437 374
237 7
341 230
294 21
368 285
571 430
391 156
387 211
560 458
272 197
564 327
255 233
110 73
316 299
265 247
111 18
560 341
511 408
321 162
566 455
396 234
362 284
523 34
381 245
561 408
314 42
424 288
572 512
431 378
288 0
354 173
185 82
555 364
358 58
505 168
527 103
408 11
154 63
589 206
385 316
241 232
164 14
494 238
597 573
527 453
306 247
518 491
498 104
273 89
209 90
254 132
255 109
262 102
299 134
525 183
229 98
153 88
408 15
570 420
492 9
418 261
578 175
524 331
81 75
207 75
502 4
546 250
543 162
528 164
534 334
413 253
481 405
113 60
215 203
434 239
542 70
378 117
499 355
512 370
458 455
437 328
315 260
232 110
467 326
406 146
516 268
430 1
181 143
599 261
491 387
432 32
431 169
490 238
398 188
266 145
433 114
422 215
271 19
523 317
571 383
312 286
424 290
292 196
112 71
186 38
530 236
394 309
421 384
450 333
452 338
462 160
241 35
179 106
522 192
502 56
234 64
419 362
514 73
385 350
280 17
365 145
384 42
598 498
463 18
457 283
338 141
395 346
503 390
531 456
588 403
317 124
146 31
377 88
330 196
114 13
439 420
527 443
112 76
286 161
384 86
588 527
570 460
495 102
466 310
289 221
561 185
163 28
592 532
107 15
546 343
63 54
388 363
368 366
369 175
570 492
395 287
460 355
547 202
125 7
532 337
238 108
328 293
566 421
395 240
399 264
523 300
418 204
58 47
409 239
554 400
552 59
357 208
322 193
376 283
559 66
532 221
194 142
295 139
579 500
387 159
512 245
352 133
598 360
475 166
228 122
512 150
436 7
489 346
388 214
162 30
156 2
220 41
362 245
574 461
383 52
579 417
456 121
534 90
268 200
250 41
355 326
370 233
333 237
406 94
594 359
423 41
591 126
474 355
198 130
389 176
138 106
391 259
537 524
519 104
203 199
418 331
354 100
517 179
388 323
338 7
461 197
496 240
570 13
563 86
135 67
138 86
525 113
220 93
522 270
578 301
527 266
367 228
587 195
579 143
480 167
416 210
513 75
250 210
207 69
402 252
448 321
273 64
553 34
216 35
517 509
435 311
451 97
173 81
157 15
385 176
495 340
422 51
381 361
115 8
536 450
422 421
194 149
582 389
572 218
429 189
486 265
413 18
329 306
565 117
387 224
596 182
104 4
181 88
126 10
525 378
571 478
94 2
554 106
569 24
267 176
307 13
478 405
422 14
452 374
496 465
426 311
453 131
563 471
528 24
543 60
266 62
371 343
510 173
511 299
331 141
490 394
510 178
486 51
462 277
383 269
253 66
443 193
530 44
434 182
548 366
383 185
488 401
598 308
401 9
180 17
469 225
204 176
477 105
409 318
518 435
315 187
148 81
233 41
548 418
591 553
108 31
436 300
378 183
470 227
380 252
554 439
582 34
156 34
427 403
403 160
364 223
493 463
436 320
272 243
170 37
178 80
595 381
435 383
441 120
181 69
489 323
377 107
517 164
546 443
370 154
518 201
493 481
392 334
384 355
142 39
425 101
214 202
417 373
498 152
338 27
518 514
437 265
370 234
563 30
549 541
285 199
298 276
445 205
390 376
589 7
451 443
489 311
427 22
78 21
477 281
191 77
500 7
413 326
557 365
558 155
374 287
349 73
422 7
540 242
557 189
174 144
486 482
239 177
574 129
449 22
591 498
236 170
417 251
457 179
528 14
594 395
341 142
177 2
475 31
552 61
581 280
494 221
481 22
205 68
579 110
286 22
285 91
333 156
478 131
359 59
416 301
495 321
392 320
547 162
595 591
483 82
146 10
252 15
169 131
260 162
567 38
383 371
514 343
544 272
210 136
491 343
498 469
420 11
523 329
551 143
559 138
547 517
169 84
493 39
356 326
275 264
294 61
521 55
555 344
502 449
458 425
539 337
448 422
470 374
492 62
435 360
589 550
537 273
482 418
579 195
425 398
404 181
65 12
459 447
284 137
217 130
245 235
206 8
571 406
450 280
192 158
487 323
437 410
500 272
579 577
129 12
511 274
379 123
350 209
594 470
441 67
525 157
282 178
483 139
543 13
498 419
273 188
93 28
319 100
389 49
457 359
406 285
511 470
146 103
232 100
415 330
538 170
285 221
540 318
591 452
354 158
429 171
585 21
498 472
474 192
