60 6 600 2500
49 28
49 14
37 35
59 57
46 24
31 3
553 113
340 275
127 57
235 152
535 527
518 74
264 19
582 504
525 518
591 345
595 216
550 5
527 34
295 93
527 272
129 38
189 167
459 161
520 86
204 59
278 154
290 90
515 208
416 131
559 335
573 7
271 81
462 91
409 210
444 306
419 368
333 284
381 328
391 357
306 0
407 39
352 121
370 90
464 420
582 63
403 367
121 32
571 253
227 199
589 378
496 71
270 199
340 300
471 404
439 102
506 17
476 456
293 16
355 185
221 188
379 45
350 56
174 21
289 38
440 276
593 393
512 271
169 74
338 58
458 161
134 63
368 152
597 183
588 323
204 46
466 97
579 30
440 184
291 203
353 230
120 28
347 81
566 371
300 31
247 151
531 351
159 116
412 154
584 533
529 441
255 102
139 109
505 418
260 39
535 356
54 21
464 13
250 39
479 207
468 304
262 77
447 280
485 303
591 285
467 444
384 238
434 84
553 223
95 45
301 210
367 20
523 460
510 177
339 222
549 346
457 52
541 252
562 66
537 333
550 11
335 212
321 162
572 366
366 189
514 297
578 224
412 337
521 406
346 11
162 13
540 496
524 6
428 196
503 377
316 239
582 334
312 281
219 102
352 347
474 396
373 288
104 64
576 329
236 96
212 45
556 470
431 423
329 180
413 255
441 248
385 145
532 77
475 84
267 63
227 109
466 410
223 145
51 42
481 155
465 13
533 98
544 28
519 105
570 501
222 152
539 13
458 142
393 273
510 30
516 275
189 82
340 45
397 205
354 62
386 286
534 249
292 49
363 151
580 190
251 162
219 12
273 258
597 452
409 29
241 206
310 193
505 222
378 308
520 24
396 198
275 83
505 108
265 186
94 70
586 322
415 255
316 298
464 215
575 510
448 119
467 211
345 149
522 354
521 353
174 146
431 35
537 428
24 23
305 152
279 187
465 96
486 208
487 302
248 155
297 186
524 407
443 123
383 313
332 302
113 65
370 136
343 339
468 230
257 173
498 338
195 88
402 88
222 69
493 367
444 104
292 41
383 173
231 160
551 211
523 406
455 58
255 25
520 330
432 383
589 586
176 54
128 13
505 216
400 149
565 299
575 258
539 283
306 20
592 144
377 217
417 72
312 48
265 125
273 223
422 308
432 272
249 236
553 52
386 40
471 410
583 63
542 501
379 253
175 66
446 229
487 421
296 187
551 227
353 125
547 297
169 104
505 261
416 13
390 42
529 201
581 545
403 148
428 57
380 154
556 547
506 389
49 22
181 144
560 323
511 466
110 79
538 100
442 127
356 36
466 181
363 57
587 257
155 96
155 67
430 254
389 368
160 35
463 400
358 248
515 405
374 106
591 369
318 224
44 33
552 43
527 354
275 22
534 213
410 77
405 277
556 360
342 22
499 279
263 9
395 275
96 66
456 258
554 295
546 431
188 10
382 74
568 93
537 455
550 400
591 110
106 64
574 47
472 153
454 386
350 342
102 26
131 29
472 322
590 116
297 235
487 408
508 38
511 171
521 130
598 103
583 178
494 312
582 478
473 10
319 105
282 42
583 112
316 263
170 55
465 17
478 136
547 341
428 271
468 13
420 329
246 101
383 334
507 410
454 17
420 170
155 123
590 394
528 129
557 225
417 285
370 84
156 102
485 308
231 35
537 493
590 131
127 111
361 352
514 293
386 336
499 342
570 55
581 524
506 382
177 111
422 42
186 122
566 101
562 165
214 86
479 308
479 371
568 63
528 359
587 467
314 111
574 203
311 26
218 38
451 401
504 484
438 202
433 76
426 216
575 496
494 389
448 196
505 322
127 88
123 64
405 23
55 41
590 381
228 170
337 256
366 202
249 154
476 449
546 420
320 80
150 134
557 502
557 89
302 121
565 313
290 188
201 110
279 178
188 123
421 363
532 226
162 159
62 21
374 47
307 79
363 288
434 42
511 435
509 182
549 163
442 361
439 349
268 241
558 49
210 50
100 88
511 244
222 19
185 148
301 201
583 532
598 94
450 304
439 429
504 37
244 184
444 8
366 131
248 247
434 249
574 517
493 342
429 179
599 29
598 534
403 265
212 157
590 179
578 375
416 326
431 161
278 157
164 93
599 62
401 372
409 384
486 473
488 234
512 165
256 193
591 365
506 80
522 100
268 153
475 153
545 290
452 161
161 42
493 117
162 120
514 226
579 443
342 228
283 119
447 360
556 525
467 176
313 107
245 101
154 99
254 70
451 433
598 390
547 113
380 38
480 38
201 189
294 184
578 62
22 13
427 202
370 72
416 158
316 24
119 4
308 236
494 354
505 315
227 151
544 270
405 307
399 222
149 50
588 155
377 374
516 123
182 155
548 474
561 475
336 94
453 243
587 462
461 122
440 226
358 148
439 130
278 94
473 24
345 144
577 153
390 213
231 12
334 14
586 489
398 32
551 354
256 86
370 40
516 344
451 140
456 412
463 146
161 24
538 465
519 514
378 276
379 6
231 5
362 321
416 153
172 58
582 43
189 166
487 73
583 70
543 266
487 59
521 445
415 40
372 83
514 503
588 309
464 29
458 148
575 188
574 487
353 154
332 64
539 108
456 358
575 570
320 306
428 417
319 232
341 279
214 37
457 410
312 269
540 72
585 316
365 239
185 84
450 399
471 73
552 145
375 346
491 215
442 341
246 28
253 164
383 4
324 306
491 315
491 464
270 255
353 193
421 420
572 163
581 165
505 266
255 30
389 87
122 4
428 134
588 109
433 271
523 96
347 61
459 337
424 299
294 11
258 46
393 84
330 210
395 223
324 50
231 28
400 98
370 138
532 411
189 72
172 8
512 236
502 444
240 88
581 352
559 488
511 338
352 11
542 412
521 164
492 177
450 251
465 429
394 156
279 168
144 7
424 64
329 79
323 240
544 38
80 74
434 345
412 117
159 27
296 106
206 60
562 304
514 495
452 365
25 15
451 422
393 70
460 153
348 284
396 130
480 114
575 374
489 353
590 587
557 440
294 218
528 52
414 107
108 0
316 56
419 50
193 59
585 130
62 55
533 114
442 150
175 34
207 78
190 132
484 195
363 177
488 156
76 73
417 178
563 47
369 3
220 69
418 200
484 481
461 381
520 85
243 185
535 144
248 236
557 31
318 148
557 222
536 453
590 132
477 293
320 319
485 139
517 321
575 127
586 258
392 87
500 436
595 210
139 91
386 282
499 323
389 267
330 76
435 150
562 284
143 83
195 33
466 401
599 209
541 39
341 112
272 8
411 232
26 20
255 64
582 25
458 18
368 223
161 12
582 362
595 545
426 407
396 294
442 245
571 35
458 2
354 40
539 307
303 217
497 482
569 79
358 35
566 558
397 113
593 511
361 75
230 2
483 55
189 53
320 213
596 564
437 111
436 366
482 99
487 104
265 107
385 354
235 97
437 168
545 460
151 62
328 185
155 108
472 368
551 234
524 174
575 252
354 129
551 501
576 226
461 189
295 207
270 264
392 120
201 141
398 93
529 33
585 170
317 251
333 64
546 173
597 115
277 91
283 133
329 23
530 433
403 214
266 210
527 288
152 24
252 59
297 123
563 101
441 62
337 206
435 268
262 126
85 64
476 48
428 249
536 433
455 72
350 90
473 14
577 426
295 284
496 63
219 58
464 439
547 296
259 41
516 269
247 197
237 11
519 103
531 365
319 154
370 317
534 473
418 204
576 106
550 430
401 286
283 207
583 559
352 112
480 305
432 164
590 359
325 89
571 129
595 546
562 228
529 348
486 443
579 306
43 39
535 303
134 75
444 270
334 265
376 92
437 333
199 191
42 9
457 401
587 0
546 98
191 171
159 105
406 96
492 79
57 42
573 255
573 17
458 275
462 391
309 69
572 329
494 448
416 33
179 14
514 373
53 5
583 214
406 65
491 151
438 97
538 382
291 158
277 5
96 69
334 87
400 392
216 214
584 412
409 106
387 145
484 65
473 11
393 363
349 345
577 514
592 573
491 480
262 199
315 278
545 304
389 138
514 462
386 263
591 449
578 544
441 292
582 142
364 173
315 214
533 432
60 15
589 432
565 171
403 66
520 79
271 89
501 171
224 109
206 63
548 432
541 522
557 244
433 212
553 92
566 148
435 342
428 13
564 326
475 292
232 54
579 10
209 49
543 419
510 154
105 17
515 224
516 401
364 345
237 82
584 151
353 323
468 78
584 532
409 1
493 227
586 79
561 100
425 366
504 16
383 193
300 4
214 188
387 211
498 280
224 205
411 79
386 18
597 214
590 430
527 485
438 347
287 14
592 98
459 221
251 173
353 237
276 189
464 51
299 85
448 297
486 212
445 153
269 168
246 195
555 548
517 94
290 229
401 359
109 86
586 541
488 228
541 393
147 47
589 222
567 162
551 523
233 102
507 340
527 494
358 260
143 4
180 22
190 178
400 264
398 96
43 41
583 46
56 54
276 224
384 165
392 363
438 245
335 27
309 252
539 25
448 266
409 185
413 282
447 13
376 7
255 14
395 70
36 35
423 385
289 88
558 257
244 232
520 290
411 261
351 221
414 121
313 180
255 50
286 151
254 48
587 290
522 177
152 149
389 231
586 174
316 73
558 148
452 172
584 542
361 280
309 262
317 97
406 198
351 208
305 210
371 312
413 366
472 412
597 261
404 373
551 451
299 27
238 191
385 350
376 332
470 192
536 382
251 233
195 48
265 19
224 182
238 209
538 170
235 29
367 287
163 130
299 118
520 12
436 143
407 218
248 44
515 364
399 5
390 129
426 193
211 5
228 33
327 61
181 19
483 444
568 536
506 451
454 133
370 15
371 295
597 186
442 22
149 104
475 121
475 141
569 73
530 397
322 109
529 71
572 72
546 444
532 376
538 183
496 309
507 95
552 275
406 388
398 371
231 45
459 104
345 176
434 308
414 15
316 235
399 231
286 12
307 57
436 425
466 87
562 108
382 320
564 414
421 372
320 134
589 411
89 0
453 9
120 45
384 188
233 55
566 135
583 443
349 209
524 179
358 72
539 152
271 266
269 68
307 299
352 262
555 386
426 113
212 7
580 280
546 165
245 84
175 111
250 47
569 125
505 422
275 2
324 236
360 267
468 463
599 354
543 202
163 19
134 50
272 23
478 64
422 320
489 57
421 0
416 102
597 542
547 253
242 222
449 142
561 509
573 253
328 300
83 73
324 193
265 162
560 518
121 65
260 173
329 92
97 37
592 143
145 39
570 376
434 119
311 277
59 40
561 410
376 262
414 32
308 148
253 23
547 457
305 13
28 13
413 144
251 170
356 8
468 402
592 461
446 343
100 30
592 73
360 74
552 279
421 112
549 393
421 275
259 117
444 348
303 119
589 121
581 140
428 306
224 2
218 176
176 19
541 293
169 95
310 253
275 89
554 157
506 195
380 58
336 165
274 84
230 176
482 477
566 393
271 217
425 151
493 163
152 45
393 21
458 78
138 125
458 247
170 92
573 448
298 203
523 36
185 43
513 354
395 98
468 211
567 104
118 47
264 253
158 106
596 260
525 195
336 159
144 61
327 246
420 211
154 87
554 438
413 409
453 211
260 30
468 99
112 97
231 54
524 38
490 486
516 453
585 471
351 36
253 193
193 96
548 542
589 1
335 83
528 119
199 161
365 103
447 179
218 178
261 228
531 332
560 269
194 138
292 92
553 520
281 61
555 489
519 351
475 252
522 261
541 507
359 316
419 17
266 16
513 217
396 44
376 209
121 4
398 39
549 111
517 402
483 51
76 49
454 246
450 33
485 390
415 159
91 26
229 108
345 255
454 178
556 81
446 389
517 397
298 35
414 47
589 569
593 445
599 597
218 73
536 360
229 104
532 125
517 461
440 268
401 197
338 240
285 13
230 127
545 452
277 96
595 33
536 284
272 73
322 55
533 252
133 88
368 58
395 344
290 235
536 155
570 555
170 165
598 565
583 346
320 61
535 302
33 11
546 115
546 196
171 93
339 120
538 129
422 214
296 132
388 225
362 218
565 496
536 63
536 45
592 187
183 22
372 105
475 217
147 54
515 474
238 73
408 187
411 176
428 340
446 374
296 149
346 24
134 114
372 156
504 25
414 19
95 79
167 131
508 374
83 1
339 1
540 401
541 530
464 232
590 176
503 8
288 36
563 448
210 46
45 25
512 85
312 42
273 110
390 196
590 271
468 431
363 249
528 487
187 17
298 245
519 404
549 238
163 128
360 200
502 231
513 427
534 273
311 120
413 330
480 228
325 155
522 500
532 84
500 325
427 159
500 41
452 185
162 6
545 115
283 91
327 251
87 3
527 97
411 225
528 243
366 162
433 331
173 106
360 12
421 388
283 63
421 237
587 511
375 100
489 93
418 185
593 67
257 100
585 132
408 390
231 224
357 152
283 226
539 271
258 35
492 402
250 211
470 209
195 114
386 24
253 168
430 391
572 257
475 422
327 128
447 197
530 120
445 301
389 374
340 249
418 152
190 49
306 122
272 20
182 116
599 109
449 345
595 285
418 9
237 106
267 246
500 334
576 48
469 230
394 117
366 24
530 478
555 23
298 158
552 334
475 56
476 412
416 356
158 141
596 201
577 534
569 109
579 76
419 134
555 45
48 21
381 204
549 11
367 139
483 37
487 430
475 388
441 202
261 211
132 89
209 203
457 172
539 9
229 36
510 354
526 10
450 441
253 27
507 129
148 30
493 267
317 305
297 259
503 100
358 162
340 232
458 344
595 576
518 409
488 195
106 53
489 411
538 123
432 172
423 288
251 64
413 159
318 108
270 86
84 71
496 96
564 375
78 57
79 8
281 215
401 395
535 460
536 127
513 47
434 356
417 312
464 202
200 161
510 262
171 144
190 66
404 243
485 255
419 63
377 66
323 151
386 76
383 213
251 202
420 395
543 294
416 38
360 13
571 58
559 535
497 462
138 11
476 230
99 37
368 337
289 84
578 24
86 42
592 517
549 293
415 186
296 184
510 215
302 299
519 482
504 126
524 360
219 174
528 97
209 62
276 99
375 14
553 24
459 154
388 139
563 28
569 149
512 376
570 26
465 375
405 20
393 80
334 175
549 244
328 282
406 15
335 301
444 226
523 116
540 372
200 45
507 429
447 382
552 197
272 156
363 40
532 256
262 217
472 344
491 126
269 266
130 88
118 27
542 201
525 158
338 242
499 207
551 509
569 392
550 278
155 42
592 398
571 475
430 250
360 271
573 4
567 356
479 211
340 52
242 141
236 223
362 25
215 74
508 273
512 87
568 114
398 94
81 19
243 26
594 459
527 275
389 183
327 292
288 287
533 507
322 78
445 251
460 209
403 162
599 544
489 144
276 27
376 42
287 129
579 349
549 308
581 295
374 324
236 224
313 48
580 456
535 235
526 84
207 98
363 88
376 166
313 251
573 296
136 90
407 108
525 337
116 52
455 356
462 396
494 432
378 226
310 255
434 172
450 119
314 138
420 21
236 130
560 543
515 489
595 479
356 266
358 95
576 339
323 160
365 96
556 268
541 162
361 173
283 281
590 105
250 77
137 118
139 133
548 186
251 228
402 65
156 113
513 115
443 72
43 21
423 5
252 167
293 216
292 90
578 30
515 111
526 186
537 327
343 302
232 72
64 1
465 45
296 43
584 96
388 10
410 14
219 24
487 107
103 21
569 106
389 270
344 138
252 213
354 28
367 242
528 467
406 271
215 35
100 39
136 17
384 286
140 38
567 65
578 573
419 321
309 105
595 46
565 76
491 11
256 171
391 337
553 265
289 280
487 247
295 289
482 241
347 300
529 55
516 456
497 412
522 459
284 89
540 421
404 218
252 176
512 467
559 392
342 226
299 187
535 39
581 569
415 206
453 42
530 20
190 163
452 286
444 49
557 217
415 203
405 274
578 541
263 95
168 50
379 191
523 306
579 461
597 535
318 56
325 267
548 73
420 347
521 184
532 363
483 422
535 192
449 8
393 233
448 429
591 320
478 202
253 75
552 229
599 16
300 270
567 88
506 450
531 402
67 44
511 331
438 169
156 23
177 105
408 253
181 58
460 108
311 104
549 524
527 68
543 462
312 193
568 514
406 355
237 9
508 506
581 79
541 107
491 212
67 9
539 368
574 19
252 122
396 380
172 95
474 345
413 307
599 275
469 117
518 17
531 43
571 60
423 73
66 30
471 406
587 379
515 23
525 447
509 301
588 450
487 193
302 57
358 123
268 266
335 245
532 398
595 143
417 173
363 52
591 149
400 110
416 280
302 132
463 31
151 66
500 129
539 59
467 139
527 312
387 262
433 356
423 177
65 30
315 101
223 169
421 232
414 156
206 146
473 98
460 16
549 108
554 431
499 83
424 11
206 116
317 204
487 168
398 107
356 261
284 241
584 339
496 30
556 125
190 185
214 13
434 58
577 348
486 157
537 215
441 155
230 125
586 58
415 213
595 327
456 206
288 251
592 527
528 216
123 23
402 265
330 315
537 446
524 440
544 245
466 128
425 354
307 197
415 233
590 478
492 324
401 213
440 350
200 116
580 36
141 41
525 153
485 349
301 283
450 65
417 160
542 172
559 203
371 285
378 210
570 120
225 221
526 63
516 65
14 0
237 17
528 455
319 271
331 130
566 216
196 55
79 14
161 116
409 360
341 3
488 238
250 179
295 150
554 60
312 183
541 86
242 4
307 170
503 468
576 326
487 346
227 28
414 138
283 94
314 180
369 224
518 162
593 474
307 156
318 276
518 403
532 59
551 415
386 268
153 81
329 225
459 289
250 19
122 78
336 22
539 87
534 523
157 64
567 367
297 253
436 256
245 203
136 103
207 158
528 368
522 477
592 221
584 65
416 277
452 240
376 358
23 5
431 149
459 191
294 283
327 262
577 51
508 493
565 388
483 325
268 198
480 0
399 270
360 225
405 350
395 253
572 10
536 413
540 328
572 216
359 296
512 303
587 492
380 151
505 227
318 1
437 92
367 181
539 31
475 142
394 288
562 258
321 14
335 166
577 285
287 229
147 6
119 51
315 150
529 480
477 64
374 295
598 2
574 355
398 388
532 529
360 11
545 429
180 178
55 30
583 49
542 16
94 1
290 106
370 164
483 78
14 13
575 492
592 295
469 71
514 157
523 48
579 372
531 153
469 361
472 227
266 230
475 85
348 32
455 86
398 108
511 370
512 243
153 62
550 218
185 88
533 240
294 62
494 97
437 178
582 509
440 36
486 250
499 396
516 509
460 50
368 86
261 88
490 452
583 510
503 300
496 240
228 53
531 394
368 115
556 152
63 20
509 98
500 340
283 96
382 36
183 38
559 467
473 459
509 239
465 240
530 189
545 58
486 474
515 168
589 283
196 59
505 397
491 60
398 380
490 451
560 401
368 208
491 107
555 135
353 254
455 334
396 369
323 64
403 343
415 192
555 334
228 118
577 189
393 245
89 84
354 266
395 80
341 106
423 182
569 12
569 546
525 511
474 294
492 397
554 230
529 117
532 62
278 159
345 150
396 13
462 53
559 156
292 44
262 5
378 292
502 472
561 234
552 260
526 359
72 24
260 252
392 138
52 24
474 181
363 289
333 327
182 16
385 87
202 173
548 87
222 119
346 34
323 90
590 345
527 338
254 54
313 219
315 107
454 110
223 211
553 507
432 355
412 345
286 161
488 464
554 265
581 331
474 70
541 473
400 308
270 167
553 342
376 255
273 202
124 37
229 174
451 60
309 274
221 106
586 110
353 54
387 3
265 204
540 64
402 172
442 224
530 199
236 116
469 73
440 114
496 293
583 356
295 210
484 324
584 67
545 186
518 289
291 146
391 216
184 20
505 102
575 83
329 88
575 235
482 464
308 254
502 344
332 273
24 3
303 211
349 136
446 191
374 321
337 236
310 34
355 322
226 164
535 381
568 88
370 98
592 23
588 361
448 296
285 227
539 321
576 130
506 398
261 13
272 81
436 401
153 65
399 360
561 463
185 170
249 209
356 202
572 394
554 13
546 15
221 62
197 27
446 190
434 143
119 29
205 57
176 66
495 154
393 274
400 256
308 157
253 82
195 142
279 179
296 38
209 121
432 194
545 296
243 40
503 250
441 279
470 330
540 61
420 176
595 593
568 265
223 19
424 242
303 146
175 41
592 47
163 108
480 107
471 288
465 308
473 48
203 74
341 111
218 184
512 20
463 104
416 362
313 176
421 215
402 350
366 237
557 428
484 96
438 111
511 5
158 90
163 146
328 292
220 16
283 32
570 143
393 202
155 56
467 173
525 145
211 116
220 114
327 45
157 51
575 287
575 186
493 477
293 199
355 29
511 284
569 549
442 254
471 69
252 74
443 253
462 108
409 37
20 2
226 217
110 29
308 79
559 309
590 522
522 319
545 495
360 334
171 38
586 356
589 64
287 68
151 54
533 371
356 179
276 216
423 85
590 192
455 348
108 22
588 508
186 150
445 249
375 91
419 376
284 273
439 313
269 249
470 129
303 167
227 9
184 98
471 99
581 293
434 13
594 452
583 360
570 206
566 275
327 64
525 369
556 512
578 527
410 167
510 327
593 290
420 199
495 455
309 8
599 289
488 260
457 100
120 51
493 326
357 288
108 93
555 460
594 16
161 123
357 22
367 285
575 93
125 107
376 286
507 414
472 257
492 159
355 315
336 6
556 33
422 298
317 31
437 372
404 400
576 47
512 491
178 154
544 169
415 93
401 156
374 63
468 124
453 439
485 173
444 66
391 84
577 474
432 362
501 376
279 17
393 198
321 234
290 161
178 80
452 168
186 103
246 30
474 426
456 139
382 334
533 103
508 198
204 177
392 15
218 29
371 315
542 160
262 53
258 2
266 136
182 5
54 49
195 72
563 118
332 7
389 285
426 253
563 268
593 338
340 207
418 72
334 201
187 48
348 147
439 254
338 293
556 166
211 105
240 166
504 39
530 295
283 30
597 192
65 27
142 96
415 282
542 414
192 69
283 81
444 244
409 153
134 14
483 338
212 149
325 11
474 179
486 84
305 127
202 3
222 192
222 4
396 54
584 324
165 103
322 311
246 149
353 229
516 386
482 334
500 288
555 414
321 304
488 318
219 215
393 97
370 259
517 210
102 3
596 70
449 349
412 411
103 82
384 222
513 507
444 125
353 9
447 246
525 399
355 46
349 328
290 177
471 0
530 43
166 62
514 473
555 270
310 166
127 46
403 24
540 20
511 400
373 157
248 211
539 189
337 246
406 196
366 286
582 226
251 139
586 475
595 105
515 374
379 186
381 205
590 483
373 343
210 29
574 211
