65 6 600 2500
49 28
49 14
37 35
59 57
46 24
31 3
207 186
543 358
594 353
308 290
466 95
598 209
566 404
427 306
397 183
592 573
326 90
576 411
421 71
486 233
580 422
310 191
505 83
228 157
234 23
587 490
488 227
269 117
431 370
549 417
486 264
227 140
139 112
210 191
117 56
579 352
545 183
592 313
489 380
595 145
517 225
270 169
413 55
364 309
317 264
224 125
454 295
476 225
218 60
256 109
97 19
507 379
407 331
380 53
442 227
445 161
279 143
406 329
235 180
192 96
574 135
527 56
480 377
499 59
220 167
509 107
526 21
242 37
229 20
511 48
370 124
559 362
244 223
572 250
362 156
343 168
265 146
584 318
426 204
240 131
461 144
273 231
234 79
260 66
549 27
297 84
549 525
426 56
498 22
594 587
532 175
346 98
523 228
388 272
317 55
579 548
565 0
300 285
196 4
447 85
316 20
12 4
258 229
578 76
288 275
506 17
296 191
490 232
552 472
192 59
432 392
316 131
282 234
458 217
562 365
223 104
407 224
443 271
98 22
579 321
286 149
476 159
105 59
226 193
227 41
460 93
419 70
473 168
357 154
431 302
509 396
561 184
504 18
394 308
240 189
262 222
390 252
367 173
67 43
128 50
451 361
399 373
311 158
512 396
548 296
299 0
426 349
327 20
188 31
587 437
405 227
594 166
439 396
587 391
451 139
435 388
302 223
480 239
376 143
481 384
210 42
193 39
589 56
464 374
458 369
131 29
497 430
373 39
338 80
265 139
243 187
579 523
537 354
219 62
430 110
507 345
558 170
530 423
355 128
425 81
564 385
365 69
462 62
494 292
519 264
365 63
122 17
550 310
473 210
235 90
513 484
487 345
501 275
199 110
591 388
289 61
579 259
226 159
465 89
516 167
146 111
502 101
489 404
570 402
421 164
440 250
376 332
217 94
550 265
129 72
388 364
100 21
424 183
325 184
476 338
260 88
199 190
379 250
220 114
549 182
386 202
496 371
585 577
217 83
528 215
464 51
569 519
209 171
271 199
405 374
401 243
339 196
516 491
533 177
115 14
409 300
434 30
492 346
44 43
532 456
184 99
570 509
506 101
473 102
460 328
586 288
472 97
586 43
464 430
454 375
586 493
481 406
498 314
289 189
587 372
534 312
157 64
460 269
422 225
384 204
590 586
422 80
301 28
161 70
419 330
583 45
570 58
205 84
326 223
440 393
222 201
533 112
415 370
565 267
96 83
370 197
541 361
598 538
509 69
430 322
440 223
478 256
599 313
397 212
402 155
173 24
455 80
573 227
470 101
227 223
238 224
593 350
575 370
389 171
439 253
236 12
177 108
288 3
521 447
430 225
580 273
282 274
293 44
317 120
420 267
502 28
485 435
396 59
484 271
580 48
34 12
186 100
487 147
31 17
528 10
219 96
537 438
351 186
436 47
478 57
406 20
521 14
385 310
332 198
322 251
180 92
334 80
550 300
457 103
272 215
494 342
218 173
118 28
335 230
252 95
509 48
563 420
318 250
458 60
572 291
150 11
358 75
574 393
146 83
379 292
413 77
350 324
430 348
580 426
577 510
520 47
285 245
264 113
424 26
319 244
271 53
575 386
412 99
585 298
283 39
237 6
144 142
372 286
261 25
545 45
575 494
375 111
144 68
259 91
277 230
316 26
343 267
415 347
447 260
120 27
391 15
571 449
512 463
195 194
101 95
471 255
154 87
317 282
209 196
456 156
473 53
469 111
501 207
264 220
206 61
399 302
532 299
537 340
440 197
517 417
453 125
252 74
470 23
534 287
572 244
590 183
379 378
203 172
168 94
298 129
503 355
248 32
566 32
283 281
557 239
402 49
485 432
451 248
424 348
247 121
297 11
594 51
424 189
563 80
560 45
431 398
553 509
517 154
327 128
596 406
535 64
426 407
156 43
548 506
597 398
407 375
453 157
391 384
429 372
542 258
231 184
316 291
443 141
234 99
595 530
338 23
558 25
112 26
294 121
563 41
283 11
598 47
264 142
295 249
441 435
502 482
265 68
213 28
374 24
441 208
383 56
422 418
427 305
558 71
575 22
441 403
412 232
572 227
446 266
92 53
593 192
598 587
173 16
39 7
175 137
422 204
288 227
424 247
344 172
555 74
485 347
94 62
47 38
567 305
185 163
322 156
497 221
558 23
270 210
234 152
443 125
321 242
445 186
272 46
569 122
553 367
231 89
304 224
533 324
91 38
454 229
311 234
396 364
476 268
443 293
222 187
334 277
151 116
296 153
471 151
590 204
569 507
562 29
519 22
489 307
387 112
495 254
470 140
433 72
472 49
555 511
531 423
473 197
282 151
86 38
425 16
597 249
459 26
576 81
267 178
473 7
336 206
452 344
382 225
564 457
542 490
245 152
399 219
264 2
403 244
314 299
243 87
468 161
503 33
492 79
488 461
475 30
546 93
465 183
293 248
526 213
272 6
330 63
239 147
521 95
438 367
413 56
596 221
558 10
540 92
408 186
353 104
448 40
194 47
534 466
561 347
316 71
197 162
365 364
293 225
589 542
502 377
146 112
157 10
239 13
522 215
599 366
514 163
568 30
478 28
461 327
280 162
549 205
547 202
479 67
158 17
425 72
231 155
547 508
298 123
280 125
350 234
571 492
399 343
388 122
362 119
236 104
363 43
389 273
530 490
287 249
317 45
285 106
123 113
395 118
399 62
543 304
406 100
90 15
326 260
470 57
547 271
176 142
468 310
399 191
237 59
193 51
252 32
186 163
529 315
442 96
512 311
481 21
133 54
493 164
333 119
573 236
413 309
488 402
564 366
282 179
396 211
243 25
175 84
559 310
496 349
387 88
178 150
596 571
584 399
497 51
525 83
419 41
542 103
594 45
123 68
202 86
323 313
289 86
499 71
145 115
322 76
454 226
416 156
479 26
165 111
452 45
498 322
423 136
466 152
586 226
514 126
300 256
284 198
424 307
484 454
511 75
470 303
541 416
491 126
438 122
519 262
394 374
344 170
415 118
276 171
506 366
166 84
428 108
456 234
455 45
404 144
381 362
331 68
494 357
429 249
242 16
520 242
360 310
544 485
218 73
516 187
539 154
465 189
476 231
599 455
364 332
395 185
596 209
598 450
435 267
392 367
462 42
486 438
296 44
516 479
166 79
561 236
297 99
207 164
452 156
586 281
580 431
521 460
340 117
555 482
119 0
131 101
308 7
262 180
498 417
482 277
572 70
206 155
230 178
538 334
23 1
362 333
462 34
517 338
579 487
537 245
598 255
265 236
479 317
90 64
319 11
496 269
108 56
503 443
328 68
308 77
275 235
495 214
509 282
221 110
348 177
318 170
569 162
509 178
260 62
238 85
371 104
498 321
349 94
437 174
313 302
479 449
190 29
350 320
465 258
579 196
235 119
582 381
593 51
278 50
538 408
54 37
551 104
575 32
585 43
157 112
209 46
571 117
543 137
569 155
363 176
66 26
461 187
474 119
531 116
319 164
205 138
447 75
345 249
583 167
195 55
433 417
313 114
457 141
489 218
430 82
463 393
472 14
323 65
282 90
217 175
489 284
247 151
393 349
178 34
517 280
262 160
100 93
459 31
472 341
584 107
562 346
570 20
410 403
592 151
536 309
591 549
109 24
441 410
438 198
485 11
461 103
517 334
416 128
387 328
251 227
468 436
427 295
354 200
464 13
530 397
115 33
547 198
562 559
498 435
485 266
406 361
389 196
44 18
564 419
564 433
491 136
516 340
186 81
451 437
182 92
444 206
293 99
395 104
561 285
439 393
563 501
592 246
587 194
579 158
142 87
447 84
525 372
416 19
431 0
270 65
568 348
543 464
574 10
380 134
443 24
216 66
360 314
511 450
463 322
278 193
191 21
487 288
553 63
529 183
417 180
203 67
382 72
317 97
556 322
384 336
181 85
119 13
112 55
344 107
511 52
481 386
537 249
115 36
258 99
60 6
498 199
393 329
471 123
423 387
169 109
586 37
495 13
342 172
96 77
418 286
230 96
514 341
573 292
230 62
450 336
306 265
447 165
61 19
295 117
199 76
457 400
394 34
417 279
126 1
420 227
292 249
236 208
563 396
441 166
493 16
596 458
534 114
289 20
302 45
523 28
582 106
561 437
263 154
351 0
314 266
312 211
582 25
460 45
278 36
563 103
491 92
280 110
498 492
293 235
405 392
542 248
182 134
597 308
480 364
327 144
414 168
553 290
392 121
383 114
331 128
596 311
406 175
421 28
302 31
520 15
313 177
264 76
339 138
574 153
158 142
578 88
343 272
313 70
571 409
169 55
223 46
476 344
277 251
311 252
546 527
386 120
382 156
584 119
450 387
573 81
345 113
502 341
430 68
166 7
430 293
309 217
320 76
457 424
386 144
334 67
247 25
189 28
585 509
445 346
191 109
475 327
456 323
573 167
486 176
458 29
193 189
451 172
586 191
527 255
239 222
562 9
378 250
588 517
507 24
326 243
255 39
338 156
404 282
402 87
215 130
339 73
573 68
381 64
345 22
523 177
421 297
532 430
410 43
396 363
420 116
160 16
573 284
496 51
514 432
474 317
298 177
527 467
568 28
321 230
510 13
485 464
405 131
153 89
549 331
559 514
518 84
285 86
588 417
449 161
337 60
583 511
478 230
441 115
144 41
564 352
572 222
593 488
562 430
592 571
431 271
538 510
282 199
380 311
268 218
282 162
490 400
567 242
499 0
436 338
444 305
585 6
501 303
501 351
403 371
405 251
512 234
477 55
231 12
549 468
284 16
451 193
528 491
564 429
470 180
525 144
227 170
333 41
265 75
540 486
490 12
592 582
537 408
260 51
341 184
423 333
445 285
592 272
343 313
566 458
422 141
594 42
573 7
532 324
559 477
458 407
507 306
469 108
482 84
597 141
551 86
495 104
358 105
475 133
578 43
406 367
527 80
570 407
361 186
548 536
378 345
482 391
288 235
477 8
445 279
149 84
546 427
519 41
271 49
492 249
586 225
83 9
594 260
520 33
377 14
185 47
456 306
510 380
568 150
310 82
168 74
127 63
196 13
386 121
215 181
348 34
455 330
119 27
308 283
420 350
573 431
554 86
556 467
525 335
416 151
453 435
122 32
471 275
341 109
587 584
551 502
207 206
489 352
458 452
385 262
480 53
528 186
218 168
204 38
258 89
259 36
425 314
435 294
488 262
542 469
356 309
398 300
579 392
526 135
511 340
529 105
441 366
311 289
521 299
214 98
275 149
575 321
500 112
310 172
546 237
596 397
463 453
474 131
420 173
351 240
493 479
598 484
244 171
593 499
472 238
379 96
288 64
404 112
383 378
448 9
350 156
291 228
381 25
302 212
121 105
396 71
483 381
419 342
444 17
510 118
596 245
140 115
513 195
542 1
426 422
93 4
419 262
104 4
405 162
277 220
484 348
230 75
439 151
442 82
537 82
383 317
292 260
511 193
355 275
435 258
308 285
405 50
356 200
452 67
475 266
541 41
469 69
595 393
407 174
552 190
478 341
172 109
259 221
464 385
294 28
495 192
434 405
599 430
486 87
89 16
386 17
596 535
569 534
262 39
544 255
469 341
495 386
550 49
520 438
432 93
435 400
30 9
490 30
377 346
342 294
550 476
423 294
468 277
541 33
520 44
421 256
446 234
493 327
479 92
270 67
259 214
454 448
208 2
448 101
169 160
324 179
548 291
291 237
400 94
339 243
536 419
16 0
574 403
557 157
598 440
583 221
295 152
522 453
208 189
306 251
537 70
129 51
448 76
486 96
114 103
263 110
480 195
124 16
317 191
428 198
61 45
584 474
549 239
346 103
486 481
462 326
594 115
196 121
105 39
529 446
285 149
519 176
572 570
403 237
175 22
453 98
39 37
288 86
530 196
381 332
380 281
397 106
496 65
353 141
195 33
214 143
586 63
287 186
528 135
376 227
200 42
518 472
157 105
448 44
397 19
562 126
457 40
140 116
430 294
308 298
276 8
511 229
584 416
363 280
129 127
525 99
345 211
453 154
569 47
531 516
169 130
496 61
569 221
291 62
452 291
511 196
464 17
491 250
459 61
297 219
555 498
571 371
560 388
387 205
547 2
303 30
212 147
599 191
574 313
403 296
428 63
573 446
594 16
185 68
545 133
427 400
247 75
373 82
561 403
564 476
568 214
417 327
547 224
422 104
520 260
170 162
444 10
454 26
403 77
191 189
578 456
518 429
254 229
430 304
476 165
410 209
292 65
206 137
529 61
332 97
231 114
408 50
547 59
357 75
508 185
380 76
545 459
506 296
231 158
500 67
419 75
61 27
319 65
362 78
367 75
430 278
180 51
271 256
365 220
480 246
562 413
312 173
410 139
318 4
536 259
294 198
508 413
342 13
560 175
317 91
73 16
241 50
406 83
116 22
315 212
466 454
90 40
240 97
422 290
502 251
275 140
319 142
228 204
174 144
338 193
26 0
246 58
318 253
516 193
523 111
553 439
547 247
434 108
380 71
307 7
466 436
303 196
449 64
544 336
418 407
374 157
539 204
405 95
373 174
383 228
489 437
172 143
372 227
475 345
434 319
499 142
345 191
528 498
398 146
520 257
414 54
469 329
574 31
278 32
373 12
348 125
71 2
245 105
366 115
269 225
548 440
262 48
423 363
314 211
525 259
180 19
368 336
52 9
229 214
500 460
537 93
579 15
240 223
465 455
435 280
96 79
154 100
286 78
170 31
512 329
460 293
316 259
405 151
381 324
596 223
461 131
590 45
171 12
264 54
583 17
251 184
327 30
403 279
515 339
226 157
585 468
31 5
534 74
156 131
183 100
298 69
526 346
388 136
461 55
511 305
490 455
404 340
593 498
409 239
465 30
596 399
376 135
424 262
229 175
431 297
561 205
77 25
498 139
172 133
366 119
536 285
160 113
570 172
516 301
421 308
269 215
438 370
520 507
431 118
220 53
490 460
476 99
519 419
538 308
591 50
535 466
518 22
285 140
544 50
507 152
146 90
187 183
537 274
557 250
206 4
551 475
375 347
599 73
160 26
359 306
280 245
363 250
450 122
303 6
470 269
581 290
398 354
532 138
165 38
265 43
181 81
567 270
552 439
433 299
324 316
487 329
597 243
318 188
555 306
537 114
252 167
500 50
427 401
562 267
545 55
250 157
326 180
442 419
246 211
110 91
403 315
382 219
566 358
345 14
435 63
391 339
324 307
385 153
402 376
537 184
325 156
519 489
62 14
579 292
523 279
464 108
298 201
363 145
335 205
536 148
426 330
361 232
588 582
534 488
575 88
559 552
287 54
371 228
543 2
256 114
382 373
384 344
411 250
410 188
218 114
188 94
407 18
515 177
591 579
145 114
573 207
361 240
577 427
442 37
320 113
317 218
476 271
540 200
530 327
362 303
225 121
488 477
86 75
231 86
251 158
305 257
559 84
165 97
482 178
228 59
403 265
519 420
200 83
512 22
519 177
596 140
561 535
545 90
575 125
598 386
542 270
598 416
515 335
233 98
302 263
72 43
323 198
330 253
129 95
330 119
504 410
527 188
548 186
482 383
390 242
537 448
584 91
447 116
531 363
108 88
206 28
340 109
93 19
589 316
532 50
366 296
330 212
187 56
521 260
229 75
273 65
460 292
314 109
493 343
175 116
500 341
393 284
396 264
457 123
564 479
246 105
138 19
510 149
197 77
211 205
311 35
444 218
342 179
289 175
537 292
508 301
590 510
350 253
131 77
389 162
193 53
325 171
192 104
444 343
452 1
599 551
574 362
507 287
564 555
416 67
195 132
228 1
250 117
478 155
526 417
428 164
389 245
433 107
241 103
449 410
81 35
38 26
490 281
574 175
329 313
541 402
366 82
413 8
566 316
346 256
328 167
592 240
575 8
421 394
344 132
225 38
550 423
350 236
521 97
536 33
560 449
514 305
440 284
521 338
303 224
554 451
344 40
488 240
376 328
276 192
502 344
434 270
483 69
465 172
242 176
500 182
398 35
518 245
571 266
417 65
272 226
251 26
189 106
489 170
521 309
273 98
366 207
80 11
255 100
309 24
463 57
526 46
381 220
391 287
514 58
118 76
235 46
300 63
453 138
41 5
236 124
469 326
336 231
589 529
562 136
481 359
402 228
597 82
434 291
467 337
110 11
403 155
513 80
358 255
215 32
443 42
489 340
420 177
550 330
518 468
546 504
455 312
387 288
401 290
466 298
188 87
169 108
316 2
127 16
289 282
350 48
332 50
593 127
192 32
456 133
572 149
358 94
115 58
116 41
285 264
366 145
295 255
566 132
140 54
249 202
301 286
525 90
354 241
314 223
84 31
185 21
525 0
552 363
521 30
509 150
426 76
397 90
348 168
381 65
229 92
502 320
285 55
494 100
241 37
419 48
293 65
84 37
388 264
419 403
470 256
434 4
466 330
528 293
509 505
221 137
506 391
508 22
386 219
163 101
164 114
593 329
498 234
319 211
335 3
423 1
366 336
213 122
408 393
188 116
429 403
460 310
49 10
360 165
451 396
351 27
579 11
420 46
398 232
528 373
308 106
333 3
519 355
445 431
141 122
286 114
148 128
351 300
496 110
571 276
487 71
509 25
490 127
561 335
230 99
358 183
304 44
255 252
565 79
396 237
496 329
89 1
591 168
331 143
433 44
500 478
473 169
589 407
273 38
527 91
273 4
411 351
361 58
36 10
362 341
279 238
429 297
330 316
323 60
157 94
307 79
445 228
243 136
594 310
269 211
574 459
450 16
93 73
252 214
323 5
575 186
340 137
591 89
484 6
453 89
524 237
534 200
506 420
574 388
209 13
452 168
502 6
561 349
498 27
327 107
435 243
245 100
593 39
475 186
556 97
99 48
385 141
220 165
200 173
401 106
459 445
513 166
417 224
354 353
232 82
269 197
190 131
305 144
94 39
528 141
418 374
315 264
323 261
540 182
502 166
561 124
457 350
390 302
549 186
415 145
599 406
570 336
280 155
587 55
410 273
501 356
294 138
432 102
358 37
141 41
299 224
502 413
523 168
442 175
71 27
118 78
465 163
357 208
571 406
308 30
380 260
367 310
291 137
489 317
166 118
268 5
321 208
472 129
530 11
320 47
566 0
456 427
571 175
338 168
483 365
178 166
106 56
312 168
261 103
559 355
406 236
470 400
300 170
453 40
333 110
529 27
578 193
268 189
577 201
233 1
443 133
516 123
551 494
596 276
557 273
373 23
493 47
450 60
586 83
410 187
145 30
430 248
182 109
532 183
324 247
240 20
456 77
292 213
568 228
423 47
201 192
592 121
353 59
453 414
271 86
460 182
498 380
321 63
594 591
512 107
371 344
367 203
390 101
332 284
396 373
449 422
545 519
438 382
380 339
238 20
115 78
564 277
337 195
279 172
261 3
464 222
352 311
534 267
271 19
436 92
451 123
532 71
505 407
467 405
227 55
175 32
207 180
318 144
372 51
589 187
552 453
433 149
533 460
222 109
495 96
358 236
279 153
301 211
147 16
474 238
490 477
338 100
443 437
562 224
535 306
123 46
538 464
465 383
583 422
568 472
116 12
573 486
583 334
492 416
172 155
555 299
582 191
367 64
215 104
196 187
574 276
440 429
453 346
569 34
523 292
269 173
255 145
395 380
386 250
479 372
490 140
348 209
405 171
526 360
175 85
300 273
309 186
104 68
538 361
392 312
562 181
158 57
379 290
534 72
542 508
550 366
555 374
325 152
471 149
525 81
323 246
437 316
248 158
392 362
166 73
411 228
319 198
513 229
44 38
477 390
587 81
523 420
257 241
408 363
487 342
478 107
512 143
277 94
445 242
338 18
304 176
263 165
141 140
409 59
346 13
424 242
418 173
208 87
472 151
410 378
592 168
286 66
418 30
164 66
282 171
463 206
462 266
360 307
161 98
438 231
547 90
215 68
352 89
571 555
226 155
581 60
573 358
402 14
575 205
191 184
285 216
349 132
339 278
511 70
503 182
446 286
537 68
210 172
469 428
424 110
367 40
492 160
353 313
146 113
563 218
581 267
270 189
49 20
562 213
169 135
484 24
396 49
383 26
265 52
511 55
304 245
365 266
395 33
521 153
366 93
378 9
482 262
446 359
469 211
341 10
558 442
128 9
167 25
338 130
400 370
598 553
16 4
482 55
338 148
307 276
381 90
206 176
434 138
472 251
555 527
372 106
395 345
474 269
524 67
475 285
451 355
565 99
189 103
302 42
256 204
432 20
519 408
489 80
297 103
290 270
531 381
99 37
398 106
174 88
247 141
416 26
591 47
413 34
435 385
354 27
175 130
550 525
458 346
542 341
399 381
590 12
536 270
585 571
541 179
138 67
238 225
523 153
396 347
533 161
22 6
591 460
532 246
396 19
474 161
514 451
553 69
337 288
517 429
543 468
583 69
500 128
147 117
255 225
250 88
482 305
595 242
198 125
422 364
500 124
482 412
269 200
492 209
441 275
178 61
557 399
560 342
436 82
378 120
152 13
539 305
497 181
401 372
275 234
236 89
328 282
491 242
581 102
335 283
463 19
215 90
473 123
548 123
418 209
400 83
598 170
588 286
578 244
158 35
520 458
543 221
592 106
531 324
192 148
177 101
191 2
526 111
370 46
159 23
204 40
402 196
438 27
398 350
544 365
357 132
448 201
582 27
562 196
548 216
378 28
339 6
353 333
500 13
415 269
597 172
475 123
501 295
432 155
385 36
347 80
532 90
307 163
312 259
518 236
464 206
319 88
364 337
273 1
247 123
305 1
360 277
498 289
515 410
530 338
505 484
84 46
350 346
474 62
546 221
273 21
418 360
133 8
270 25
435 307
512 254
524 12
486 141
156 101
323 6
536 341
565 298
325 34
586 174
550 113
46 5
247 97
297 175
478 370
444 9
583 166
369 364
449 256
201 146
423 260
367 206
590 456
570 95
94 6
370 297
514 277
156 33
495 471
395 29
144 91
491 91
104 6
283 169
596 575
574 548
172 141
417 56
571 54
430 100
569 451
287 44
436 155
551 58
46 11
563 556
341 189
522 218
198 24
534 498
262 118
590 275
468 336
472 92
453 395
486 431
321 301
438 120
253 238
597 400
546 132
478 188
336 332
221 2
376 205
328 206
548 205
490 59
529 369
510 218
563 235
426 134
523 172
389 41
314 116
69 10
311 126
68 41
555 156
317 146
259 30
595 441
92 91
597 6
258 148
289 150
526 440
554 194
331 58
553 541
254 173
530 306
453 23
395 176
320 166
50 25
475 6
106 4
428 180
