30 175 15 105
1 2
0 1
0 2
0 3
0 4
0 5
0 6
1 3
1 4
1 5
1 6
2 3
2 4
2 5
2 6
7 8
7 9
7 10
8 9
8 10
12 13
7 12
7 13
8 12
8 13
9 12
9 13
10 12
10 13
11 12
11 13
14 15
0 7
0 8
0 9
0 10
0 11
0 12
0 13
0 14
0 15
1 7
1 8
1 9
1 10
1 11
1 12
1 13
1 14
1 15
2 7
2 8
2 9
2 10
2 11
2 12
2 13
2 14
2 15
3 7
3 8
3 9
3 10
3 11
3 12
3 13
3 14
3 15
4 7
4 8
4 9
4 10
4 11
4 12
4 13
4 14
4 15
5 7
5 8
5 9
5 10
5 11
5 12
5 13
5 14
5 15
6 7
6 8
6 9
6 10
6 11
6 12
6 13
6 14
6 15
16 18
17 18
26 27
25 26
25 27
24 25
24 26
24 27
24 28
25 28
26 28
27 28
19 24
19 25
19 26
19 27
19 28
20 24
20 25
20 26
20 27
20 28
21 24
21 25
21 26
21 27
21 28
22 24
22 25
22 26
22 27
22 28
23 24
23 25
23 26
23 27
23 28
19 29
20 29
21 29
22 29
23 29
24 29
25 29
26 29
27 29
28 29
16 19
16 20
16 21
16 22
16 23
16 24
16 25
16 26
16 27
16 28
16 29
17 19
17 20
17 21
17 22
17 23
17 24
17 25
17 26
17 27
17 28
17 29
18 19
18 20
18 21
18 22
18 23
18 24
18 25
18 26
18 27
18 28
18 29
1 0
2 0
2 1
3 0
3 1
3 2
4 0
4 1
4 2
4 3
5 0
5 1
5 2
5 3
5 4
6 0
6 1
6 2
6 3
6 4
6 5
7 0
7 1
7 2
7 3
7 4
7 5
7 6
8 0
8 1
8 2
8 3
8 4
8 5
8 6
8 7
9 0
9 1
9 2
9 3
9 4
9 5
9 6
9 7
9 8
10 0
10 1
10 2
10 3
10 4
10 5
10 6
10 7
10 8
10 9
11 0
11 1
11 2
11 3
11 4
11 5
11 6
11 7
11 8
11 9
11 10
12 0
12 1
12 2
12 3
12 4
12 5
12 6
12 7
12 8
12 9
12 10
12 11
13 0
13 1
13 2
13 3
13 4
13 5
13 6
13 7
13 8
13 9
13 10
13 11
13 12
14 0
14 1
14 2
14 3
14 4
14 5
14 6
14 7
14 8
14 9
14 10
14 11
14 12
14 13
