850 2550 850 2550
297 201
227 68
490 474
795 658
544 25
317 115
693 7
496 363
799 33
589 231
313 273
708 277
724 548
558 129
447 413
784 779
777 742
805 608
464 351
535 266
384 63
827 206
218 42
522 482
834 188
738 50
747 416
572 90
311 41
742 699
487 2
803 157
835 11
67 44
391 369
846 671
693 431
729 450
594 547
655 599
279 96
821 341
585 409
539 116
810 687
429 288
210 83
485 145
747 579
792 435
743 476
51 36
708 119
526 161
340 216
744 300
847 28
443 323
426 294
493 77
393 113
220 63
769 80
508 496
258 50
101 78
601 120
760 729
175 116
706 330
669 586
267 183
772 503
703 340
484 352
683 54
281 27
562 131
763 337
671 24
752 205
50 47
540 66
758 604
661 504
629 136
447 94
591 298
429 251
560 539
733 310
756 246
608 246
704 383
728 542
610 424
653 315
722 442
848 267
181 156
244 34
816 761
812 796
347 272
457 310
703 626
259 99
700 192
317 219
274 257
349 168
664 457
402 77
759 676
538 51
408 20
439 2
667 579
757 200
270 189
786 169
819 612
584 414
511 399
786 329
585 148
446 38
618 209
681 499
144 108
660 151
774 309
833 275
841 224
645 317
164 82
781 509
783 382
761 265
493 110
447 271
142 62
587 549
745 132
177 112
532 516
515 391
423 94
673 494
483 208
702 346
743 361
387 135
762 116
401 21
784 486
90 73
240 120
427 56
647 123
528 475
747 145
644 570
772 315
377 179
803 99
788 417
800 376
784 753
749 708
551 300
344 269
658 487
557 505
482 263
185 35
681 496
286 283
703 120
663 592
673 586
299 137
723 703
759 101
844 301
592 481
175 123
563 128
626 236
819 294
497 108
624 489
690 266
682 377
182 106
437 243
476 237
701 279
208 96
729 579
724 693
585 330
692 366
657 174
416 7
400 78
618 26
849 742
688 447
432 76
802 106
715 429
598 225
459 153
273 109
444 405
706 633
130 54
628 610
559 425
513 485
384 336
376 4
655 115
388 116
156 139
645 505
458 118
810 639
757 490
469 342
832 381
671 664
418 396
849 79
845 331
145 120
815 800
476 352
460 17
578 31
819 321
317 232
530 372
660 235
285 223
696 74
597 335
668 197
776 499
434 26
779 147
625 33
357 351
378 132
610 578
818 291
506 12
205 203
823 531
628 53
654 342
357 147
215 123
813 176
696 257
706 461
57 19
634 274
817 579
749 334
680 133
656 544
809 570
789 728
646 14
783 402
651 399
635 525
280 61
750 309
655 133
596 506
619 573
765 247
828 445
730 90
507 18
737 640
144 64
158 14
466 210
505 386
472 429
842 539
799 436
783 250
211 5
731 428
533 188
812 727
530 237
692 307
801 370
622 100
238 131
600 120
739 33
750 640
797 106
151 105
377 190
817 190
818 295
833 755
488 267
544 16
526 405
340 233
350 4
462 349
753 240
690 41
309 261
577 407
791 584
546 9
495 199
754 377
333 261
549 160
22 17
615 81
672 378
793 605
624 55
613 178
393 290
474 149
612 407
560 306
395 198
240 86
831 78
543 140
372 237
803 87
335 238
746 251
760 220
642 513
770 30
710 509
509 391
630 477
811 628
420 246
812 448
374 295
474 119
778 288
424 383
632 521
494 259
733 691
740 118
568 319
818 115
693 193
817 611
365 323
805 489
745 39
444 88
179 157
639 504
818 25
195 179
442 96
504 236
366 8
466 424
740 231
700 540
262 28
583 419
783 157
500 66
569 242
589 334
775 304
714 418
145 142
558 86
536 498
565 51
643 417
187 89
412 172
551 347
552 230
513 117
766 344
679 431
443 276
744 334
725 196
720 501
369 346
805 222
290 268
695 636
839 789
293 32
633 181
805 427
699 583
457 316
542 142
735 465
777 116
847 340
769 212
757 467
391 341
578 152
621 312
125 12
441 301
543 468
573 140
639 47
767 521
424 307
402 148
384 315
296 166
702 478
552 48
779 39
738 658
468 44
516 257
848 101
800 558
658 52
466 298
218 11
571 164
762 93
704 621
516 424
609 272
554 312
542 309
841 662
724 325
677 208
839 542
478 383
667 105
486 459
759 129
427 270
751 639
432 23
756 747
69 23
695 37
406 16
703 441
741 677
550 108
629 576
712 366
426 210
817 638
649 325
303 200
589 325
231 174
525 84
618 364
641 388
659 231
454 439
600 486
787 130
621 437
555 132
822 754
572 266
321 97
712 499
593 183
718 13
233 20
753 379
729 239
234 127
565 185
586 92
474 70
701 689
720 593
692 164
409 245
25 6
655 513
514 141
482 61
289 166
792 594
755 182
327 98
604 151
303 4
503 76
786 184
663 467
772 562
184 29
186 71
540 113
668 169
720 12
232 90
637 331
705 634
138 79
567 397
717 259
417 395
670 201
766 583
698 457
782 692
368 85
815 590
758 307
674 141
423 299
644 558
847 735
488 48
680 235
819 126
720 190
236 11
661 476
756 628
422 339
429 418
661 524
707 467
84 6
808 140
801 770
785 270
585 521
695 397
578 255
561 503
591 241
675 660
41 1
692 688
675 635
127 120
785 530
244 131
133 116
538 367
580 101
688 176
361 95
476 426
80 74
391 169
523 65
224 138
81 22
840 272
586 510
728 585
695 472
645 478
468 214
652 306
309 147
696 191
787 8
772 401
251 77
174 170
502 78
119 95
264 39
649 49
563 231
761 356
832 262
409 96
829 314
765 638
328 5
686 269
590 247
445 28
763 504
624 255
832 133
818 43
435 267
229 200
716 706
274 123
230 224
802 640
843 80
624 434
393 81
798 590
529 156
517 215
468 313
549 55
301 206
517 279
607 53
517 367
734 336
754 508
726 325
685 559
398 117
580 497
516 235
239 100
755 17
842 46
680 647
373 351
497 355
588 140
754 741
677 15
842 770
364 54
772 313
403 337
333 155
131 118
833 480
362 84
191 166
434 20
728 116
537 386
626 440
148 76
247 151
753 326
539 183
688 352
276 135
409 364
769 245
383 101
267 26
694 531
578 92
793 287
630 550
349 278
651 380
700 472
830 125
767 229
665 526
400 169
788 117
430 357
482 332
679 105
653 144
692 195
451 59
190 137
563 184
756 734
704 304
505 59
661 209
519 118
617 208
453 308
558 525
822 69
170 5
371 134
216 193
382 318
154 122
820 706
358 335
602 189
129 36
576 472
784 209
670 668
637 289
727 356
498 303
325 78
778 588
812 90
844 674
686 343
456 380
319 37
751 158
205 51
645 165
164 4
537 298
714 658
731 493
640 366
752 376
766 182
514 102
804 395
578 560
812 667
41 0
661 92
540 47
735 153
777 517
213 138
281 61
467 75
237 235
744 547
789 656
843 575
594 221
679 596
599 7
792 741
409 204
367 235
742 241
593 66
513 365
766 453
250 90
227 217
674 122
849 822
566 296
455 118
552 13
645 135
423 135
668 557
722 686
513 492
554 390
658 512
760 731
364 296
568 379
439 424
695 196
691 214
648 191
667 33
846 779
841 25
321 3
457 343
470 223
573 77
754 540
499 290
553 74
833 183
68 19
521 99
647 144
748 159
285 39
386 274
389 72
691 680
824 309
595 580
343 156
761 503
745 46
766 389
771 295
375 179
808 596
599 81
669 604
502 82
703 369
315 103
846 473
493 259
309 275
369 33
559 198
814 799
683 196
409 395
702 506
814 310
736 719
597 140
565 139
363 203
847 635
480 203
581 259
577 42
227 182
710 471
248 208
741 26
786 777
838 180
171 95
823 480
728 626
459 70
256 43
415 372
556 336
835 797
674 231
323 76
821 724
764 737
802 699
494 246
550 488
813 383
753 368
326 182
531 125
798 14
550 26
363 242
225 71
489 98
758 355
718 469
674 428
583 257
250 228
758 10
330 136
441 8
523 263
805 625
543 521
505 1
804 571
448 298
718 402
669 468
540 416
837 236
794 400
226 170
827 2
564 478
285 111
430 21
695 184
381 293
363 334
521 240
838 172
711 443
841 179
738 17
524 301
645 504
625 147
734 629
837 51
368 10
361 177
659 202
289 44
615 251
604 439
436 125
335 44
253 243
659 156
547 434
303 128
210 134
644 143
541 478
602 15
565 509
584 107
774 756
470 172
647 630
721 327
719 243
832 783
845 384
809 400
515 21
140 7
387 9
731 584
205 47
622 545
771 17
690 461
770 472
795 180
740 517
635 626
625 80
788 45
845 295
736 55
827 638
326 155
204 169
112 61
559 0
534 71
842 437
611 586
799 418
322 263
698 121
747 699
755 666
682 201
653 258
254 75
769 326
405 332
534 347
818 674
397 12
554 361
529 331
418 279
214 178
791 1
757 575
258 216
758 123
841 238
244 231
457 421
641 132
714 143
668 663
553 199
574 413
717 286
765 205
791 410
537 211
404 92
763 563
516 148
648 380
716 703
762 615
761 207
414 302
368 290
849 221
641 609
600 397
817 337
765 399
592 99
697 487
404 316
186 177
349 228
786 360
558 282
779 617
650 402
234 221
795 718
512 208
848 520
802 436
772 188
812 790
508 425
288 99
514 103
830 715
570 56
819 53
404 205
729 489
837 372
429 26
361 93
689 323
571 434
526 479
742 70
581 503
637 302
598 566
774 482
548 94
214 3
611 574
528 107
836 677
736 693
622 383
128 39
93 45
429 355
756 0
406 176
250 230
364 45
573 381
417 351
754 189
308 60
386 174
436 346
467 67
847 463
511 496
675 549
796 778
481 29
568 252
294 91
743 305
839 129
759 371
393 30
187 30
408 138
810 661
553 368
634 592
279 119
270 186
525 357
768 264
603 598
739 318
306 286
638 92
706 579
270 216
645 630
501 148
769 45
777 395
572 104
609 310
559 21
750 612
596 534
537 31
822 686
280 167
574 153
492 329
276 263
483 78
698 345
463 419
591 470
730 124
833 809
523 395
346 20
128 26
355 325
759 229
668 570
224 133
163 53
670 406
109 45
725 291
678 340
580 396
391 48
718 441
559 372
246 101
665 615
424 401
649 283
764 22
540 270
714 166
482 131
498 186
695 329
835 620
737 143
612 180
513 200
258 105
650 153
259 52
684 616
531 129
399 240
403 142
215 196
580 336
583 513
475 82
765 400
395 251
75 70
472 375
633 329
793 135
419 59
833 633
742 341
304 277
384 280
609 542
777 701
104 27
637 568
365 27
371 242
669 338
561 63
780 417
644 325
612 249
385 107
522 466
732 160
543 239
828 329
574 114
326 300
764 599
464 233
529 508
676 444
608 249
450 339
812 431
576 474
798 59
515 422
778 175
839 19
760 298
392 130
190 46
271 219
421 146
646 304
617 173
264 224
580 335
163 148
769 545
710 317
784 418
622 305
495 253
236 80
565 496
600 548
484 284
620 322
703 375
747 661
296 252
748 438
830 121
641 275
754 419
695 377
378 240
658 75
846 103
720 467
710 315
826 414
721 464
611 242
710 403
459 281
755 427
621 242
718 145
590 163
718 85
707 295
263 61
367 282
692 417
613 123
699 570
667 292
812 195
637 77
191 40
422 132
200 14
601 298
610 219
693 592
814 69
285 3
748 693
619 297
656 318
477 101
724 208
800 59
361 202
717 255
681 248
786 448
518 152
229 102
508 59
660 478
761 675
170 10
648 188
498 6
818 735
701 7
402 275
806 399
820 320
687 489
647 28
454 393
789 394
676 294
711 423
845 219
613 500
586 507
446 16
736 722
699 237
629 82
552 125
650 465
461 190
416 229
464 403
757 40
664 290
448 308
265 6
172 148
476 345
640 475
508 95
600 361
549 181
393 134
817 57
818 236
264 165
415 99
711 92
690 5
325 181
437 387
374 77
598 27
205 89
515 218
576 10
572 40
800 264
398 92
714 262
679 347
787 685
848 163
708 629
277 235
829 172
373 229
644 482
758 163
829 439
700 645
599 288
134 18
617 378
587 259
804 78
762 734
727 238
576 41
765 690
358 223
843 650
759 629
704 98
492 105
511 237
44 1
746 413
529 521
345 294
777 453
289 102
526 77
816 387
598 584
472 93
581 82
842 817
75 53
758 316
615 548
745 146
461 347
775 468
669 281
803 251
704 270
315 242
771 119
689 434
752 333
794 0
726 405
357 168
753 578
692 533
364 277
524 445
96 14
671 144
129 78
792 506
748 555
562 100
670 655
629 513
666 418
381 235
667 304
672 507
479 114
717 681
277 209
420 60
243 14
623 304
543 316
620 257
708 597
712 370
365 199
637 166
695 319
589 82
714 13
753 225
623 536
671 307
577 0
324 37
786 397
673 408
317 286
450 282
800 691
749 636
580 358
764 556
503 454
542 433
346 156
797 564
698 262
690 386
258 241
809 590
767 81
554 200
500 424
831 253
844 422
439 34
138 59
743 249
535 189
785 225
374 35
275 259
113 52
651 48
798 65
360 116
720 455
226 207
723 205
594 498
666 268
626 399
650 616
565 183
421 338
185 30
571 570
706 458
487 139
736 537
447 317
478 84
491 155
379 145
438 270
99 68
455 156
456 340
845 709
673 300
701 100
655 71
753 519
560 293
609 585
815 755
745 584
655 87
509 27
490 100
653 168
548 222
677 479
301 278
752 267
663 384
636 254
678 207
201 83
677 93
777 662
492 89
328 37
493 277
732 9
408 47
328 162
839 330
424 204
786 614
692 306
161 129
254 76
295 15
392 312
675 588
547 154
733 160
320 2
390 11
282 44
828 483
403 18
444 42
353 95
642 91
446 387
779 291
40 27
167 71
749 677
698 278
696 526
721 610
705 313
548 527
359 171
729 429
535 447
238 67
625 336
716 394
477 133
818 307
384 213
515 382
485 164
199 12
620 144
512 252
427 332
90 74
333 293
730 527
664 407
731 361
810 67
440 55
344 63
845 128
528 485
202 152
311 129
737 103
813 777
795 585
718 247
770 90
587 468
763 488
495 251
663 662
657 273
484 420
837 575
476 456
623 52
825 780
459 419
604 343
729 305
697 655
398 213
808 314
108 35
193 13
411 45
500 80
627 70
499 17
425 7
458 291
787 529
774 363
784 571
696 650
768 722
745 453
130 2
614 251
748 379
806 431
698 293
651 600
821 594
494 212
597 437
320 312
544 111
500 280
259 212
810 675
607 175
730 220
781 159
523 468
821 385
800 732
561 341
436 50
71 63
188 29
441 135
798 451
442 39
646 126
306 269
399 385
427 83
632 150
648 424
303 123
840 118
484 455
579 64
238 151
449 44
544 380
688 147
245 222
612 268
759 21
615 440
730 89
355 248
665 322
668 610
645 363
510 477
672 634
718 92
553 497
799 531
623 151
355 223
356 349
544 314
467 174
638 105
764 580
834 605
117 86
824 422
267 37
744 710
279 104
613 170
770 435
668 255
679 239
600 128
615 563
321 272
575 258
726 377
778 596
741 420
195 5
333 301
698 531
524 257
357 165
720 327
614 236
655 392
846 744
607 494
778 629
544 150
484 457
551 315
355 213
753 595
610 554
779 454
466 449
779 245
373 343
240 26
383 53
621 546
647 373
465 91
506 473
302 168
453 76
418 82
808 736
669 299
723 576
769 449
777 268
487 330
618 141
737 417
453 402
779 736
331 203
772 544
846 755
536 227
453 97
296 268
488 41
820 76
801 260
269 227
750 258
276 73
535 388
754 28
514 260
534 206
294 116
457 332
293 207
529 456
654 407
739 562
205 110
468 326
669 625
583 457
527 24
807 274
809 398
700 552
629 437
245 156
289 242
424 29
706 578
219 43
803 196
737 387
612 312
719 675
545 272
379 229
476 33
740 466
178 8
771 743
765 642
246 200
790 418
844 103
491 149
790 741
553 53
563 547
549 282
684 578
112 23
840 387
697 506
800 141
680 198
820 799
510 371
681 236
519 389
292 26
551 19
797 474
337 170
590 132
625 84
745 50
484 230
801 9
597 307
273 249
113 53
280 251
521 64
497 191
217 122
343 305
741 237
307 58
475 161
587 375
182 165
499 393
562 402
805 490
794 260
200 100
753 605
577 328
639 445
813 419
542 45
313 213
465 97
771 232
515 155
754 57
819 543
265 148
545 460
556 131
618 313
761 329
704 252
426 271
846 627
616 42
164 148
284 10
718 253
830 708
720 500
748 266
686 600
840 398
236 13
631 552
297 261
833 831
793 446
840 259
647 259
564 218
753 223
111 50
530 523
553 60
820 588
817 127
793 156
662 213
486 203
481 173
722 635
733 530
555 115
641 114
674 200
725 320
336 144
299 196
192 54
461 93
548 236
576 34
494 332
441 37
828 414
197 4
208 79
401 242
842 484
608 93
510 249
342 77
104 87
301 233
405 294
403 247
790 96
753 528
683 357
439 379
745 365
336 52
213 190
679 173
430 27
773 700
261 99
656 63
799 446
754 719
233 30
415 158
728 255
711 449
233 180
759 343
391 302
361 55
341 77
494 159
794 777
631 515
503 218
243 214
393 32
460 250
125 78
690 588
826 682
554 204
420 74
741 190
763 79
111 73
682 305
391 22
163 121
382 235
323 220
263 21
419 108
58 6
305 60
787 525
605 156
814 129
500 90
543 217
415 216
750 24
437 247
668 324
428 366
566 226
671 101
540 89
841 502
526 132
806 241
433 248
421 21
508 164
845 273
412 74
711 710
787 175
838 752
830 120
574 11
693 500
103 76
192 98
758 725
173 95
480 163
440 203
424 233
762 144
261 24
733 118
83 36
771 348
521 209
566 152
802 647
582 3
466 284
759 734
737 347
566 169
801 431
671 266
712 195
712 503
494 4
283 44
294 169
678 677
752 144
738 411
472 428
266 220
289 200
821 471
701 176
827 410
774 557
554 337
780 578
840 129
334 52
347 57
743 44
780 708
563 437
822 99
745 679
557 349
782 291
659 160
677 328
536 180
657 98
504 116
381 272
771 757
536 267
589 406
190 180
408 242
632 255
724 30
326 60
393 142
824 33
173 17
833 58
382 39
446 418
744 74
661 400
343 276
321 196
406 259
660 124
769 370
786 529
774 307
606 54
669 294
553 513
814 92
750 204
207 15
694 149
404 88
741 532
707 378
745 646
740 614
749 123
463 386
837 114
584 388
692 621
537 25
205 14
173 25
745 441
833 133
775 305
510 15
731 79
526 525
185 96
502 339
795 533
356 163
723 396
438 257
374 332
673 495
572 70
623 62
780 282
600 249
102 38
114 61
448 69
45 40
780 174
527 279
353 144
776 719
525 375
750 131
144 122
581 171
137 18
37 33
487 430
537 158
339 139
530 81
398 381
464 460
256 222
374 365
807 156
835 821
314 25
611 599
748 431
450 228
278 200
728 349
756 509
646 388
824 363
672 169
187 67
658 601
744 27
175 67
649 571
119 32
527 191
779 41
505 380
550 281
712 68
561 560
657 320
841 90
521 519
655 496
357 71
534 440
768 728
278 237
32 23
504 291
413 377
632 356
262 116
599 300
487 177
375 88
841 617
571 291
847 798
450 316
694 502
492 20
741 411
685 188
516 456
251 160
845 571
763 486
549 510
518 505
369 273
802 393
484 432
659 113
224 151
716 405
301 188
811 14
744 299
591 103
464 92
129 66
396 209
402 205
686 497
578 352
343 228
567 276
758 23
779 16
610 448
547 289
797 637
387 49
776 648
645 140
822 637
828 580
568 534
554 376
736 106
649 186
197 146
324 261
426 276
488 371
590 463
497 70
684 19
792 416
527 312
847 235
442 89
467 221
575 529
847 628
323 169
330 249
728 352
170 149
468 406
636 83
398 254
724 451
414 100
825 460
402 285
812 458
685 621
774 148
740 472
485 242
438 126
472 266
454 451
795 480
832 423
545 156
572 282
551 424
63 33
639 494
591 118
792 207
642 288
618 559
825 323
840 240
778 601
123 83
562 488
831 677
503 322
155 42
724 668
842 265
374 327
804 359
519 278
592 490
546 513
798 98
302 81
328 251
560 48
260 118
768 624
467 222
767 25
579 46
700 245
608 191
499 296
590 513
389 66
382 214
752 73
530 405
677 304
665 268
535 304
467 10
453 105
181 46
727 403
643 117
804 83
537 139
662 206
691 66
716 648
796 401
712 341
719 583
813 182
665 170
675 593
752 531
782 87
774 629
844 203
573 537
476 293
526 395
836 710
726 111
628 339
389 362
754 605
677 198
276 33
352 267
437 118
561 327
666 258
636 573
423 108
313 133
387 348
776 316
568 400
834 386
604 357
542 418
576 175
454 10
624 561
258 181
718 297
631 17
558 447
790 666
552 61
185 140
110 51
584 240
332 194
824 496
332 210
739 518
626 393
510 369
807 147
767 146
740 135
481 463
636 89
386 32
766 422
537 5
459 161
71 24
446 317
789 210
403 380
734 567
391 27
840 287
748 690
737 294
746 228
334 210
493 352
702 190
646 400
535 33
749 284
628 42
564 178
588 384
570 32
827 641
239 133
403 229
260 224
382 125
216 43
776 226
703 539
730 509
777 131
844 788
678 347
736 259
656 313
386 282
849 633
791 260
186 76
709 76
845 227
400 30
383 353
483 113
817 771
727 645
641 125
527 507
492 108
793 105
446 264
637 416
814 364
221 111
800 582
642 220
626 371
330 247
593 316
291 165
480 183
647 432
789 706
702 531
715 113
434 35
847 547
775 317
718 22
763 510
296 169
721 642
705 567
673 105
337 174
296 170
685 286
402 131
276 15
454 179
843 345
453 422
595 551
734 498
210 167
208 166
577 475
774 505
560 102
289 85
681 531
749 724
838 651
793 44
342 108
421 418
612 518
440 344
397 95
794 363
546 162
357 123
469 90
818 683
675 516
651 0
795 176
473 202
731 588
289 48
541 509
572 49
487 204
743 542
811 559
697 696
636 22
554 270
316 285
409 143
787 371
844 344
790 61
743 86
364 143
803 644
539 245
502 438
669 306
596 482
681 60
461 196
612 486
623 396
390 173
652 326
156 62
553 545
741 384
515 347
256 75
266 255
333 242
489 356
761 188
835 381
622 277
480 282
356 78
668 651
329 200
431 389
470 263
303 3
766 305
291 162
758 326
717 491
253 120
246 178
751 404
123 17
579 59
814 577
545 281
514 45
699 547
600 35
419 367
450 105
797 131
615 414
795 543
530 480
86 77
839 470
426 135
795 462
686 353
582 76
630 7
480 438
266 120
814 218
213 14
829 337
331 216
130 28
668 464
208 150
487 348
784 724
524 255
838 426
721 715
719 316
449 286
235 39
218 107
821 291
847 40
807 70
229 226
276 172
424 30
311 33
239 46
88 41
684 318
759 102
845 745
590 1
738 215
693 234
577 340
602 531
640 16
810 211
841 795
442 417
97 12
821 7
408 277
572 269
433 318
692 180
340 101
133 29
508 437
726 321
400 395
593 279
665 147
135 6
819 28
768 34
252 84
727 159
126 34
655 284
471 177
789 542
826 417
596 556
185 50
845 534
739 603
730 567
802 165
787 478
634 345
844 356
756 249
271 120
379 63
767 586
750 442
559 20
293 45
747 157
731 475
781 94
210 118
601 1
847 429
415 405
142 16
730 608
515 78
469 75
761 725
354 160
732 68
481 250
431 83
299 127
761 347
648 105
523 33
697 39
430 421
481 279
804 506
491 245
524 293
786 673
641 625
667 81
673 409
757 641
730 64
775 313
769 701
635 384
842 674
535 313
131 68
334 244
714 452
845 200
682 64
547 478
826 143
522 120
623 583
539 337
549 214
735 556
820 543
552 52
609 25
611 605
666 314
624 562
542 377
782 17
700 647
756 278
644 116
165 134
467 34
491 266
687 423
486 345
766 175
389 124
641 383
648 560
552 437
340 330
774 151
415 173
660 495
813 382
840 386
555 392
628 71
527 317
848 557
569 100
728 598
154 133
137 72
474 211
469 2
443 80
848 634
696 606
728 233
678 490
517 225
658 475
847 336
771 556
716 372
425 283
200 186
327 323
716 521
652 65
511 505
694 447
822 503
590 287
773 12
453 94
848 133
291 98
318 6
459 198
683 537
111 31
158 104
537 418
753 418
635 342
295 289
486 151
463 437
696 414
495 282
629 258
225 155
781 5
811 459
616 452
811 571
672 98
724 425
30 13
829 70
757 389
396 58
752 453
736 205
25 20
816 275
361 115
846 616
601 594
729 656
552 406
802 242
446 428
625 584
641 27
675 92
556 515
612 472
439 13
713 314
667 191
691 115
802 577
118 10
611 506
461 60
594 473
213 182
474 233
606 531
744 197
715 46
214 204
538 520
652 151
782 615
319 300
339 310
740 318
751 257
847 592
556 129
540 336
357 71
453 403
388 24
646 302
776 91
689 71
706 1
723 574
734 563
794 157
211 1
456 50
815 476
481 273
433 156
797 490
377 337
817 650
758 446
457 333
431 272
313 221
827 31
446 100
743 282
438 437
558 151
644 180
341 234
666 86
810 128
779 197
330 228
796 272
478 352
428 297
730 230
320 166
773 770
715 234
170 23
596 320
468 459
652 60
716 535
603 271
382 360
310 257
301 186
257 51
723 532
577 396
724 190
171 54
780 242
641 440
413 14
790 498
539 365
673 255
297 114
117 110
679 138
731 427
663 658
303 87
770 760
266 88
683 622
781 432
557 148
378 206
391 124
782 32
805 273
671 230
394 260
418 343
632 206
353 281
786 266
786 98
669 259
545 473
578 228
724 442
834 497
847 52
360 153
528 244
630 209
634 629
764 495
591 223
180 71
777 591
384 119
791 592
800 592
427 71
459 331
558 43
336 117
448 105
772 717
674 229
682 598
713 18
767 152
511 433
307 41
817 218
540 436
266 216
168 118
777 736
536 55
759 630
105 34
245 154
424 367
636 154
612 44
712 58
576 268
319 79
760 149
819 23
709 505
674 472
685 514
454 166
683 374
762 691
152 84
282 245
650 500
516 112
484 34
617 252
676 267
335 253
835 481
695 666
605 450
635 631
822 117
522 4
552 304
725 639
740 355
792 502
759 719
658 290
599 567
563 146
700 510
774 27
661 85
431 267
728 455
588 416
469 365
798 251
547 381
824 127
611 416
38 14
690 445
531 18
605 241
520 390
655 653
348 314
670 464
78 32
222 17
281 220
699 531
783 355
468 220
495 54
430 390
840 786
671 287
620 22
594 215
689 73
573 536
413 191
776 617
429 54
128 43
512 446
87 44
674 516
438 306
620 156
145 55
558 48
536 114
554 60
821 406
305 86
848 677
696 443
410 357
608 534
428 30
596 288
214 166
252 91
818 20
668 451
837 181
537 378
479 185
708 117
767 478
386 318
421 289
87 31
640 314
822 82
686 215
736 207
706 436
754 437
288 21
455 34
792 787
414 25
703 113
715 629
581 216
831 472
433 124
230 147
578 560
440 96
781 7
591 140
610 113
175 172
349 82
726 464
483 29
740 357
595 122
775 222
468 333
626 181
548 371
94 43
747 684
623 435
206 8
678 242
436 405
755 242
267 234
605 318
758 457
820 698
618 231
526 371
709 246
347 300
743 702
190 64
73 5
619 553
799 757
525 118
373 242
759 670
457 169
259 181
821 783
332 183
342 300
235 37
551 448
838 52
722 642
820 267
319 286
415 349
844 805
764 619
503 115
642 345
791 235
820 729
599 412
507 321
298 209
647 522
710 408
495 231
361 142
745 166
747 719
605 315
817 677
774 4
776 19
693 415
673 462
650 300
849 344
645 640
658 604
314 196
351 348
757 27
641 361
340 271
845 798
437 158
150 111
521 57
598 6
705 173
629 402
726 268
545 278
179 90
659 437
843 603
340 123
654 20
261 47
826 824
431 34
303 289
817 154
523 10
741 525
253 47
151 122
659 154
530 48
124 84
733 130
523 397
762 756
825 822
415 26
74 22
800 280
787 355
627 589
764 702
495 310
630 275
647 71
301 143
767 562
846 180
307 215
577 0
637 514
43 9
695 622
796 519
407 0
722 604
708 602
720 248
648 338
824 45
555 187
825 660
782 579
568 550
742 302
391 168
415 65
400 182
512 510
654 527
644 187
520 84
516 203
747 592
496 365
847 628
660 370
613 152
355 303
722 513
392 204
576 204
814 140
75 38
160 82
457 347
198 78
455 187
346 261
428 272
433 120
767 404
622 47
639 269
786 101
664 267
396 372
709 290
734 644
250 248
840 738
424 209
832 372
845 111
558 158
502 153
803 647
284 182
511 382
26 20
693 505
544 466
787 538
420 314
597 480
439 136
697 505
563 414
84 63
471 3
452 248
805 118
522 500
625 503
364 39
249 139
830 697
383 240
545 195
623 590
643 256
105 38
597 72
551 489
555 551
640 219
779 611
563 344
293 111
586 565
823 662
355 169
391 24
375 295
157 88
685 267
474 92
794 118
431 29
303 271
327 237
554 542
638 206
499 104
572 442
426 239
458 369
814 212
636 219
584 266
545 508
698 551
332 87
394 114
702 140
570 74
545 158
613 243
339 10
535 436
473 108
717 184
653 339
537 0
649 526
624 534
311 211
515 200
825 495
286 162
310 76
593 225
837 730
25 3
430 52
156 116
694 222
799 91
213 60
745 298
499 125
696 505
694 136
315 272
648 318
178 20
323 138
626 51
49 44
423 194
539 512
823 284
836 435
617 363
604 307
849 451
688 503
720 624
273 104
546 218
662 125
588 254
339 42
217 84
205 110
247 27
560 210
257 254
831 452
843 684
829 103
328 271
181 91
816 632
729 551
710 339
761 315
608 519
622 143
616 334
198 128
106 82
441 298
232 203
591 542
568 524
188 36
107 16
180 46
390 14
538 399
773 366
484 396
353 145
92 36
676 383
813 27
554 534
770 146
296 291
299 161
534 528
415 81
206 65
232 55
656 83
530 281
133 69
466 162
204 35
581 454
644 174
366 244
476 455
572 107
555 231
653 92
640 307
833 232
481 307
726 636
640 367
627 156
674 240
798 623
504 325
666 149
705 161
228 109
714 371
609 116
284 138
463 312
774 421
419 276
710 550
703 570
594 484
639 473
493 57
785 672
733 695
537 124
705 189
261 3
794 459
257 76
570 224
193 168
524 98
777 599
686 174
316 94
592 231
654 166
777 360
766 106
743 629
740 126
327 34
583 225
49 40
281 46
788 196
759 744
436 149
708 227
342 309
562 409
618 418
680 218
770 442
561 122
787 248
682 56
720 256
623 213
443 333
249 82
741 534
828 460
687 98
360 227
844 206
285 132
807 372
548 141
621 457
540 171
393 40
748 695
193 53
841 339
227 195
727 612
344 240
773 627
809 48
270 2
704 307
357 198
665 45
589 483
725 663
191 162
628 32
451 289
655 559
555 261
535 98
297 14
703 128
664 385
509 210
339 82
727 553
466 231
478 433
643 142
567 323
379 91
398 337
558 210
822 308
824 716
113 79
215 203
796 8
673 348
400 32
631 438
781 451
556 402
467 116
625 123
648 51
637 544
738 514
354 74
621 442
795 692
731 152
470 272
175 39
731 184
642 158
471 71
663 225
525 387
602 84
567 481
802 330
422 316
354 129
714 394
785 587
813 669
789 619
421 297
453 450
338 136
156 58
312 49
621 360
722 115
793 190
840 687
761 579
371 156
259 105
609 142
833 60
69 34
848 472
792 6
538 515
413 317
599 165
444 145
592 128
610 534
514 239
568 126
788 20
731 431
488 164
306 61
259 156
364 104
564 540
611 456
353 352
481 340
784 27
591 352
439 265
758 409
540 214
663 318
171 63
607 560
218 85
478 104
840 613
262 76
739 341
657 577
774 484
650 553
367 83
473 138
547 76
326 116
797 267
161 9
373 267
615 531
624 212
647 590
357 70
271 76
278 143
817 191
756 543
629 457
253 171
822 777
370 358
706 117
382 196
726 273
665 534
310 290
348 199
729 115
602 38
411 259
636 98
787 164
719 697
565 528
710 76
742 502
637 224
705 13
614 346
820 214
708 321
225 77
535 496
557 34
668 462
839 534
645 290
820 129
543 355
367 30
302 35
507 122
626 489
656 256
809 675
636 16
462 106
281 168
764 202
353 97
449 200
596 502
327 317
475 331
540 170
481 362
500 121
354 59
646 408
374 317
760 617
168 18
512 454
827 360
452 402
407 270
771 82
753 172
546 157
739 712
516 68
814 115
444 58
569 260
829 311
776 711
837 8
807 166
496 491
687 104
641 416
394 168
618 457
844 645
470 43
747 717
703 632
814 288
418 135
830 637
421 255
59 57
679 258
625 368
174 153
700 247
799 82
791 387
380 8
449 266
492 91
762 129
357 57
339 213
199 79
781 307
707 255
317 135
449 225
104 79
820 234
722 203
683 285
810 656
642 81
835 403
657 325
419 262
48 47
209 94
761 662
561 484
804 13
759 473
277 188
815 737
657 95
506 293
725 339
559 523
848 617
704 426
713 332
646 174
649 231
561 436
715 361
580 491
811 750
318 137
625 279
596 14
582 21
703 349
720 230
650 95
223 174
570 165
341 213
331 160
773 384
677 508
799 526
556 471
490 352
464 211
689 309
805 796
657 73
616 35
331 292
555 252
795 588
733 19
695 272
418 14
414 84
665 607
580 198
131 101
590 515
802 273
725 307
820 730
725 698
491 102
499 192
562 457
606 186
675 320
464 86
427 16
609 546
503 260
261 167
583 558
584 241
814 596
264 146
412 15
787 254
827 146
592 312
788 230
84 80
430 66
646 637
785 3
598 366
159 100
722 180
478 9
677 66
264 80
532 435
194 95
730 381
611 140
603 203
360 137
311 158
792 779
639 466
667 504
454 9
840 376
656 224
109 78
567 62
192 180
599 344
661 270
171 32
700 230
815 200
225 45
490 6
834 254
222 16
175 111
818 789
558 19
424 98
609 272
795 774
802 533
199 63
177 43
626 207
820 145
648 115
518 433
568 24
697 311
547 83
483 240
589 501
672 546
244 218
824 134
608 361
549 444
730 150
637 90
341 257
722 548
748 290
624 101
608 212
612 377
240 208
322 153
581 154
199 105
799 711
298 36
89 54
308 23
717 382
651 266
820 468
510 219
363 57
460 330
399 265
247 92
57 33
763 626
520 413
287 199
611 561
611 251
482 250
571 194
714 28
735 672
288 54
626 186
478 452
513 385
791 551
832 616
697 42
515 172
290 109
637 171
819 251
675 2
813 591
488 214
656 174
732 393
454 445
768 613
502 324
303 42
735 368
479 279
525 32
625 111
847 329
610 516
764 372
797 465
383 329
137 84
506 260
638 517
769 139
539 117
598 374
180 113
263 228
598 597
801 106
682 192
750 551
659 83
229 71
433 207
135 80
697 440
293 140
598 180
417 400
820 702
807 290
627 353
325 241
320 22
235 140
723 278
689 504
812 464
801 23
704 650
761 164
846 465
456 162
521 30
394 292
804 692
414 65
599 397
816 298
321 202
670 11
660 578
478 200
708 647
546 97
431 56
279 241
745 474
827 207
557 263
359 58
676 637
616 586
582 488
708 640
480 124
603 547
100 6
701 310
793 145
162 65
838 728
359 338
373 317
601 339
453 178
784 663
626 314
115 64
164 20
527 70
671 515
593 316
674 576
516 207
533 272
662 282
417 88
301 273
440 410
595 453
815 52
656 487
794 41
467 195
563 225
819 28
717 55
440 262
417 6
547 522
569 264
332 254
736 469
794 30
367 70
800 229
841 742
436 289
626 171
513 136
717 84
655 640
668 101
532 514
644 152
841 37
843 542
783 577
721 718
693 509
620 514
551 128
819 314
826 631
381 66
654 333
713 213
845 721
722 143
464 82
746 476
757 468
498 403
327 142
637 399
352 332
420 322
152 138
786 548
750 55
233 231
612 69
729 565
814 580
731 633
255 245
822 779
187 68
833 252
734 246
599 494
309 118
577 513
828 436
660 310
801 431
584 194
540 410
833 559
786 377
217 89
35 2
660 582
426 179
603 4
806 460
796 712
456 101
528 358
732 306
536 153
491 325
523 44
847 820
342 81
817 460
642 580
640 315
671 548
778 648
313 311
836 292
373 319
106 9
361 125
764 562
484 274
818 756
825 3
648 411
514 224
373 346
808 82
573 545
679 632
185 24
515 399
270 119
260 154
776 619
568 74
838 769
572 307
415 231
605 35
843 410
537 377
470 37
561 4
652 599
547 10
741 604
213 103
135 38
583 208
772 24
423 94
714 304
538 283
567 54
759 332
836 721
822 632
848 510
588 141
779 14
756 459
694 535
290 2
403 166
773 464
736 255
549 150
122 87
687 312
712 165
545 6
821 357
768 686
724 683
595 377
817 374
692 561
741 128
228 47
500 129
51 25
783 480
654 542
464 362
289 231
426 347
440 19
693 165
208 148
527 344
469 419
595 391
511 383
717 458
436 324
481 5
842 17
549 1
667 342
590 544
719 246
486 330
720 352
420 208
514 116
817 163
665 641
556 183
816 176
492 448
210 101
803 83
692 86
628 16
318 263
470 114
699 629
159 51
141 36
834 294
545 252
431 20
470 82
487 225
689 342
670 5
611 152
507 112
819 634
579 421
512 287
601 349
628 233
473 214
829 262
115 44
627 343
632 307
484 391
716 454
807 539
658 420
571 388
456 19
446 362
490 253
660 451
499 54
721 511
450 140
758 307
280 222
458 343
135 55
622 31
826 711
503 163
773 761
661 490
689 533
719 489
762 542
484 283
97 14
830 129
262 98
708 395
647 344
803 294
589 560
800 437
298 42
382 293
624 297
785 421
165 163
553 475
537 297
732 257
652 317
765 605
828 173
648 306
388 256
264 25
367 11
444 291
735 408
807 575
363 255
119 22
411 194
536 282
220 110
177 155
553 326
813 105
224 62
592 165
523 491
777 146
791 697
628 426
660 51
508 113
309 31
703 66
334 162
548 5
238 58
544 161
293 264
794 389
531 469
838 315
251 10
251 199
802 411
317 76
243 240
795 40
287 39
716 692
574 128
728 516
173 138
437 147
730 478
836 815
614 524
507 493
428 35
513 186
524 479
750 271
280 158
657 564
589 339
784 498
155 19
691 169
283 161
815 668
571 213
456 383
739 44
823 188
330 235
680 37
524 54
348 12
600 271
214 86
719 139
743 198
790 284
389 163
300 286
737 329
514 425
298 270
409 273
750 40
699 49
486 280
383 251
296 53
494 54
599 116
493 347
147 95
542 210
340 255
237 127
476 372
194 35
783 179
783 448
846 348
821 800
737 713
521 423
330 83
275 233
718 349
752 318
270 98
661 614
831 521
735 726
678 416
542 308
732 165
685 221
838 186
736 526
817 0
837 43
463 19
833 655
618 461
546 342
587 352
422 188
145 52
589 83
701 647
846 317
753 344
309 50
802 320
732 75
552 270
466 260
598 225
244 221
695 331
613 90
393 55
787 197
323 82
762 111
260 144
778 492
354 299
573 37
813 560
831 573
570 78
722 18
811 769
827 303
329 316
708 49
398 46
814 549
166 55
487 292
820 35
300 217
721 669
343 144
607 361
432 295
538 92
745 230
449 135
661 287
280 271
470 21
647 254
200 40
492 441
439 145
606 231
353 69
530 247
195 123
671 308
657 242
687 66
617 434
675 235
524 453
640 135
711 619
313 136
538 204
723 304
401 25
758 726
418 249
837 436
758 169
765 678
844 311
811 720
605 518
385 8
695 442
351 189
688 511
609 62
442 346
460 337
463 12
507 191
135 91
447 112
791 727
538 257
707 364
477 22
685 429
341 45
726 182
577 6
568 29
465 63
777 741
842 598
821 139
675 626
478 152
784 457
836 489
682 318
674 166
754 616
529 522
504 181
162 139
795 123
743 742
540 143
656 16
808 469
712 425
639 88
578 397
703 77
677 225
590 285
744 510
261 95
787 622
691 548
553 392
690 591
685 142
253 77
547 23
820 122
218 158
313 76
625 57
832 361
487 208
590 233
325 91
345 160
262 11
145 4
516 460
435 356
757 348
423 102
599 199
640 417
472 303
686 160
343 217
792 71
315 227
598 245
104 70
831 386
675 453
401 199
488 99
410 255
687 269
323 164
460 216
364 133
475 111
549 438
586 306
694 372
533 240
517 407
449 237
400 1
511 348
536 80
626 320
620 339
95 13
827 674
203 173
595 483
302 143
587 185
530 488
230 7
584 527
624 140
648 629
783 313
588 509
839 439
381 63
587 55
787 261
656 364
758 251
472 60
478 191
661 541
733 392
744 172
759 196
690 34
708 24
840 808
602 224
835 492
513 201
818 66
746 342
558 308
770 415
465 235
446 121
843 604
678 141
231 184
809 658
492 458
817 612
268 40
732 463
253 119
682 535
683 274
621 617
257 148
653 542
318 110
681 574
736 707
718 514
456 343
538 355
305 256
786 773
762 281
755 22
738 169
696 524
402 157
416 292
822 819
789 582
563 201
373 94
604 510
506 392
777 468
803 449
685 662
744 28
672 127
811 183
820 106
526 425
249 65
693 259
198 14
153 50
573 132
405 69
475 189
793 31
823 157
540 181
444 96
147 30
605 299
583 532
487 95
53 35
793 777
262 206
359 145
829 687
680 672
517 249
633 205
466 119
733 236
379 363
349 61
661 560
578 106
836 14
558 69
794 435
617 158
811 628
366 29
191 105
372 123
780 82
284 44
696 18
714 303
752 252
369 329
580 47
168 52
347 158
137 48
764 521
618 148
636 414
833 500
703 485
496 78
279 73
491 369
768 321
621 549
609 247
664 518
614 583
532 330
781 237
268 28
226 169
577 340
833 87
725 401
451 412
323 189
561 117
696 23
601 584
697 416
504 163
505 257
406 106
237 191
770 334
838 269
626 253
512 307
621 51
355 69
561 253
517 49
135 133
191 19
646 325
830 0
672 669
656 176
548 373
314 180
714 538
659 649
665 0
533 404
253 207
701 288
618 20
809 401
557 89
635 38
103 0
544 125
715 110
795 313
392 83
721 664
696 352
474 372
306 76
340 169
592 426
593 528
765 87
691 527
796 79
826 199
495 76
284 170
472 300
633 358
533 302
532 459
380 241
452 309
805 26
787 759
785 314
667 225
684 379
754 582
795 242
709 350
712 174
398 8
533 501
758 539
224 63
533 248
234 80
550 23
838 166
561 85
815 785
546 10
686 668
506 239
242 98
470 430
384 218
738 598
465 279
564 151
744 67
673 622
622 339
291 92
434 192
724 310
509 330
229 163
313 110
690 432
719 402
819 119
246 238
554 507
689 379
422 41
848 818
403 389
548 245
736 33
839 423
784 237
780 179
280 140
256 154
189 114
793 227
597 66
362 212
555 305
433 385
278 108
686 197
827 278
828 479
417 256
578 559
422 331
770 584
677 243
757 365
847 571
565 20
831 653
782 8
170 2
453 230
620 491
474 315
529 237
711 113
225 94
620 183
366 17
773 303
235 97
463 159
556 224
665 365
565 435
372 37
504 126
672 472
767 196
281 186
405 309
226 97
96 22
561 392
804 536
659 53
803 257
696 150
624 249
797 224
672 168
804 285
205 0
122 36
742 349
628 170
695 526
571 528
469 62
400 133
718 647
466 157
115 84
632 354
427 310
255 196
336 326
794 575
686 522
345 343
740 200
705 430
585 545
837 194
505 96
675 307
552 487
810 259
755 67
784 761
40 30
679 539
466 126
719 612
386 75
277 22
825 180
618 597
447 184
695 496
611 98
603 358
461 430
658 67
839 432
519 458
825 460
371 155
245 47
671 336
718 653
777 575
698 540
468 329
712 303
759 70
810 38
747 555
716 62
720 448
344 282
780 73
311 262
748 667
707 303
713 629
690 128
692 355
269 172
444 230
212 172
831 516
681 478
792 189
438 161
789 547
530 417
529 381
224 118
809 225
634 488
552 169
579 45
669 486
756 567
668 81
465 377
514 292
342 263
475 166
339 279
524 300
731 691
496 5
532 181
802 624
698 575
812 647
431 24
772 486
739 125
727 619
810 323
403 320
321 97
716 409
556 38
497 304
692 246
470 324
712 557
261 62
648 195
508 388
627 458
492 129
333 86
305 71
636 152
706 303
719 443
751 46
617 402
434 75
697 541
814 285
678 146
334 25
782 310
679 169
287 141
282 45
580 480
421 163
718 322
422 76
195 177
814 418
755 484
685 310
698 243
715 506
193 31
366 115
187 90
719 556
781 545
700 576
827 649
293 25
706 344
408 49
619 297
578 118
749 626
597 35
789 91
712 69
553 89
849 384
407 263
648 475
669 402
661 329
418 345
839 138
428 155
83 64
744 547
432 390
589 351
554 522
816 751
644 83
336 236
585 77
698 236
703 36
751 151
624 127
751 613
643 561
791 710
684 222
610 188
721 171
753 492
355 170
308 134
280 38
688 294
406 237
633 264
638 9
779 99
352 307
618 455
539 16
184 146
536 490
164 37
580 185
401 255
799 155
730 66
398 62
745 611
575 553
531 438
625 313
597 77
303 109
796 387
175 165
829 288
272 187
792 41
364 294
655 94
755 383
811 75
739 621
146 140
463 182
752 270
714 643
829 528
799 404
847 422
833 569
227 24
732 493
416 283
778 317
836 311
624 273
279 206
258 145
497 142
332 245
449 411
817 696
495 223
621 576
261 244
605 602
182 129
450 301
321 123
523 155
698 178
704 262
653 550
789 260
822 675
298 99
596 153
557 82
298 86
483 75
729 664
593 16
684 355
360 215
632 179
604 193
819 265
694 534
806 236
602 319
791 6
830 611
815 75
673 188
344 128
816 757
846 437
644 173
727 648
261 228
539 269
586 74
529 232
39 14
710 476
527 149
838 476
665 69
628 384
647 88
604 0
758 693
241 59
641 366
662 73
318 257
353 223
688 450
477 115
298 124
669 102
304 107
382 210
749 641
437 18
804 378
796 719
834 742
695 545
726 244
666 140
274 266
579 140
382 121
171 114
676 357
97 83
308 62
829 146
307 56
643 642
460 197
455 154
632 111
644 463
708 112
289 20
464 240
