150 450 150 450
146 68
49 14
85 23
123 47
69 54
31 3
38 3
87 13
18 11
126 41
88 51
93 57
27 10
111 82
134 51
82 16
53 38
132 15
101 6
125 40
126 116
122 7
29 14
68 40
109 95
63 29
79 59
58 34
141 135
130 43
118 104
102 27
110 63
67 44
132 116
86 16
121 78
141 84
78 50
118 27
12 0
37 6
81 28
95 28
140 111
114 96
102 0
101 84
88 72
23 17
50 43
51 36
98 11
144 24
130 16
128 38
146 11
114 33
118 112
134 119
106 98
134 0
133 68
86 69
94 27
101 78
38 14
8 5
127 67
101 2
7 4
124 61
134 79
57 41
115 112
132 41
33 14
62 4
100 26
106 21
49 17
50 47
144 137
116 46
133 114
9 8
78 55
124 82
96 75
74 57
113 102
117 96
73 32
90 16
134 129
33 27
119 110
68 1
121 19
130 98
114 13
107 49
83 68
103 99
143 50
105 36
101 89
90 44
36 8
113 23
136 127
149 124
11 6
124 105
90 61
12 1
82 62
37 21
142 141
47 15
91 90
99 45
128 84
103 62
73 8
90 41
54 17
82 79
126 20
144 108
149 63
101 66
64 47
103 80
97 96
147 39
122 105
148 81
65 42
102 34
85 80
142 62
104 6
39 28
144 62
87 30
135 92
49 25
89 24
64 20
88 27
72 25
72 57
98 37
142 15
18 8
90 73
105 8
99 36
139 92
117 28
16 15
61 43
124 123
149 90
39 4
24 0
133 65
29 8
91 2
117 95
128 103
146 24
86 79
61 42
99 30
71 29
121 28
116 115
126 53
123 113
77 69
26 21
94 34
83 65
146 101
16 1
94 29
113 62
88 64
60 46
130 110
131 83
96 84
84 45
105 62
138 31
117 55
146 56
115 31
123 61
65 14
141 2
133 129
144 45
147 89
61 14
104 56
86 28
149 49
133 112
49 26
100 14
145 144
104 24
118 107
28 25
130 54
47 13
112 22
142 115
125 72
142 96
122 48
69 29
140 8
107 86
110 36
116 58
35 11
66 4
95 73
66 49
105 16
114 23
120 100
145 120
31 12
62 55
85 65
30 16
111 4
78 30
110 26
135 81
147 50
76 8
119 38
146 137
128 61
148 19
42 34
128 21
102 3
120 25
128 32
144 133
149 48
94 41
51 11
68 23
145 19
81 52
82 44
52 27
37 11
125 39
57 19
148 147
105 98
123 42
144 60
27 19
46 12
117 83
113 104
71 68
139 61
139 107
70 9
46 22
76 56
102 42
143 98
144 61
48 42
104 101
79 31
76 52
144 64
92 20
138 4
107 41
138 123
115 30
141 48
144 57
66 16
44 38
148 18
146 39
107 43
126 59
63 35
54 23
88 61
85 8
88 44
149 103
64 63
105 55
114 72
143 29
57 48
147 144
103 21
149 24
74 12
125 123
68 37
127 104
92 78
104 54
51 47
140 138
74 49
128 109
77 66
149 54
96 9
38 34
22 17
123 2
129 63
20 13
107 39
141 37
115 53
52 31
72 63
116 110
85 32
139 52
98 95
112 27
140 30
136 58
111 55
93 6
136 126
102 52
146 1
85 42
107 45
78 24
116 56
118 66
114 70
96 72
115 71
132 63
101 60
51 14
97 51
102 54
132 101
110 87
146 131
106 64
40 31
140 33
37 14
70 12
145 111
147 1
142 81
116 94
101 99
76 3
109 36
79 37
116 24
94 11
117 72
146 119
119 4
114 56
19 0
61 2
141 12
34 19
139 111
145 142
68 33
42 27
42 29
22 21
43 2
72 64
118 53
129 55
120 95
11 0
128 126
148 25
99 27
143 80
42 19
125 77
63 52
141 105
141 74
71 23
135 118
136 121
26 11
97 78
107 72
62 45
143 128
130 32
70 10
93 16
135 79
148 119
81 54
136 74
125 12
84 81
89 80
82 50
107 4
24 18
56 46
145 96
144 9
53 11
68 15
31 18
149 145
122 114
104 63
109 60
149 123
93 61
77 71
77 32
26 0
35 26
92 16
146 135
145 6
68 27
114 29
130 88
27 23
130 101
83 58
72 2
50 22
80 62
109 21
112 18
134 98
46 40
55 35
109 83
99 98
82 27
78 53
63 26
28 26
104 10
102 65
113 82
45 39
97 19
61 59
71 15
129 112
86 56
78 3
121 70
108 24
131 124
37 22
105 16
113 5
103 68
117 47
93 57
123 10
138 24
62 37
84 22
146 110
119 82
39 35
134 33
121 1
62 22
84 32
134 125
146 10
132 25
124 28
139 108
137 77
86 5
87 3
128 18
130 104
98 53
87 23
127 76
118 114
139 53
129 51
122 107
48 37
116 5
132 66
118 74
89 30
85 73
57 5
133 19
118 31
74 14
93 62
127 39
91 36
58 37
109 77
79 42
93 49
132 31
143 50
144 86
71 39
139 46
132 108
50 15
118 76
144 5
112 50
137 24
98 54
84 54
106 62
142 92
132 80
128 53
118 105
144 85
95 33
114 15
88 2
44 5
139 94
116 26
87 50
149 67
77 51
120 44
92 28
100 12
134 101
84 39
97 14
70 38
121 73
132 6
140 81
75 12
117 19
100 33
67 30
64 49
122 30
68 18
53 24
104 45
48 14
104 95
131 47
29 6
109 39
120 36
132 97
122 121
82 46
135 130
19 17
99 66
84 56
102 76
75 53
63 25
71 47
120 65
74 38
62 16
142 56
79 54
63 60
131 54
149 0
131 82
100 15
130 53
105 21
146 43
119 85
131 63
79 37
27 10
149 133
128 33
136 68
25 2
34 2
103 43
137 105
114 112
138 118
131 104
142 8
116 88
119 83
92 9
137 51
68 38
106 33
63 5
131 26
103 96
94 21
25 9
55 0
124 75
146 107
121 5
63 47
140 46
147 90
84 36
140 134
106 94
84 26
140 47
57 7
65 35
53 13
129 124
123 103
122 29
82 5
46 10
118 19
124 54
69 50
117 30
17 3
18 7
34 15
121 6
75 27
80 0
81 59
149 23
47 31
130 69
58 39
108 75
122 62
125 69
66 6
135 82
131 33
53 14
128 86
80 9
104 15
115 90
125 90
44 21
148 78
149 132
101 22
47 33
143 6
70 24
81 15
126 78
67 32
16 13
70 5
107 73
80 55
81 46
113 80
116 15
80 63
135 28
94 87
99 59
112 73
114 2
119 49
70 21
83 23
144 52
90 37
83 46
136 100
123 105
70 49
118 66
64 55
97 33
121 76
38 22
26 15
113 10
90 39
61 57
130 75
141 92
146 97
121 78
101 9
142 19
121 33
139 137
80 37
137 118
146 124
13 1
142 16
128 26
97 69
114 83
91 38
118 116
128 79
139 130
127 1
147 19
90 46
53 36
108 53
131 12
85 62
83 59
137 37
98 47
145 127
109 70
142 127
146 83
67 65
149 19
125 107
130 14
96 34
65 60
72 44
146 72
122 35
118 93
86 14
117 55
136 58
119 48
66 17
143 101
111 6
78 39
106 31
94 55
50 8
26 9
116 61
149 118
84 62
141 140
26 21
129 97
118 39
53 33
106 1
142 129
141 19
107 91
142 34
134 29
115 82
117 43
83 64
130 86
99 31
129 87
95 24
123 106
62 44
102 7
86 59
147 29
131 115
131 116
121 42
117 8
85 38
148 33
141 118
44 38
71 20
91 15
100 58
121 11
48 3
129 114
122 8
65 63
100 99
148 62
108 41
125 54
112 16
136 23
71 31
108 44
145 115
47 44
24 0
96 40
81 51
41 21
72 11
77 71
128 80
134 65
54 27
66 29
128 34
113 27
92 17
84 6
93 83
145 108
98 62
117 104
105 77
120 74
60 31
41 5
36 5
37 29
63 35
143 24
113 96
124 106
131 92
127 121
146 106
121 87
87 52
62 30
123 18
28 20
98 51
97 58
141 97
131 114
81 65
122 11
140 4
52 30
58 13
41 22
132 49
143 80
94 18
72 14
48 34
137 66
77 47
133 36
100 24
115 88
124 98
115 18
149 56
104 96
93 21
137 92
79 29
57 23
98 66
