800 2400 800 2400
297 201
227 68
490 474
795 658
544 25
317 115
693 7
496 363
799 33
589 231
313 273
708 277
724 548
558 129
447 413
784 779
777 742
483 435
464 351
535 266
384 63
781 305
218 42
522 482
588 81
738 50
747 416
572 90
311 41
742 699
487 2
737 651
253 134
67 44
391 369
86 16
693 431
729 450
594 547
655 599
279 96
689 570
585 409
539 116
307 284
429 288
210 83
485 145
747 579
792 435
743 476
51 36
708 119
526 161
340 216
744 300
376 152
443 323
426 294
493 77
393 113
220 63
769 80
508 496
258 50
101 78
601 120
760 729
175 116
706 330
669 586
267 183
772 503
703 340
484 352
683 54
281 27
562 131
763 337
671 24
752 205
50 47
540 66
758 604
661 504
629 136
447 94
591 298
429 251
560 539
733 310
756 246
608 246
704 383
728 542
610 424
653 315
722 442
438 351
181 156
244 34
328 13
363 64
347 272
457 310
703 626
259 99
700 192
317 219
274 257
349 168
664 457
402 77
759 676
538 51
408 20
439 2
667 579
757 200
270 189
786 169
436 292
584 414
511 399
786 329
585 148
446 38
618 209
681 499
144 108
660 151
774 309
259 64
661 174
645 317
164 82
781 509
783 382
761 265
493 110
447 271
142 62
587 549
745 132
177 112
532 516
515 391
423 94
673 494
483 208
702 346
743 361
387 135
762 116
401 21
784 486
90 73
240 120
427 56
647 123
528 475
747 145
644 570
772 315
377 179
310 75
788 417
783 148
784 753
749 708
551 300
344 269
658 487
557 505
482 263
185 35
681 496
286 283
703 120
663 592
673 586
299 137
723 703
759 101
444 153
592 481
175 123
563 128
626 236
755 234
497 108
624 489
690 266
682 377
182 106
437 243
476 237
701 279
208 96
729 579
724 693
585 330
692 366
657 174
416 7
400 78
618 26
719 671
688 447
432 76
584 475
715 429
598 225
459 153
273 109
444 405
706 633
130 54
628 610
559 425
513 485
384 336
376 4
655 115
388 116
156 139
645 505
458 118
310 193
757 490
469 342
468 9
671 664
418 396
763 125
199 99
145 120
675 216
476 352
460 17
578 31
667 152
317 232
530 372
660 235
285 223
696 74
597 335
668 197
776 499
434 26
779 147
625 33
357 351
378 132
610 578
365 358
506 12
205 203
760 718
628 53
654 342
357 147
215 123
690 38
696 257
706 461
57 19
634 274
727 435
749 334
680 133
656 544
270 215
789 728
646 14
783 402
651 399
635 525
280 61
750 309
655 133
596 506
619 573
765 247
326 93
730 90
507 18
737 640
144 64
158 14
466 210
505 386
472 429
784 447
799 436
783 250
211 5
731 428
533 188
521 403
530 237
692 307
665 347
622 100
238 131
600 120
739 33
750 640
797 106
151 105
377 190
373 83
370 176
785 503
488 267
544 16
526 405
340 233
350 4
462 349
753 240
690 41
309 261
577 407
791 584
546 9
495 199
754 377
333 261
549 160
22 17
615 81
672 378
793 605
624 55
613 178
393 290
474 149
612 407
560 306
395 198
240 86
774 371
543 140
372 237
136 58
335 238
746 251
760 220
642 513
770 30
710 509
509 391
630 477
588 191
420 246
464 13
374 295
474 119
778 288
424 383
632 521
494 259
733 691
740 118
568 319
649 80
693 193
412 346
365 323
775 609
745 39
444 88
179 157
639 504
372 113
195 179
442 96
504 236
366 8
466 424
740 231
700 540
262 28
583 419
783 157
500 66
569 242
589 334
775 304
714 418
145 142
558 86
536 498
565 51
643 417
187 89
412 172
551 347
552 230
513 117
766 344
679 431
443 276
744 334
725 196
720 501
369 346
698 312
290 268
695 636
487 449
293 32
633 181
639 360
699 583
457 316
542 142
735 465
777 116
630 578
769 212
757 467
391 341
578 152
621 312
125 12
441 301
543 468
573 140
639 47
767 521
424 307
402 148
384 315
296 166
702 478
552 48
779 39
738 658
468 44
516 257
724 434
503 240
658 52
466 298
218 11
571 164
762 93
704 621
516 424
609 272
554 312
542 309
396 111
724 325
677 208
737 19
478 383
667 105
486 459
759 129
427 270
751 639
432 23
756 747
69 23
695 37
406 16
703 441
741 677
550 108
629 576
712 366
426 210
743 324
649 325
303 200
589 325
231 174
525 84
618 364
641 388
659 231
454 439
600 486
787 130
621 437
555 132
220 169
572 266
321 97
712 499
593 183
718 13
233 20
753 379
729 239
234 127
565 185
586 92
474 70
701 689
720 593
692 164
409 245
25 6
655 513
514 141
482 61
289 166
792 594
755 182
327 98
604 151
303 4
503 76
786 184
663 467
772 562
184 29
186 71
540 113
668 169
720 12
232 90
637 331
705 634
138 79
567 397
717 259
417 395
670 201
766 583
698 457
782 692
368 85
561 359
758 307
674 141
423 299
644 558
738 175
488 48
680 235
244 68
720 190
236 11
661 476
756 628
422 339
429 418
661 524
707 467
84 6
679 38
279 115
785 270
585 521
695 397
578 255
561 503
591 241
675 660
41 1
692 688
675 635
127 120
785 530
244 131
133 116
538 367
580 101
688 176
361 95
476 426
80 74
391 169
523 65
224 138
81 22
419 268
586 510
728 585
695 472
645 478
468 214
652 306
309 147
696 191
787 8
772 401
251 77
174 170
502 78
119 95
264 39
649 49
563 231
761 356
709 36
409 96
711 338
765 638
328 5
686 269
590 247
445 28
763 504
624 255
735 562
789 585
435 267
229 200
716 706
274 123
230 224
407 286
386 270
624 434
393 81
798 590
529 156
517 215
468 313
549 55
301 206
517 279
607 53
517 367
734 336
754 508
726 325
685 559
398 117
580 497
516 235
239 100
755 17
501 207
680 647
373 351
497 355
588 140
754 741
677 15
395 354
364 54
772 313
403 337
333 155
131 118
727 272
362 84
191 166
434 20
728 116
537 386
626 440
148 76
247 151
753 326
539 183
688 352
276 135
409 364
769 245
383 101
267 26
694 531
578 92
793 287
630 550
349 278
651 380
700 472
278 219
767 229
665 526
400 169
788 117
430 357
482 332
679 105
653 144
692 195
451 59
190 137
563 184
756 734
704 304
505 59
661 209
519 118
617 208
453 308
558 525
623 416
170 5
371 134
216 193
382 318
154 122
490 419
358 335
602 189
129 36
576 472
784 209
670 668
637 289
727 356
498 303
325 78
778 588
603 581
625 317
686 343
456 380
319 37
751 158
205 51
645 165
164 4
537 298
714 658
731 493
640 366
752 376
766 182
514 102
483 225
578 560
560 208
41 0
661 92
540 47
735 153
777 517
213 138
281 61
467 75
237 235
744 547
789 656
345 300
594 221
679 596
599 7
792 741
409 204
367 235
742 241
593 66
513 365
766 453
250 90
227 217
674 122
794 766
566 296
455 118
552 13
645 135
423 135
668 557
722 686
513 492
554 390
658 512
760 731
364 296
568 379
439 424
695 196
691 214
648 191
667 33
581 422
344 327
321 3
457 343
470 223
573 77
754 540
499 290
553 74
460 15
68 19
521 99
647 144
748 159
285 39
386 274
389 72
691 680
668 362
595 580
343 156
761 503
745 46
766 389
771 295
375 179
460 60
599 81
669 604
502 82
703 369
315 103
443 178
493 259
309 275
369 33
559 198
704 140
683 196
409 395
702 506
694 205
736 719
597 140
565 139
363 203
612 367
480 203
581 259
577 42
227 182
710 471
248 208
741 26
786 777
405 330
171 95
714 165
728 626
459 70
256 43
415 372
556 336
573 300
674 231
323 76
749 720
764 737
775 289
494 246
550 488
82 4
753 368
326 182
531 125
798 14
550 26
363 242
225 71
489 98
758 355
718 469
674 428
583 257
250 228
758 10
330 136
441 8
523 263
744 133
543 521
505 1
510 422
448 298
718 402
669 468
540 416
602 276
794 400
226 170
684 562
564 478
285 111
430 21
695 184
381 293
363 334
521 240
392 162
711 443
334 15
738 17
524 301
645 504
625 147
734 629
433 396
368 10
361 177
659 202
289 44
615 251
604 439
436 125
335 44
253 243
659 156
547 434
303 128
210 134
644 143
541 478
602 15
565 509
584 107
774 756
470 172
647 630
721 327
719 243
797 642
690 29
596 439
515 21
140 7
387 9
731 584
205 47
622 545
771 17
690 461
770 472
795 180
740 517
635 626
625 80
788 45
339 213
736 55
548 315
326 155
204 169
112 61
559 0
534 71
322 171
611 586
799 418
322 263
698 121
747 699
755 666
682 201
653 258
254 75
769 326
405 332
534 347
777 646
397 12
554 361
529 331
418 279
214 178
791 1
757 575
258 216
758 123
670 253
244 231
457 421
641 132
714 143
668 663
553 199
574 413
717 286
765 205
791 410
537 211
404 92
763 563
516 148
648 380
716 703
762 615
761 207
414 302
368 290
410 73
641 609
600 397
393 28
765 399
592 99
697 487
404 316
186 177
349 228
786 360
558 282
779 617
650 402
234 221
795 718
512 208
300 203
206 180
772 188
771 287
508 425
288 99
514 103
418 12
570 56
523 313
404 205
729 489
536 470
429 26
361 93
689 323
571 434
526 479
742 70
581 503
637 302
598 566
774 482
548 94
214 3
611 574
528 107
581 199
736 693
622 383
128 39
93 45
429 355
756 0
406 176
250 230
364 45
573 381
417 351
754 189
308 60
386 174
436 346
467 67
466 188
511 496
675 549
796 778
481 29
568 252
294 91
743 305
683 598
759 371
393 30
187 30
408 138
667 60
553 368
634 592
279 119
270 186
525 357
768 264
603 598
739 318
306 286
638 92
706 579
270 216
645 630
501 148
769 45
777 395
572 104
609 310
559 21
750 612
596 534
537 31
290 115
280 167
574 153
492 329
276 263
483 78
698 345
463 419
591 470
730 124
360 251
523 395
346 20
128 26
355 325
759 229
668 570
224 133
163 53
670 406
109 45
725 291
678 340
580 396
391 48
718 441
559 372
246 101
665 615
424 401
649 283
764 22
540 270
714 166
482 131
498 186
695 329
140 81
737 143
612 180
513 200
258 105
650 153
259 52
684 616
531 129
399 240
403 142
215 196
580 336
583 513
475 82
765 400
395 251
75 70
472 375
633 329
793 135
419 59
731 672
742 341
304 277
384 280
609 542
777 701
104 27
637 568
365 27
371 242
669 338
561 63
780 417
644 325
612 249
385 107
522 466
732 160
543 239
642 123
574 114
326 300
764 599
464 233
529 508
676 444
608 249
450 339
604 200
576 474
798 59
515 422
778 175
381 44
760 298
392 130
190 46
271 219
421 146
646 304
617 173
264 224
580 335
163 148
769 545
710 317
784 418
622 305
495 253
236 80
565 496
600 548
484 284
620 322
703 375
747 661
296 252
748 438
365 18
641 275
754 419
695 377
378 240
658 75
552 38
720 467
710 315
682 490
721 464
611 242
710 403
459 281
755 427
621 242
718 145
590 163
718 85
707 295
263 61
367 282
692 417
613 123
699 570
667 292
622 60
637 77
191 40
422 132
200 14
601 298
610 219
693 592
775 93
285 3
748 693
619 297
656 318
477 101
724 208
643 633
361 202
717 255
681 248
786 448
518 152
229 102
508 59
660 478
761 675
170 10
648 188
498 6
468 375
701 7
402 275
563 438
616 419
687 489
647 28
454 393
789 394
676 294
711 423
277 75
613 500
586 507
446 16
736 722
699 237
629 82
552 125
650 465
461 190
416 229
464 403
757 40
664 290
448 308
265 6
172 148
476 345
640 475
508 95
600 361
549 181
393 134
537 461
759 590
264 165
415 99
711 92
690 5
325 181
437 387
374 77
598 27
205 89
515 218
576 10
572 40
500 217
398 92
714 262
679 347
787 685
753 592
708 629
277 235
773 18
373 229
644 482
758 163
408 192
700 645
599 288
134 18
617 378
587 259
799 98
762 734
727 238
576 41
765 690
358 223
330 203
759 629
704 98
492 105
511 237
44 1
746 413
529 521
345 294
777 453
289 102
526 77
566 108
598 584
472 93
581 82
429 58
75 53
758 316
615 548
745 146
461 347
775 468
669 281
322 279
704 270
315 242
771 119
689 434
752 333
794 0
726 405
357 168
753 578
692 533
364 277
524 445
96 14
671 144
129 78
792 506
748 555
562 100
670 655
629 513
666 418
381 235
667 304
672 507
479 114
717 681
277 209
420 60
243 14
623 304
543 316
620 257
708 597
712 370
365 199
637 166
695 319
589 82
714 13
753 225
623 536
671 307
577 0
324 37
786 397
673 408
317 286
450 282
667 23
749 636
580 358
764 556
503 454
542 433
346 156
797 564
698 262
690 386
258 241
679 662
767 81
554 200
500 424
655 26
638 249
439 34
138 59
743 249
535 189
785 225
374 35
275 259
113 52
651 48
798 65
360 116
720 455
226 207
723 205
594 498
666 268
626 399
650 616
565 183
421 338
185 30
571 570
706 458
487 139
736 537
447 317
478 84
491 155
379 145
438 270
99 68
455 156
456 340
191 144
673 300
701 100
655 71
753 519
560 293
609 585
676 71
745 584
655 87
509 27
490 100
653 168
548 222
677 479
301 278
752 267
663 384
636 254
678 207
201 83
677 93
777 662
492 89
328 37
493 277
732 9
408 47
328 162
747 415
424 204
786 614
692 306
161 129
254 76
295 15
392 312
675 588
547 154
733 160
320 2
390 11
282 44
196 171
403 18
444 42
353 95
642 91
446 387
779 291
40 27
167 71
749 677
698 278
696 526
721 610
705 313
548 527
359 171
729 429
535 447
238 67
625 336
716 394
477 133
614 442
384 213
515 382
485 164
199 12
620 144
512 252
427 332
90 74
333 293
730 527
664 407
731 361
648 71
440 55
344 63
723 46
528 485
202 152
311 129
737 103
377 317
795 585
718 247
770 90
587 468
763 488
495 251
663 662
657 273
484 420
550 249
476 456
623 52
439 297
459 419
604 343
729 305
697 655
398 213
717 393
108 35
193 13
411 45
500 80
627 70
499 17
425 7
458 291
787 529
774 363
784 571
696 650
768 722
745 453
130 2
614 251
748 379
434 320
698 293
651 600
741 193
494 212
597 437
320 312
544 111
500 280
259 212
537 1
607 175
730 220
781 159
523 468
389 157
722 22
561 341
436 50
71 63
188 29
441 135
798 451
442 39
646 126
306 269
399 385
427 83
632 150
648 424
303 123
674 181
484 455
579 64
238 151
449 44
544 380
688 147
245 222
612 268
759 21
615 440
730 89
355 248
665 322
668 610
645 363
510 477
672 634
718 92
553 497
799 531
623 151
355 223
356 349
544 314
467 174
638 105
764 580
661 649
117 86
570 535
267 37
744 710
279 104
613 170
770 435
668 255
679 239
600 128
615 563
321 272
575 258
726 377
778 596
741 420
195 5
333 301
698 531
524 257
357 165
720 327
614 236
655 392
525 140
607 494
778 629
544 150
484 457
551 315
355 213
753 595
610 554
779 454
466 449
779 245
373 343
240 26
383 53
621 546
647 373
465 91
506 473
302 168
453 76
418 82
372 30
669 299
723 576
769 449
777 268
487 330
618 141
737 417
453 402
779 736
331 203
772 544
654 607
536 227
453 97
296 268
488 41
455 269
786 771
269 227
750 258
276 73
535 388
754 28
514 260
534 206
294 116
457 332
293 207
529 456
654 407
739 562
205 110
468 326
669 625
583 457
527 24
571 466
657 283
700 552
629 437
245 156
289 242
424 29
706 578
219 43
725 634
737 387
612 312
719 675
545 272
379 229
476 33
740 466
178 8
771 743
765 642
246 200
790 418
553 420
491 149
790 741
553 53
563 547
549 282
684 578
112 23
615 43
697 506
782 722
680 198
566 221
510 371
681 236
519 389
292 26
551 19
797 474
337 170
590 132
625 84
745 50
484 230
654 277
597 307
273 249
113 53
280 251
521 64
497 191
217 122
343 305
741 237
307 58
475 161
587 375
182 165
499 393
562 402
227 126
794 260
200 100
753 605
577 328
639 445
295 126
542 45
313 213
465 97
771 232
515 155
754 57
408 240
265 148
545 460
556 131
618 313
761 329
704 252
426 271
675 395
616 42
164 148
284 10
718 253
606 233
720 500
748 266
686 600
636 374
236 13
631 552
297 261
255 189
793 446
568 47
647 259
564 218
753 223
111 50
530 523
553 60
201 166
686 527
793 156
662 213
486 203
481 173
722 635
733 530
555 115
641 114
674 200
725 320
336 144
299 196
192 54
461 93
548 236
576 34
494 332
441 37
366 52
197 4
208 79
401 242
423 354
608 93
510 249
342 77
104 87
301 233
405 294
403 247
790 96
753 528
683 357
439 379
745 365
336 52
213 190
679 173
430 27
773 700
261 99
656 63
799 446
754 719
233 30
415 158
728 255
711 449
233 180
759 343
391 302
361 55
341 77
494 159
794 777
631 515
503 218
243 214
393 32
460 250
125 78
690 588
622 537
554 204
420 74
741 190
763 79
111 73
682 305
391 22
163 121
382 235
323 220
263 21
419 108
58 6
305 60
787 525
605 156
361 201
500 90
543 217
415 216
750 24
437 247
668 324
428 366
566 226
671 101
540 89
576 81
526 132
580 138
433 248
421 21
508 164
772 166
412 74
711 710
787 175
719 457
769 633
574 11
693 500
103 76
192 98
758 725
173 95
480 163
440 203
424 233
762 144
261 24
733 118
83 36
771 348
521 209
566 152
697 49
582 3
466 284
759 734
737 347
566 169
265 102
671 266
712 195
712 503
494 4
283 44
294 169
678 677
752 144
738 411
472 428
266 220
289 200
456 363
701 176
582 463
774 557
554 337
780 578
517 287
334 52
347 57
743 44
780 708
563 437
722 291
745 679
557 349
782 291
659 160
677 328
536 180
657 98
504 116
381 272
771 757
536 267
589 406
190 180
408 242
632 255
724 30
326 60
393 142
763 354
173 17
313 12
382 39
446 418
744 74
661 400
343 276
321 196
406 259
660 124
769 370
786 529
774 307
606 54
669 294
553 513
564 554
750 204
207 15
694 149
404 88
741 532
707 378
745 646
740 614
749 123
463 386
407 91
584 388
692 621
537 25
205 14
173 25
745 441
280 255
775 305
510 15
731 79
526 525
185 96
502 339
795 533
356 163
723 396
438 257
374 332
673 495
572 70
623 62
780 282
600 249
102 38
114 61
448 69
45 40
780 174
527 279
353 144
776 719
525 375
750 131
144 122
581 171
137 18
37 33
487 430
537 158
339 139
530 81
398 381
464 460
256 222
374 365
229 86
790 32
314 25
611 599
748 431
450 228
278 200
728 349
756 509
646 388
789 492
672 169
187 67
658 601
744 27
175 67
649 571
119 32
527 191
779 41
505 380
550 281
712 68
561 560
657 320
735 137
521 519
655 496
357 71
534 440
768 728
278 237
32 23
504 291
413 377
632 356
262 116
599 300
487 177
375 88
245 98
571 291
670 60
450 316
694 502
492 20
741 411
685 188
516 456
251 160
146 48
763 486
549 510
518 505
369 273
734 105
484 432
659 113
224 151
716 405
301 188
631 570
744 299
591 103
464 92
129 66
396 209
402 205
686 497
578 352
343 228
567 276
758 23
779 16
610 448
547 289
797 637
387 49
776 648
645 140
762 418
744 437
568 534
554 376
736 106
649 186
197 146
324 261
426 276
488 371
590 463
497 70
684 19
792 416
527 312
714 226
442 89
467 221
575 529
168 102
323 169
330 249
728 352
170 149
468 406
636 83
398 254
724 451
414 100
279 249
402 285
185 19
685 621
774 148
740 472
485 242
438 126
472 266
454 451
795 480
271 34
545 156
572 282
551 424
63 33
639 494
591 118
792 207
642 288
618 559
295 186
619 255
778 601
123 83
562 488
343 331
503 322
155 42
724 668
681 179
374 327
691 343
519 278
592 490
546 513
798 98
302 81
328 251
560 48
260 118
768 624
467 222
767 25
579 46
700 245
608 191
499 296
590 513
389 66
382 214
752 73
530 405
677 304
665 268
535 304
467 10
453 105
181 46
727 403
643 117
630 411
537 139
662 206
691 66
716 648
796 401
712 341
719 583
764 661
665 170
675 593
752 531
782 87
774 629
551 358
573 537
476 293
526 395
670 292
726 111
628 339
389 362
754 605
677 198
276 33
352 267
437 118
561 327
666 258
636 573
423 108
313 133
387 348
776 316
568 400
777 190
604 357
542 418
576 175
454 10
624 561
258 181
718 297
631 17
558 447
790 666
552 61
185 140
110 51
584 240
332 194
620 565
332 210
739 518
626 393
510 369
574 551
767 146
740 135
481 463
636 89
386 32
766 422
537 5
459 161
71 24
446 317
789 210
403 380
734 567
391 27
627 519
748 690
737 294
746 228
334 210
493 352
702 190
646 400
535 33
749 284
628 42
564 178
588 384
570 32
368 267
239 133
403 229
260 224
382 125
216 43
776 226
703 539
730 509
777 131
332 18
678 347
736 259
656 313
386 282
337 77
791 260
186 76
709 76
346 8
400 30
383 353
483 113
432 407
727 645
641 125
527 507
492 108
793 105
446 264
637 416
160 147
221 111
609 410
642 220
626 371
330 247
593 316
291 165
480 183
647 432
789 706
702 531
715 113
434 35
748 352
775 317
718 22
763 510
296 169
721 642
705 567
673 105
337 174
296 170
685 286
402 131
276 15
454 179
717 448
453 422
595 551
734 498
210 167
208 166
577 475
774 505
560 102
289 85
681 531
749 724
449 297
793 44
342 108
421 418
612 518
440 344
397 95
794 363
621 372
755 376
386 56
521 425
288 287
206 52
604 458
754 651
529 356
554 493
350 193
635 51
699 442
321 296
432 281
630 157
321 64
649 194
351 189
671 375
329 163
735 456
726 523
87 18
310 131
568 193
768 256
474 237
655 96
667 352
681 10
609 307
204 113
646 29
662 584
459 116
679 89
576 251
789 522
232 189
489 404
681 526
620 125
736 434
723 669
665 641
313 154
560 15
600 89
448 154
660 160
532 231
368 278
387 282
728 432
679 241
664 595
547 391
753 154
565 209
281 68
574 148
329 119
491 317
482 391
629 537
23 2
282 187
721 612
378 284
135 61
674 28
362 98
443 94
407 176
543 506
444 21
769 560
676 447
747 379
679 377
794 170
720 92
769 110
799 747
618 51
744 695
534 16
619 106
155 150
562 183
481 354
637 310
699 610
778 291
790 475
651 194
373 72
675 391
642 124
351 190
771 46
674 308
526 26
584 33
437 172
267 175
744 15
705 673
358 253
550 137
427 316
590 213
263 37
599 429
750 521
715 677
318 224
439 364
452 0
469 41
490 129
656 20
490 290
423 110
324 116
552 106
561 375
494 43
322 294
512 4
657 400
398 23
615 127
363 84
665 438
696 215
563 169
661 234
671 586
297 156
45 34
510 300
740 642
665 486
790 171
712 176
475 458
401 347
525 520
341 15
599 117
135 0
383 6
524 76
797 112
368 337
781 699
121 88
416 361
643 573
302 113
677 360
417 93
323 135
506 204
87 0
459 321
767 263
295 52
775 4
767 81
703 445
581 47
346 69
464 456
507 337
735 678
747 476
449 48
686 315
368 149
771 397
554 324
475 432
249 95
466 199
561 42
789 247
335 141
677 484
413 345
613 543
601 30
736 304
716 712
105 52
497 254
748 511
765 180
401 291
694 293
696 134
701 405
649 153
92 31
549 372
115 85
775 768
332 289
656 547
793 39
483 154
253 175
667 258
686 359
301 260
379 182
617 23
617 588
533 314
657 125
340 278
783 54
656 177
750 664
695 385
401 353
607 223
578 200
360 353
323 110
428 202
69 43
585 224
797 785
441 437
526 381
262 131
730 531
386 203
726 546
663 502
342 34
789 345
359 356
748 373
316 239
453 312
345 312
598 597
549 333
771 627
669 325
348 152
338 179
676 664
686 391
310 185
541 497
609 365
475 358
390 371
576 177
343 131
522 103
601 53
321 183
575 256
542 319
638 470
693 154
606 486
751 153
260 120
514 278
407 67
558 154
524 435
617 110
583 299
723 600
428 122
772 722
486 407
554 426
686 481
242 121
748 600
155 54
299 159
539 279
787 94
729 81
153 62
166 101
438 340
644 4
780 457
522 43
547 320
305 234
381 12
518 475
350 294
554 415
789 693
739 107
478 284
376 21
745 236
755 408
320 184
252 250
775 607
233 98
239 59
273 81
720 647
133 81
620 217
678 413
787 400
754 699
733 480
399 322
612 510
706 295
474 146
726 494
462 61
506 149
637 577
750 90
755 365
509 370
469 44
436 140
748 461
693 569
575 243
560 487
601 569
647 471
585 154
540 205
551 340
455 134
608 605
786 323
364 227
570 214
313 225
467 341
503 341
673 34
582 470
284 55
726 85
656 267
462 255
752 202
385 190
624 97
736 88
614 6
790 577
531 187
684 142
710 63
498 408
449 245
550 463
610 17
518 124
748 51
710 627
555 334
704 498
752 233
781 200
447 163
408 36
713 472
84 43
774 507
460 29
233 89
720 415
618 578
589 219
287 243
538 385
392 259
726 98
697 42
738 468
651 25
330 314
764 657
438 139
467 239
357 17
371 258
115 56
744 534
615 424
317 53
451 314
330 315
552 379
696 368
506 146
384 91
472 227
565 61
472 118
742 602
432 380
630 343
533 323
724 490
793 148
541 493
627 251
543 382
788 712
404 359
542 416
767 339
735 212
711 554
342 87
440 235
626 163
793 104
705 506
244 103
460 431
556 67
190 176
632 126
797 423
466 177
572 331
627 522
445 101
369 231
632 225
580 562
178 77
602 136
687 654
142 140
614 168
587 575
677 486
657 50
774 677
392 356
473 431
323 23
589 333
780 411
471 383
353 195
697 94
739 656
672 316
359 159
746 181
699 545
648 435
792 708
788 391
796 344
343 142
602 401
416 105
589 383
342 14
341 128
584 124
521 273
326 36
754 230
527 335
299 84
394 378
614 485
461 285
580 330
629 447
116 18
789 161
414 338
774 356
743 147
98 35
666 239
664 22
433 31
563 59
506 80
742 25
792 460
453 149
386 30
689 316
540 309
400 279
795 118
437 137
680 176
242 197
327 324
510 114
505 196
674 97
220 94
367 284
400 157
730 228
468 452
336 296
722 175
760 12
793 598
697 357
766 113
703 565
714 625
508 116
215 185
314 65
293 130
518 268
574 65
427 223
783 750
763 536
132 14
661 483
221 193
332 299
742 457
646 380
334 290
696 420
591 296
145 22
753 684
284 41
760 126
786 163
134 47
542 505
58 3
434 140
662 139
729 656
775 729
509 277
528 385
598 568
409 291
576 333
543 360
744 696
753 163
571 535
550 345
358 104
194 19
228 23
588 71
454 265
621 290
195 136
653 465
214 48
277 109
555 320
190 88
680 373
733 433
654 336
431 54
779 257
697 307
730 542
333 243
757 291
471 297
768 471
578 213
710 587
379 331
566 29
624 22
346 21
567 171
500 33
400 153
491 454
727 472
404 271
316 270
347 251
514 149
657 250
799 616
607 475
511 390
637 536
448 215
679 284
729 282
763 301
713 91
701 626
618 581
345 182
348 339
798 308
381 203
603 252
389 245
348 313
558 108
461 363
376 311
383 45
635 37
654 87
280 192
345 164
691 380
745 195
718 588
740 510
473 145
530 398
540 88
131 92
553 306
387 245
310 276
701 529
456 414
748 183
301 185
283 170
559 393
529 220
611 208
708 185
701 123
220 212
759 89
679 676
533 477
676 570
601 113
329 238
753 628
535 439
781 33
793 623
722 593
250 190
728 649
613 296
786 645
612 290
397 259
293 104
403 285
426 85
354 175
398 55
541 154
490 277
655 269
744 359
228 36
220 175
782 251
653 180
646 177
439 111
494 94
563 423
591 307
321 241
94 85
686 640
769 545
288 149
408 94
210 181
680 174
554 295
770 301
305 301
595 496
408 290
611 395
792 332
454 352
680 573
375 154
660 262
585 205
732 3
647 566
645 426
420 21
570 391
562 16
777 79
431 137
560 36
336 221
254 17
520 405
607 12
523 60
744 305
453 324
788 784
293 166
552 71
595 315
566 231
413 328
464 225
535 428
284 93
560 154
625 96
585 169
741 681
767 631
620 407
169 137
507 10
211 160
768 525
599 368
797 549
728 590
455 403
325 69
578 221
623 501
707 537
771 348
749 413
462 416
619 529
675 489
799 74
722 20
752 358
571 8
738 178
639 557
133 70
691 42
234 190
679 203
791 293
665 271
769 15
607 157
542 349
798 551
652 322
450 142
774 598
717 670
401 77
706 576
670 451
783 173
600 42
230 179
465 115
380 152
788 148
476 148
696 330
617 566
554 204
441 145
434 94
687 205
409 58
702 21
619 315
707 350
745 709
506 5
403 161
743 135
598 342
420 375
521 239
519 142
320 76
593 231
659 501
702 553
589 85
784 208
408 352
624 608
687 58
694 19
595 244
586 314
390 105
547 195
595 578
797 247
458 446
295 0
651 569
247 70
213 152
505 43
655 99
354 215
580 124
260 61
344 265
597 367
239 54
653 188
61 7
682 378
266 239
625 27
640 283
456 340
429 328
593 384
532 19
645 57
765 32
430 190
412 261
677 553
326 168
515 247
792 69
603 7
262 182
515 440
544 29
443 350
290 222
705 242
537 318
625 153
287 285
569 45
668 541
320 237
500 473
715 582
641 419
331 211
93 38
741 352
742 90
650 20
263 42
354 270
626 147
275 65
618 444
459 125
650 442
422 164
491 119
647 261
462 59
614 305
451 135
429 69
615 248
342 267
498 32
236 82
719 266
710 77
196 86
653 369
449 445
459 303
350 92
159 63
436 178
374 192
533 316
645 626
581 577
388 280
266 62
317 164
550 262
509 368
719 550
424 169
686 218
204 180
485 280
400 212
482 118
674 506
741 102
799 699
417 296
691 480
421 161
425 296
487 38
682 111
433 198
646 486
348 202
355 124
577 408
429 58
612 186
634 436
566 256
546 14
764 300
645 22
795 513
409 233
323 310
608 431
251 159
389 192
433 302
272 187
720 97
338 213
682 587
411 169
732 655
646 489
517 47
317 96
670 5
384 158
347 68
540 318
617 407
150 145
710 187
572 523
253 145
714 532
644 640
514 403
517 400
782 568
703 629
703 209
711 111
189 132
610 243
756 404
491 290
430 389
724 290
622 157
591 391
736 342
319 177
597 259
507 162
732 390
692 199
456 278
420 81
323 39
798 685
429 264
353 259
322 192
621 468
465 3
444 403
711 226
488 412
662 463
644 364
443 155
450 351
271 101
729 610
464 36
696 395
361 354
479 227
204 14
744 350
653 176
788 35
664 430
770 128
511 331
738 397
492 181
424 40
609 338
581 518
571 364
496 433
579 427
672 75
417 175
627 375
623 8
387 79
469 362
495 370
249 166
490 397
689 555
516 27
498 2
702 502
792 403
529 472
642 453
784 685
169 113
597 578
715 469
198 5
589 364
209 159
130 76
757 538
499 1
333 238
159 47
396 206
778 404
154 42
68 8
760 551
232 123
426 390
573 244
701 138
246 238
486 75
699 248
545 295
712 108
763 245
427 369
270 203
425 96
573 62
115 76
535 217
737 182
396 120
798 318
628 328
772 447
470 254
653 86
515 415
438 402
413 299
331 76
675 152
366 159
667 452
422 301
465 332
728 492
323 104
490 106
748 642
166 52
743 211
250 2
763 220
473 157
539 59
683 665
691 433
706 282
516 128
291 22
724 548
637 145
253 156
679 98
753 662
759 16
523 277
795 288
711 82
412 402
745 739
618 300
731 4
451 42
793 301
716 51
584 458
633 416
135 18
790 425
636 193
618 469
730 20
474 305
238 68
791 321
690 159
274 11
708 222
397 318
501 318
517 374
427 9
642 365
564 457
756 184
482 173
579 495
777 734
765 123
187 87
741 249
787 543
158 157
746 355
486 148
203 135
511 39
663 162
759 171
725 440
415 165
360 202
765 597
754 333
146 64
357 213
181 26
772 719
416 196
603 335
723 527
760 753
594 98
737 604
757 65
674 667
467 112
557 226
340 312
222 153
620 385
359 350
640 144
333 85
476 20
752 155
746 276
538 299
430 277
707 296
440 436
707 250
355 192
694 367
517 70
756 554
628 291
731 390
637 412
226 88
275 226
612 298
231 61
563 199
769 639
642 22
715 305
521 318
390 267
233 212
663 60
724 336
496 71
705 555
736 137
480 15
587 238
583 196
391 202
641 83
564 94
610 5
607 173
219 30
614 43
530 458
695 55
725 557
779 283
329 53
140 27
709 455
542 5
562 44
320 199
603 5
368 325
325 316
798 275
255 80
351 269
613 460
594 466
156 83
310 186
533 242
759 237
613 594
570 251
461 6
635 161
797 482
514 252
541 174
337 72
793 103
443 428
737 49
379 314
552 505
720 534
474 120
788 575
730 537
572 192
380 164
289 74
666 514
410 82
698 225
312 52
671 126
690 217
472 87
498 299
642 591
434 9
336 276
735 39
749 320
782 649
631 151
546 409
485 382
634 423
422 106
616 161
659 180
611 609
789 429
778 700
628 584
379 70
191 108
505 158
119 89
768 526
668 27
716 471
799 572
269 232
483 373
772 285
372 156
756 304
688 233
450 446
546 8
789 306
647 600
633 624
430 63
742 338
329 142
470 44
629 381
317 237
622 188
478 236
550 472
217 66
558 301
778 716
798 471
213 102
747 626
668 406
756 100
744 587
221 74
615 12
422 280
792 580
636 596
570 359
739 738
340 152
488 476
190 148
525 7
469 466
745 717
611 198
670 583
269 176
539 57
335 154
617 215
421 261
463 85
499 157
351 80
666 568
556 4
642 230
213 35
760 423
589 38
84 24
23 5
579 141
368 153
580 553
452 215
758 653
423 127
494 11
711 46
533 77
522 454
768 617
625 433
738 200
377 5
434 210
504 350
488 88
508 354
657 518
465 163
790 518
380 328
665 132
219 65
541 484
689 463
473 341
574 565
388 309
681 271
593 241
782 659
484 359
166 98
450 101
237 4
722 46
772 64
659 520
690 369
514 511
773 402
669 286
727 398
276 141
683 149
437 197
655 9
730 14
312 198
304 153
626 240
563 413
505 182
651 74
530 169
664 127
318 92
786 308
588 128
578 88
262 115
583 555
193 104
523 183
611 146
425 72
403 217
218 36
474 306
799 438
508 410
260 164
724 90
699 508
663 368
583 108
462 116
758 736
740 106
336 54
657 409
326 81
659 548
785 645
763 720
230 203
326 214
793 330
674 431
618 514
762 372
648 365
153 4
327 247
655 539
164 90
255 223
290 286
785 701
603 172
600 140
678 174
637 91
248 189
653 230
395 69
529 109
683 535
287 47
212 54
275 97
636 354
549 477
576 91
709 403
252 155
58 1
619 191
774 285
689 638
639 123
352 43
546 280
775 624
797 599
412 374
268 102
764 271
452 351
489 79
590 239
652 381
317 292
648 185
660 655
214 80
579 478
645 583
60 9
489 325
348 6
711 21
365 9
453 250
508 107
737 629
674 106
784 225
732 275
757 426
627 121
497 166
613 521
252 100
645 303
787 294
445 19
553 423
652 18
333 196
697 521
748 163
676 140
757 653
544 199
249 207
657 41
434 49
632 112
486 423
480 257
308 205
603 15
575 433
210 62
618 414
525 13
251 236
105 57
584 137
519 360
160 67
665 342
245 32
415 335
777 316
361 223
664 528
596 542
361 28
241 239
757 394
597 123
780 80
575 239
587 564
797 678
518 61
538 297
224 212
647 39
682 655
533 55
325 71
746 485
409 57
424 148
585 247
495 241
766 377
798 458
589 279
64 11
518 100
718 53
579 466
229 9
669 357
101 70
429 243
523 505
691 39
416 133
736 527
318 238
140 131
446 10
67 0
701 199
658 253
721 329
740 43
309 129
229 56
620 301
563 67
684 201
741 172
473 144
774 213
245 208
484 350
262 198
476 154
610 377
550 274
669 145
331 5
548 485
518 290
766 26
658 444
636 441
778 482
321 87
729 255
505 457
746 410
584 471
339 68
725 615
358 262
294 198
517 469
454 15
720 712
769 726
752 677
525 360
722 705
448 216
464 150
544 438
447 424
443 371
753 44
465 24
690 598
326 32
554 104
759 449
563 183
717 669
576 246
417 343
482 144
644 439
578 315
347 265
387 324
680 315
523 34
466 429
548 534
696 596
523 223
699 394
769 170
322 316
569 564
697 191
618 319
626 459
338 265
543 213
603 591
763 341
507 17
222 44
692 561
521 102
596 291
335 215
668 312
594 153
586 325
268 80
671 59
414 194
691 667
750 80
684 292
630 67
756 460
256 16
211 31
575 41
553 214
613 295
418 407
123 27
147 141
704 201
209 36
160 139
218 168
125 79
373 343
407 93
267 255
377 11
424 409
292 249
756 233
717 373
665 287
741 132
563 88
743 325
398 35
440 374
593 365
674 85
556 492
505 194
698 80
754 289
768 639
504 379
653 452
722 472
193 131
400 38
365 170
419 409
24 5
516 341
344 277
437 111
533 469
470 294
678 30
694 310
637 238
383 171
739 678
777 88
583 334
349 239
467 70
523 307
561 261
406 345
672 35
589 317
799 764
600 247
659 578
409 55
375 316
682 568
751 532
478 454
408 198
758 257
707 40
726 425
634 505
80 12
676 395
683 343
688 440
366 191
533 383
202 169
665 515
647 76
639 414
592 199
416 399
658 114
654 288
522 482
757 459
785 113
407 44
547 211
689 58
696 445
724 619
377 363
780 439
97 67
450 334
748 382
758 662
736 448
768 428
618 365
536 60
526 4
388 270
334 137
474 325
483 384
230 49
540 41
287 39
44 36
547 479
519 377
507 401
488 213
252 46
707 644
771 202
702 310
544 437
768 745
721 488
779 403
194 74
684 315
709 406
551 379
636 434
626 559
348 226
790 410
359 175
287 91
699 568
311 277
232 87
707 380
735 187
798 110
397 181
750 410
799 450
576 472
706 383
676 252
776 72
565 528
626 513
769 410
686 382
189 159
570 449
408 298
633 558
791 145
593 133
778 520
798 342
375 58
187 32
788 532
715 517
510 302
711 694
677 459
679 595
215 6
778 446
334 255
710 605
374 123
797 528
556 380
712 602
248 174
613 58
648 221
393 240
28 18
601 159
496 48
522 290
409 25
402 69
509 504
256 118
628 342
577 194
506 258
784 353
409 84
577 7
733 102
385 103
749 7
742 300
523 49
200 39
742 556
622 269
766 436
685 348
307 234
460 105
721 43
739 388
777 332
342 164
614 568
716 292
557 187
262 65
230 211
510 96
773 566
686 241
723 191
763 463
442 220
488 469
578 78
519 367
699 474
569 498
685 265
741 361
372 317
744 527
713 582
760 138
259 213
609 601
736 147
180 142
427 26
36 22
587 98
198 180
414 69
494 355
472 230
753 352
343 251
413 277
609 169
514 94
550 211
764 525
645 590
597 52
756 13
630 164
738 420
243 47
497 169
780 47
209 139
476 150
527 438
351 279
409 190
727 169
545 44
137 126
272 105
371 293
312 92
421 24
272 120
641 362
683 540
646 472
743 448
601 574
475 427
722 32
580 77
542 351
353 270
599 478
738 446
302 228
324 138
227 24
520 487
760 26
572 161
752 486
771 157
793 115
536 332
552 254
678 312
543 406
750 24
526 366
740 269
666 258
561 405
714 122
792 73
255 201
512 307
453 328
519 54
165 86
346 217
174 165
302 18
739 676
291 187
758 508
348 251
668 3
520 385
490 131
750 112
593 368
621 417
195 127
440 357
362 168
307 222
350 328
392 59
633 625
613 152
368 41
559 544
231 68
524 506
677 554
685 176
430 68
744 37
356 190
737 574
735 267
513 180
674 149
647 46
571 41
382 6
654 274
600 499
749 202
667 303
396 383
407 4
776 602
731 6
590 284
690 577
626 506
415 49
109 48
647 199
555 394
571 401
743 380
674 146
328 26
764 689
609 406
638 539
412 60
257 65
173 96
634 551
679 486
672 261
248 45
537 162
780 170
482 439
575 356
619 298
590 294
788 21
515 429
792 788
748 345
796 434
713 128
617 367
371 231
416 260
101 81
447 46
97 8
659 524
532 232
655 277
755 184
319 110
770 44
489 359
511 116
722 378
528 484
773 183
783 667
709 246
532 192
572 203
263 30
392 280
487 224
742 524
755 720
436 300
497 352
215 23
515 165
614 288
342 10
761 744
726 575
660 494
449 286
465 120
411 396
687 623
619 398
604 598
598 585
375 34
663 204
759 159
799 363
647 503
768 698
618 445
420 357
733 417
287 111
334 38
511 104
746 711
706 6
637 246
796 391
720 644
694 386
628 411
732 359
678 22
541 354
668 172
476 109
553 243
734 610
575 456
604 366
287 127
368 174
490 75
240 61
249 215
437 8
308 291
383 95
733 45
370 104
389 177
637 137
666 333
201 148
676 457
612 455
417 77
339 48
683 213
203 98
482 287
332 174
617 143
758 522
539 184
392 327
755 337
585 312
445 385
428 64
794 630
247 35
544 203
538 64
393 169
683 362
439 181
465 225
585 527
770 102
701 265
454 116
726 337
646 428
796 501
635 461
498 367
409 351
758 1
576 334
608 461
568 339
794 446
411 68
432 335
768 483
552 53
584 516
170 120
759 286
215 175
763 612
444 67
799 755
359 190
476 11
253 6
59 4
413 108
578 269
403 380
727 462
696 622
499 330
765 353
759 209
454 342
774 325
472 138
719 351
630 535
432 290
646 317
747 708
471 324
366 212
624 587
492 234
707 220
658 379
777 460
788 251
437 413
566 376
572 381
165 143
659 372
359 231
656 353
624 378
456 220
281 217
761 508
500 460
528 2
386 369
255 113
454 22
190 124
502 402
619 206
745 464
796 64
414 393
539 281
436 87
438 222
767 684
695 113
185 151
182 66
582 560
602 268
625 574
764 696
787 438
394 350
758 451
658 417
549 355
500 452
701 64
332 166
630 521
319 69
437 421
564 373
664 321
681 331
417 41
454 271
607 70
570 257
730 478
586 536
689 668
386 44
466 225
122 65
607 342
743 381
685 372
397 330
92 28
382 170
648 549
679 181
732 58
795 44
797 413
485 256
717 88
599 575
418 244
483 443
701 300
628 95
792 679
141 137
214 135
466 355
516 419
226 30
683 489
760 490
411 381
772 548
627 428
505 483
567 219
472 5
738 613
535 438
697 627
770 714
513 179
649 229
777 404
739 327
366 114
510 258
773 64
736 647
696 176
635 624
642 63
197 6
696 464
106 56
202 186
675 235
571 551
569 418
781 629
784 20
511 159
382 132
354 111
747 161
498 146
760 501
580 126
762 463
631 610
513 353
676 91
700 9
238 141
183 96
406 163
715 96
486 20
176 5
383 188
517 54
615 26
279 74
643 40
595 61
610 312
797 15
758 444
220 182
227 87
492 430
738 499
579 225
541 80
291 48
732 417
404 148
488 136
721 110
484 444
751 673
487 422
737 492
791 475
157 155
533 240
381 345
249 202
716 366
679 53
739 609
562 336
703 215
604 19
758 416
746 19
