500 1500 500 1500
297 201
227 68
490 474
424 380
446 371
317 115
192 112
496 363
233 87
256 7
313 273
315 310
27 10
408 132
447 413
372 292
460 218
483 435
464 351
181 92
384 63
122 7
218 42
68 40
496 97
453 325
471 258
209 109
311 41
264 103
487 2
324 87
253 134
67 44
391 369
86 16
457 440
499 362
78 50
472 45
279 96
174 18
495 437
437 11
307 284
429 288
210 83
485 145
442 180
493 345
455 370
51 36
357 345
308 31
340 216
430 196
376 152
443 323
426 294
493 77
393 113
220 63
480 95
274 106
258 50
101 78
445 391
322 270
175 116
498 117
165 109
267 183
482 43
57 41
484 352
261 42
281 27
476 96
401 211
311 305
238 132
50 47
389 354
359 17
306 289
292 124
447 94
203 44
429 251
400 110
435 276
402 354
492 474
289 202
134 129
266 118
464 161
68 1
438 351
181 156
244 34
328 13
363 64
347 272
457 310
291 113
259 99
346 106
317 219
274 257
349 168
265 78
402 77
314 68
494 264
408 20
439 2
177 14
432 123
270 189
167 9
436 292
128 84
296 265
487 57
336 328
446 38
301 98
126 20
144 108
295 25
262 74
259 64
303 91
420 172
164 82
415 56
317 169
313 235
493 110
447 271
142 62
104 6
378 188
177 112
166 26
235 101
423 94
260 237
483 208
292 43
476 26
387 135
495 46
401 21
252 115
90 73
240 120
427 56
371 237
276 246
469 178
375 275
459 273
377 179
310 75
493 69
321 316
460 211
91 2
117 95
344 269
313 1
244 90
482 263
185 35
71 29
286 283
453 289
306 292
313 253
299 137
383 7
472 281
444 153
499 150
175 123
497 243
353 242
369 7
497 108
130 110
187 176
322 228
182 106
437 243
476 237
489 142
208 96
217 95
336 56
65 14
343 338
487 71
416 7
400 78
435 208
172 19
368 25
432 76
366 86
363 80
375 362
459 153
273 109
444 405
325 25
130 54
206 144
446 217
476 179
384 336
376 4
379 248
388 116
156 139
472 392
458 118
310 193
233 219
469 342
468 9
66 49
418 396
498 322
199 99
145 120
448 403
476 352
460 17
198 63
333 286
317 232
110 26
468 253
285 223
252 88
344 331
160 132
128 61
434 26
475 14
269 245
357 351
378 132
472 336
365 358
499 32
205 203
358 222
487 432
209 77
357 147
215 123
52 27
477 163
286 153
57 19
421 303
499 149
358 51
276 253
265 256
270 215
261 61
314 121
259 155
398 285
139 107
280 61
301 215
420 370
102 42
310 218
258 143
326 93
326 274
283 157
474 371
144 64
158 14
466 210
230 85
472 429
451 243
377 72
192 181
211 5
362 185
378 239
242 56
434 172
381 62
438 204
258 166
238 131
395 141
432 290
242 226
349 297
151 105
377 190
373 83
370 176
326 117
488 267
321 292
348 288
340 233
350 4
462 349
246 53
498 464
309 261
499 439
490 332
303 223
495 199
440 34
333 261
38 34
22 17
347 274
300 276
20 13
485 361
358 243
393 290
474 149
402 258
314 140
395 198
240 86
346 304
272 3
372 237
136 58
335 238
402 106
318 58
182 3
250 54
486 418
471 382
435 8
493 398
420 246
464 13
374 295
474 119
475 415
424 383
429 194
494 259
442 273
477 299
340 158
411 155
317 259
412 346
365 323
439 230
390 107
444 88
179 157
406 186
372 113
195 179
442 96
436 111
366 8
466 424
317 76
266 194
262 28
435 285
319 256
381 9
217 56
335 219
34 19
334 170
145 142
404 47
341 312
42 29
372 180
187 89
412 172
458 209
427 122
231 45
456 0
413 289
443 276
190 64
320 135
223 165
369 346
186 156
290 268
256 20
487 449
293 32
309 211
441 305
405 264
457 316
298 90
421 319
414 39
476 126
363 238
480 57
391 341
424 399
481 311
125 12
441 301
488 446
436 316
344 30
152 83
424 307
402 148
384 315
296 166
425 291
261 258
360 125
310 65
468 44
337 333
407 317
343 304
218 100
466 298
218 11
277 14
368 105
469 305
362 170
396 286
284 133
193 43
396 111
254 215
333 125
412 181
478 383
404 99
486 459
339 105
427 270
311 21
432 23
333 255
69 23
276 121
406 16
247 72
113 57
221 86
338 334
222 193
426 210
341 282
463 223
303 200
476 244
231 174
247 239
415 120
316 220
453 103
454 439
351 24
336 96
499 223
158 154
220 169
280 123
321 97
417 186
414 60
270 103
233 20
308 253
254 196
234 127
372 281
449 359
474 70
216 20
352 302
386 166
409 245
25 6
304 288
72 28
482 61
289 166
452 27
278 46
327 98
498 418
303 4
334 159
236 203
323 147
494 134
184 29
186 71
403 3
341 108
490 371
232 90
388 308
124 106
138 79
354 57
384 162
417 395
464 295
170 83
415 113
154 113
368 85
410 134
402 387
368 92
423 299
306 94
406 296
488 48
292 212
244 68
490 244
236 11
494 250
195 152
422 339
429 418
447 133
427 240
84 6
364 124
279 115
252 18
454 333
69 47
328 240
415 162
76 44
350 262
41 1
312 36
75 35
127 120
420 235
244 131
133 116
438 172
486 353
289 105
361 95
476 426
80 74
391 169
312 172
224 138
81 22
419 268
414 14
361 328
467 313
455 94
468 214
490 15
309 147
421 365
217 123
387 270
251 77
174 170
346 280
119 95
264 39
280 235
436 9
294 30
303 50
409 96
172 4
105 14
328 5
207 100
401 109
445 28
230 206
464 11
478 428
139 64
435 267
229 200
131 114
274 123
230 224
407 286
386 270
200 104
393 81
363 339
417 296
237 101
468 313
124 114
301 206
457 105
493 23
213 71
430 309
392 322
306 192
442 176
398 117
477 12
346 196
239 100
334 31
444 415
292 261
373 351
497 355
438 12
272 215
381 253
395 354
364 54
448 415
403 337
333 155
131 118
400 371
362 84
191 166
434 20
497 293
467 355
254 176
148 76
247 151
477 179
446 417
453 145
276 135
409 364
372 133
383 101
267 26
318 252
460 229
468 203
322 2
349 278
168 92
392 275
278 219
296 237
412 150
400 169
461 250
430 357
482 332
453 165
379 346
432 185
451 59
190 137
315 167
444 281
109 57
307 109
446 167
251 240
499 334
453 308
497 372
392 389
170 5
371 134
216 193
382 318
154 122
490 419
358 335
466 184
129 36
207 47
468 6
452 216
340 295
444 90
498 303
325 78
470 184
130 8
409 54
437 394
456 380
319 37
175 131
205 51
203 23
164 4
383 379
87 56
149 118
480 286
349 207
262 71
426 200
483 225
308 229
345 317
41 0
484 111
266 64
168 166
475 234
213 138
281 61
467 75
237 235
460 16
266 109
345 300
422 265
459 313
496 106
132 114
409 204
367 235
379 360
386 252
418 263
489 91
250 90
227 217
186 157
433 418
277 177
455 118
15 4
495 117
423 135
481 14
408 92
123 70
374 106
264 114
370 280
364 296
451 204
439 424
445 189
250 242
337 302
486 142
237 46
344 327
321 3
457 343
470 223
416 52
179 82
499 290
124 119
460 15
68 19
229 72
320 191
302 136
285 39
386 274
389 72
136 124
270 265
359 33
343 156
446 352
266 159
365 348
395 79
375 179
460 60
441 177
321 290
130 101
260 218
315 103
443 178
493 259
309 275
369 33
397 248
85 55
365 257
409 395
308 51
420 287
298 263
458 64
367 280
363 203
445 48
480 203
374 59
274 264
227 182
429 8
248 208
364 218
375 233
405 330
171 95
445 383
317 86
459 70
256 43
415 372
76 68
488 473
348 305
323 76
325 295
448 405
394 45
494 246
315 160
82 4
429 379
326 182
371 144
426 370
434 247
363 242
225 71
489 98
469 313
421 398
219 158
376 213
250 228
80 9
330 136
441 8
427 410
439 310
495 332
112 48
117 11
448 298
202 148
434 278
409 25
449 427
475 273
226 170
247 157
89 37
285 111
430 21
244 113
381 293
363 334
239 38
392 162
160 157
334 15
417 40
287 84
349 326
342 101
449 287
433 396
368 10
361 177
344 133
289 44
431 378
311 108
436 125
335 44
253 243
397 194
398 180
303 128
210 134
408 113
400 287
294 274
432 216
422 194
114 73
470 172
188 34
408 308
496 377
473 67
496 141
337 191
202 157
140 7
387 9
150 129
205 47
493 176
205 123
444 390
491 103
484 393
335 161
339 180
282 250
353 15
339 213
325 210
435 92
326 155
204 169
112 61
172 151
486 416
322 171
423 151
66 19
322 263
477 23
491 362
357 238
339 150
455 303
254 75
449 179
405 332
182 131
175 7
397 12
342 323
288 239
418 279
214 178
111 88
494 245
258 216
366 353
265 117
244 231
457 421
216 105
284 100
375 369
148 128
245 0
496 215
346 45
381 349
309 106
404 92
485 175
418 325
421 267
279 238
353 254
423 11
414 302
368 290
410 73
332 65
486 411
393 28
359 37
253 100
265 250
404 316
186 177
349 228
158 25
345 227
490 194
288 79
234 221
401 293
318 270
300 203
206 180
317 275
410 231
359 216
288 99
204 40
418 12
493 307
271 131
404 205
462 125
214 25
429 26
361 93
366 135
291 236
222 52
319 221
424 310
322 165
484 422
489 350
285 61
214 3
178 32
497 354
466 194
299 77
496 437
128 39
93 45
429 355
418 181
406 176
250 230
364 45
286 56
417 351
393 203
308 60
386 174
436 346
467 67
466 188
271 1
235 86
135 120
481 29
396 7
294 91
365 297
256 165
461 305
393 30
187 30
408 138
455 190
121 100
256 104
279 119
270 186
303 208
356 46
411 219
164 98
306 286
235 18
377 220
270 216
361 36
319 124
497 258
457 301
45 18
389 185
244 32
345 130
337 81
362 35
290 115
280 167
403 197
492 329
276 263
483 78
456 390
463 419
209 90
92 53
360 251
237 78
346 20
128 26
355 325
331 5
308 139
224 133
163 53
20 5
109 45
245 58
318 201
109 1
391 48
474 246
481 63
246 101
227 158
424 401
259 148
286 144
398 26
191 112
482 131
498 186
499 212
140 81
230 108
323 47
167 129
258 105
389 99
259 52
231 19
275 20
399 240
403 142
215 196
178 81
453 444
475 82
333 276
395 251
75 70
472 375
413 114
328 9
419 59
240 127
444 297
304 277
384 280
341 273
381 89
104 27
230 191
365 27
371 242
210 190
410 272
127 94
418 274
449 368
385 107
174 139
371 232
476 11
332 71
432 291
326 300
475 474
464 233
455 306
314 73
286 105
450 339
360 63
445 399
126 23
387 109
97 38
381 44
230 14
392 130
190 46
271 219
421 146
106 73
451 443
264 224
362 222
163 148
395 333
259 154
308 125
466 273
495 253
236 80
229 87
306 296
484 284
246 55
456 135
401 50
296 252
414 129
365 18
122 32
451 412
338 141
378 240
427 334
466 371
189 122
361 72
336 183
307 35
463 442
336 127
459 281
431 253
339 119
433 133
374 243
456 28
328 10
263 61
367 282
440 331
210 188
457 167
480 204
250 0
457 204
191 40
422 132
200 14
452 285
327 275
435 301
220 8
285 3
177 175
385 260
297 18
477 101
156 75
495 417
361 202
353 149
367 181
68 38
179 36
229 102
385 133
242 186
184 130
170 10
483 330
498 6
468 375
458 261
402 275
319 177
270 87
377 308
154 33
454 393
364 134
122 90
284 107
277 75
179 72
220 211
446 16
98 25
186 132
434 294
264 187
381 40
461 190
416 229
464 403
113 103
460 295
448 308
265 6
172 148
476 345
195 42
245 223
423 163
163 0
393 134
427 267
266 179
264 165
415 99
317 210
398 156
325 181
437 387
374 77
365 184
205 89
456 116
322 203
411 210
421 276
398 92
181 0
170 74
276 84
342 174
96 76
277 235
189 145
373 229
357 231
434 429
408 192
448 124
302 140
134 18
467 72
341 107
223 64
477 74
317 281
159 39
449 222
358 223
330 203
421 257
86 78
492 105
488 85
44 1
236 55
448 4
345 294
336 333
289 102
350 28
272 173
485 93
472 93
265 132
429 58
75 53
496 77
339 125
212 203
461 347
291 13
302 250
322 279
281 195
315 242
429 407
246 177
392 126
259 223
414 229
357 168
348 89
459 296
364 277
322 24
96 14
293 161
129 78
472 69
460 367
75 11
424 324
182 41
385 256
381 235
499 183
193 171
479 114
495 170
277 209
420 60
243 14
55 23
106 4
416 329
279 262
475 301
365 199
68 4
362 143
484 444
465 122
379 317
88 48
103 81
133 23
324 37
289 30
189 178
317 286
450 282
245 56
385 255
305 262
370 342
332 207
379 332
346 156
305 288
458 405
498 392
258 241
465 220
307 141
192 44
161 104
326 293
94 49
439 34
138 59
349 176
456 275
150 122
374 35
275 259
113 52
470 208
473 362
360 116
211 201
226 207
128 72
347 184
454 190
280 271
262 220
436 419
421 338
185 30
195 190
210 35
487 139
351 67
447 317
478 84
491 155
379 145
438 270
99 68
455 156
456 340
191 144
299 41
239 107
394 177
336 165
408 15
360 64
423 208
372 98
336 314
262 129
490 100
344 171
476 394
261 260
301 278
450 104
367 48
355 62
498 329
201 83
407 340
465 429
492 89
328 37
493 277
394 263
408 47
328 162
241 203
424 204
472 345
409 287
161 129
254 76
295 15
392 312
475 264
258 81
228 164
320 2
390 11
282 44
196 171
403 18
444 42
353 95
27 12
446 387
43 7
264 179
365 43
376 370
220 12
421 357
85 24
357 123
21 7
96 44
474 91
369 117
456 93
235 3
489 345
245 63
226 138
478 236
467 28
406 330
199 183
466 209
220 216
468 302
372 339
393 291
393 186
34 16
270 126
334 180
438 286
264 3
350 126
493 479
463 28
444 108
245 153
382 365
473 214
336 304
431 400
323 313
123 109
81 38
393 265
403 181
452 41
148 64
137 114
478 5
130 38
477 101
281 16
237 138
235 42
419 355
366 336
235 99
390 329
436 427
421 26
133 65
268 121
487 226
285 58
478 225
300 167
322 222
195 59
447 59
314 22
433 266
357 17
440 248
385 59
422 326
369 170
484 229
470 37
486 209
320 109
190 100
491 399
332 211
73 30
154 61
132 121
387 290
341 131
388 335
383 288
278 254
277 97
422 310
352 321
433 234
406 119
185 2
482 155
170 161
227 173
99 46
483 443
435 349
139 34
473 280
304 246
260 58
140 98
399 16
387 159
377 124
434 28
170 68
349 110
389 133
369 6
478 82
433 133
238 116
145 131
218 160
226 156
380 219
109 107
426 346
415 390
434 35
457 105
416 112
390 144
143 52
395 38
424 13
464 281
381 140
356 311
240 173
114 45
480 91
280 134
429 245
373 12
314 146
419 71
483 91
476 60
210 103
114 75
461 71
495 257
456 142
385 188
328 204
483 174
398 83
468 241
98 72
234 41
412 302
429 374
79 64
482 393
360 112
225 34
457 413
473 275
325 52
382 56
269 71
494 486
166 1
149 16
341 37
248 198
452 265
302 194
481 342
383 290
485 287
182 64
317 162
321 119
311 279
475 359
444 42
377 188
446 192
216 107
276 12
446 390
291 215
491 274
428 19
338 101
205 33
355 109
302 51
426 141
294 163
147 145
434 103
319 144
341 143
130 66
254 28
354 224
494 12
430 173
493 293
209 91
407 288
411 186
412 224
483 264
417 243
457 218
414 99
86 40
271 256
431 377
499 450
430 389
230 150
404 382
486 361
467 283
496 386
461 226
433 361
280 117
348 166
380 278
476 116
295 13
166 106
448 444
430 366
168 80
419 179
440 143
122 40
354 156
248 107
417 17
426 136
388 374
260 33
60 45
460 390
358 229
87 40
237 165
270 75
324 102
374 205
314 207
354 195
491 10
448 357
348 70
370 358
277 145
147 78
176 77
307 102
344 291
367 31
338 266
50 39
255 25
483 431
482 57
455 356
341 321
427 382
385 75
413 23
431 140
349 348
139 9
324 134
401 281
245 14
389 150
497 145
405 274
435 78
434 21
117 81
442 186
474 440
477 78
73 53
261 100
101 87
175 54
470 370
378 105
362 298
440 217
219 168
383 25
353 229
344 166
231 2
231 116
243 28
154 41
314 87
433 230
367 108
277 210
404 1
418 9
473 173
100 20
335 127
221 127
491 113
489 174
340 307
282 208
354 212
159 9
95 13
250 245
311 199
491 264
435 68
428 302
292 61
161 125
196 124
427 65
422 176
409 292
342 8
111 13
420 396
427 420
272 224
344 285
335 309
360 254
355 15
151 121
315 3
446 280
224 198
441 300
161 150
213 70
308 45
351 184
406 52
344 130
150 71
461 15
339 62
488 377
331 195
159 74
394 23
385 228
349 9
223 105
370 48
362 48
227 15
334 33
432 119
490 486
139 47
410 18
277 120
84 49
207 65
483 335
131 100
236 222
431 231
326 158
413 286
193 21
230 197
361 212
445 297
472 87
200 179
406 388
412 19
268 141
433 77
452 330
401 250
283 83
341 99
323 53
294 66
368 186
374 98
318 35
332 229
355 12
186 172
328 199
261 200
473 428
400 287
343 43
374 262
285 7
199 102
315 9
448 20
340 290
278 142
476 196
57 5
444 149
489 7
490 4
397 249
188 84
108 15
464 134
215 48
317 312
432 419
226 9
365 39
230 97
274 89
291 130
393 36
387 353
272 172
187 54
458 456
293 41
411 213
465 133
482 173
88 16
448 373
245 213
311 70
281 246
325 263
482 296
486 320
470 261
264 140
217 72
314 85
470 441
222 81
216 169
480 119
414 403
266 76
489 150
304 129
179 94
391 287
110 104
449 62
177 2
217 158
84 8
455 431
479 233
356 236
230 143
446 54
234 86
423 211
304 19
383 224
389 282
337 169
452 250
358 228
179 118
481 133
216 41
295 222
429 319
255 49
471 295
391 10
168 155
421 34
304 206
385 328
384 53
320 132
288 33
371 164
388 257
465 441
232 143
340 141
306 140
468 266
384 236
300 130
299 203
167 58
499 287
396 102
380 191
414 292
443 82
351 227
147 29
385 37
189 30
138 21
263 29
472 297
486 111
331 38
294 88
252 194
233 113
382 351
50 20
99 14
436 232
432 172
325 23
375 167
481 378
275 177
358 327
126 120
349 239
194 131
377 127
472 425
399 301
115 65
241 141
364 274
415 66
209 69
413 111
301 80
466 448
207 91
264 81
184 138
140 136
158 7
283 32
220 27
275 155
493 434
285 106
491 285
337 101
395 14
388 228
163 42
326 285
376 59
495 372
451 389
448 150
313 22
391 236
97 82
231 188
143 27
307 97
148 6
284 5
366 353
416 368
274 226
365 149
360 307
351 219
426 31
402 173
484 390
382 320
462 377
377 156
321 284
352 346
469 34
323 71
279 219
354 48
431 307
487 423
436 83
215 120
464 47
244 56
232 94
463 365
461 90
206 205
352 339
340 191
114 24
217 25
402 224
490 346
419 347
390 367
414 133
493 7
410 315
420 287
322 288
443 356
201 10
482 344
456 373
446 150
483 400
464 58
376 175
425 193
402 373
492 428
115 4
241 54
488 280
329 212
122 9
487 180
424 397
360 338
365 172
478 167
341 324
23 3
73 4
450 199
377 301
377 130
463 26
362 128
477 207
404 345
476 264
406 59
428 98
449 376
402 101
309 201
496 226
391 376
419 314
36 14
461 105
377 279
436 52
109 59
316 33
470 408
189 46
97 51
410 357
118 4
358 7
283 253
363 256
467 251
372 21
447 64
412 128
192 181
231 184
132 45
390 251
247 20
358 1
296 165
259 206
347 17
414 165
249 21
79 27
497 115
464 131
273 160
443 69
287 30
447 56
367 362
118 23
393 383
198 90
300 21
302 2
210 17
149 104
377 101
384 211
384 359
142 98
272 17
256 117
369 272
252 42
323 67
171 85
234 209
380 8
294 268
499 327
318 240
287 76
355 240
449 414
371 193
402 157
362 276
210 46
417 36
432 328
388 206
330 100
410 262
414 103
361 354
260 214
418 194
426 95
118 21
469 329
489 476
362 333
201 188
318 157
452 410
171 120
417 294
253 116
72 41
489 175
432 13
475 122
393 345
290 118
315 195
467 65
333 312
475 298
409 325
492 352
414 88
422 55
293 52
215 58
349 27
424 7
335 184
29 23
465 290
233 166
438 242
433 100
263 67
489 396
392 363
439 373
420 166
66 7
325 36
334 184
452 282
50 38
434 22
426 60
325 44
194 160
280 277
237 105
454 197
311 180
90 23
290 125
128 111
306 45
150 10
149 80
316 3
289 233
321 74
222 154
219 127
143 18
143 116
471 57
479 250
467 36
426 279
432 378
446 142
183 90
421 362
139 53
83 41
428 183
466 227
256 163
212 108
472 162
180 103
369 28
419 336
306 234
75 33
316 67
441 305
486 465
252 231
386 58
445 6
469 265
491 429
475 349
334 276
91 26
364 220
456 129
395 208
167 98
309 155
204 5
275 230
249 81
486 457
407 308
198 192
474 45
353 53
438 74
336 275
446 359
448 276
144 100
489 104
449 419
396 253
420 199
397 127
237 153
465 64
211 193
264 210
467 219
60 31
422 237
251 169
145 7
489 57
153 144
189 10
249 112
347 99
383 270
217 109
408 308
393 191
481 35
374 114
479 85
216 155
220 188
341 5
302 124
460 180
329 128
324 300
472 345
414 280
353 154
121 83
304 162
326 132
369 266
470 294
319 269
489 421
440 25
402 347
350 54
483 157
426 251
498 296
212 211
369 167
374 118
240 143
103 60
419 332
391 145
284 153
138 89
425 313
311 228
292 57
454 140
304 299
272 115
156 93
328 64
177 112
389 137
498 179
401 10
337 105
466 308
396 71
214 157
260 195
445 183
234 88
416 222
476 38
477 132
296 150
409 261
217 40
279 180
60 24
138 66
101 83
407 188
144 121
164 46
390 333
387 151
394 150
96 17
307 110
391 187
405 299
186 154
270 20
471 6
33 5
459 6
470 105
197 181
438 375
393 140
362 28
475 299
215 11
477 179
169 34
107 94
167 152
488 278
384 104
286 246
382 75
450 366
425 322
407 351
442 405
479 373
247 3
385 109
486 124
394 234
322 5
484 336
422 296
402 230
403 2
326 34
135 65
163 78
191 99
455 369
487 364
363 234
419 403
30 27
478 92
422 277
305 53
272 66
380 195
499 407
391 149
478 287
406 335
254 161
145 29
316 61
431 185
447 431
475 391
248 225
121 109
361 225
486 229
446 131
269 145
129 17
495 316
215 80
252 235
403 185
369 46
405 375
306 230
411 52
235 72
493 278
258 121
287 212
335 270
119 86
386 188
489 41
388 293
384 272
446 237
88 66
80 75
309 193
190 177
365 186
498 98
209 130
484 215
282 129
455 336
340 29
236 187
383 274
394 375
405 346
253 39
361 125
411 269
462 153
444 306
482 284
240 41
395 331
478 64
368 286
112 11
68 59
474 131
437 224
336 76
317 143
110 48
246 58
133 41
211 173
362 139
81 17
396 108
467 218
415 31
423 84
325 41
373 280
430 4
266 69
423 138
190 82
465 75
245 155
379 321
268 83
197 178
395 49
424 246
228 200
293 111
454 117
452 287
271 197
203 95
319 291
285 272
345 334
356 9
458 274
319 59
323 70
338 240
270 117
417 92
184 20
325 271
407 361
363 109
252 64
416 73
349 31
185 92
495 35
499 447
199 91
122 2
338 303
499 483
447 404
307 61
422 19
463 125
282 86
407 125
384 201
488 289
345 147
308 93
462 123
118 94
126 110
138 135
435 324
223 14
330 118
260 213
416 104
388 98
472 337
392 114
338 50
278 227
239 141
279 14
250 10
496 146
468 139
338 139
486 388
417 16
307 101
196 123
374 157
397 108
263 32
333 3
329 122
282 216
419 411
248 131
49 23
276 257
61 28
127 118
495 100
330 83
449 338
67 46
408 180
458 223
338 156
425 92
494 329
191 38
359 256
380 287
496 385
477 414
485 409
320 112
308 133
213 21
387 299
315 50
356 182
336 127
146 38
72 11
482 83
368 217
355 278
259 221
420 247
198 100
393 151
485 348
400 68
378 250
134 20
261 27
320 43
379 144
285 194
202 40
422 120
355 58
188 112
280 136
428 63
101 60
252 48
173 118
52 2
453 78
299 167
467 96
473 323
412 371
304 40
307 306
422 151
195 123
358 138
184 160
244 235
462 74
297 40
343 148
436 225
66 19
353 0
464 11
273 125
365 136
139 21
407 262
468 32
417 185
330 119
325 291
413 363
290 39
395 251
228 156
160 30
321 151
356 256
422 364
209 206
464 403
358 167
181 37
143 113
240 14
372 110
238 1
273 139
324 219
255 79
182 153
189 162
331 91
101 64
122 49
319 52
450 349
333 305
260 111
401 269
383 309
409 358
302 10
384 329
110 36
248 50
159 24
325 38
450 435
288 272
491 360
395 340
493 120
406 328
303 135
475 54
139 85
442 3
394 75
422 116
461 330
424 373
257 123
499 187
314 107
137 82
167 16
281 153
268 227
452 440
341 159
286 203
112 69
482 373
83 35
182 162
236 6
101 61
432 271
330 289
236 129
331 282
171 57
197 184
377 90
458 111
325 305
420 215
481 225
451 318
297 181
435 167
361 247
236 67
443 251
485 435
417 336
439 294
430 359
327 268
428 319
476 82
80 48
339 169
341 237
130 77
391 303
332 38
405 93
263 35
473 335
461 227
330 44
240 103
475 294
277 147
429 156
320 45
408 284
432 345
490 238
277 148
322 144
264 128
252 238
271 212
134 13
438 106
498 490
301 277
490 121
360 208
409 256
448 50
249 137
82 77
441 437
383 329
447 57
461 273
155 91
322 239
323 128
372 262
301 50
439 129
367 132
157 34
370 202
327 236
42 22
227 14
200 190
243 241
383 378
228 95
289 251
425 35
281 213
453 373
478 460
279 186
255 14
272 125
435 42
247 202
83 69
145 88
487 36
279 224
458 417
341 79
456 436
464 163
398 349
479 327
321 47
491 228
249 110
450 151
250 149
312 283
188 128
452 14
329 8
289 11
461 318
316 275
221 14
363 0
204 20
210 64
461 222
232 116
367 136
226 60
374 19
209 9
404 277
317 308
130 48
58 2
443 104
350 200
444 233
310 189
491 9
458 43
386 92
394 269
229 61
489 59
446 59
413 282
392 12
427 183
448 407
427 144
461 289
355 73
467 433
480 250
306 63
344 88
481 400
416 244
327 130
465 368
249 148
191 50
230 42
188 91
373 113
430 235
304 74
322 268
435 418
349 335
445 230
331 44
71 35
471 237
279 101
31 22
350 264
454 442
384 163
171 8
433 191
76 37
217 44
37 23
472 448
178 167
258 138
460 374
494 321
119 104
261 187
450 446
429 38
254 242
464 452
302 293
219 50
460 205
470 73
144 60
90 45
157 108
498 108
128 119
19 10
447 276
