450 1350 450 1350
297 201
227 68
411 402
424 380
446 371
317 115
192 112
365 353
233 87
256 7
313 273
315 310
27 10
408 132
447 413
372 292
423 136
327 27
200 23
181 92
384 63
122 7
218 42
68 40
316 78
63 29
384 301
209 109
311 41
264 103
380 210
324 87
253 134
67 44
391 369
86 16
446 71
390 278
78 50
208 149
279 96
174 18
81 28
437 11
307 284
429 288
210 83
389 350
442 180
23 17
407 112
51 36
357 345
308 31
340 216
430 196
376 152
443 323
426 294
158 148
393 113
220 63
133 68
274 106
258 50
101 78
445 391
322 270
175 116
380 349
165 109
267 183
342 192
57 41
340 45
261 42
281 27
364 106
401 211
311 305
238 132
50 47
389 354
359 17
306 289
292 124
447 94
203 44
429 251
400 110
435 276
402 354
73 32
289 202
134 129
266 118
374 6
68 1
438 351
181 156
244 34
328 13
363 64
347 272
143 50
291 113
259 99
346 106
317 219
274 257
349 168
265 78
402 77
314 68
378 366
408 20
439 2
177 14
432 123
270 189
167 9
436 292
128 84
296 265
445 339
336 328
446 38
301 98
126 20
144 108
295 25
262 74
259 64
303 91
420 172
164 82
415 56
317 169
313 235
342 299
447 271
142 62
104 6
378 188
177 112
166 26
235 101
423 94
260 237
182 13
292 43
319 170
387 135
98 37
401 21
252 115
90 73
240 120
427 56
371 237
276 246
387 369
375 275
396 87
377 179
310 75
245 99
321 316
431 29
91 2
117 95
344 269
313 1
244 90
61 42
185 35
71 29
286 283
116 115
306 292
313 253
299 137
383 7
332 123
444 153
433 280
175 123
276 120
353 242
369 7
366 125
130 110
187 176
322 228
182 106
437 243
339 190
328 232
208 96
217 95
336 56
65 14
343 338
321 136
416 7
400 78
435 208
172 19
368 25
432 76
366 86
363 80
375 362
145 144
273 109
444 405
325 25
130 54
206 144
446 217
387 357
384 336
376 4
379 248
388 116
156 139
107 86
422 46
310 193
233 219
304 55
95 73
66 49
418 396
347 194
199 99
145 120
448 403
360 293
225 27
198 63
333 286
317 232
110 26
438 388
285 223
252 88
344 331
160 132
128 61
434 26
217 30
269 245
357 351
378 132
361 111
365 358
190 37
205 203
358 222
68 23
209 77
357 147
215 123
52 27
429 168
286 153
57 19
421 303
322 112
358 51
276 253
265 256
270 215
261 61
314 121
259 155
398 285
139 107
280 61
301 215
420 370
102 42
310 218
258 143
326 93
326 274
283 157
415 152
144 64
158 14
425 222
230 85
138 123
115 30
377 72
192 181
211 5
362 185
378 239
242 56
434 172
381 62
438 204
258 166
238 131
395 141
432 290
242 226
349 297
151 105
377 190
373 83
370 176
326 117
234 192
321 292
348 288
340 233
350 4
329 137
246 53
216 176
309 261
286 240
178 100
303 223
384 192
440 34
333 261
38 34
22 17
347 274
300 276
20 13
416 411
358 243
393 290
253 218
402 258
314 140
395 198
240 86
346 304
272 3
372 237
136 58
335 238
402 106
318 58
182 3
250 54
351 274
107 45
435 8
411 365
420 246
218 102
374 295
362 120
132 63
424 383
429 194
304 74
442 273
422 376
340 158
411 155
317 259
412 346
365 323
439 230
390 107
444 88
179 157
406 186
372 113
195 179
442 96
436 111
366 8
188 178
317 76
266 194
262 28
435 285
319 256
381 9
217 56
335 219
34 19
334 170
145 142
404 47
341 312
42 29
372 180
187 89
412 172
282 216
427 122
231 45
368 248
413 289
443 276
190 64
320 135
223 165
369 346
186 156
290 268
256 20
449 281
293 32
309 211
441 305
405 264
448 305
298 90
421 319
414 39
441 145
363 238
246 70
391 341
424 399
136 74
125 12
441 301
150 46
436 316
344 30
152 83
424 307
402 148
384 315
296 166
425 291
261 258
360 125
310 65
407 334
337 333
407 317
343 304
218 100
216 61
218 11
277 14
368 105
323 44
362 170
396 286
284 133
193 43
396 111
254 215
333 125
412 181
213 110
404 99
383 336
339 105
427 270
311 21
432 23
333 255
69 23
276 121
406 16
247 72
113 57
221 86
338 334
222 193
426 210
341 282
339 157
303 200
300 222
231 174
247 239
415 120
316 220
445 107
222 0
351 24
336 96
285 159
158 154
220 169
280 123
321 97
417 186
414 60
270 103
233 20
308 253
254 196
234 127
372 281
449 359
195 193
216 20
352 302
386 166
409 245
25 6
304 288
72 28
368 39
289 166
106 75
278 46
327 98
367 237
303 4
334 159
236 203
323 147
160 158
184 29
186 71
403 3
341 108
374 226
232 90
388 308
124 106
138 79
354 57
384 162
417 395
402 69
170 83
415 113
154 113
368 85
410 134
402 387
368 92
423 299
306 94
406 296
271 239
292 212
244 68
426 319
236 11
370 227
195 152
422 339
429 418
447 133
427 240
84 6
364 124
279 115
252 18
92 83
69 47
328 240
415 162
76 44
350 262
41 1
312 36
75 35
127 120
420 235
244 131
133 116
438 172
382 37
289 105
361 95
153 112
80 74
391 169
312 172
224 138
81 22
419 268
414 14
361 328
436 114
378 230
151 12
373 323
309 147
421 365
217 123
387 270
251 77
174 170
346 280
119 95
264 39
280 235
436 9
294 30
303 50
409 96
172 4
105 14
328 5
207 100
401 109
445 28
230 206
422 55
331 121
139 64
435 267
229 200
131 114
274 123
230 224
407 286
386 270
200 104
393 81
363 339
417 296
237 101
198 92
124 114
301 206
393 262
262 67
213 71
430 309
392 322
306 192
442 176
398 117
343 104
346 196
239 100
334 31
444 415
292 261
373 351
384 229
438 12
272 215
381 253
395 354
364 54
448 415
403 337
333 155
131 118
400 371
362 84
191 166
434 20
326 63
373 126
254 176
148 76
247 151
292 3
446 417
399 40
276 135
409 364
372 133
383 101
267 26
318 252
264 216
167 92
322 2
349 278
168 92
392 275
278 219
296 237
412 150
400 169
419 285
430 357
369 64
225 113
379 346
432 185
200 126
190 137
315 167
444 281
109 57
307 109
446 167
251 240
184 105
348 240
396 32
392 389
170 5
371 134
216 193
382 318
154 122
423 164
358 335
411 12
129 36
207 47
333 249
381 339
340 295
444 90
332 163
325 78
395 173
130 8
409 54
437 394
386 87
319 37
175 131
205 51
203 23
164 4
383 379
87 56
149 118
438 293
349 207
262 71
426 200
175 93
308 229
345 317
41 0
363 361
266 64
168 166
155 105
213 138
281 61
266 2
237 235
229 142
266 109
345 300
422 265
445 279
381 231
132 114
409 204
367 235
379 360
386 252
418 263
124 74
250 90
227 217
186 157
433 418
277 177
386 143
15 4
434 274
423 135
141 22
408 92
123 70
374 106
264 114
370 280
364 296
371 279
439 424
445 189
250 242
337 302
211 180
237 46
344 327
321 3
424 393
437 122
416 52
179 82
240 52
124 119
322 114
68 19
229 72
320 191
302 136
285 39
386 274
389 72
136 124
270 265
359 33
343 156
446 352
266 159
365 348
395 79
375 179
364 240
441 177
321 290
130 101
260 218
315 103
443 178
100 3
309 275
369 33
397 248
85 55
365 257
409 395
308 51
420 287
298 263
184 39
367 280
363 203
445 48
338 127
374 59
274 264
227 182
429 8
248 208
364 218
375 233
405 330
171 95
445 383
317 86
221 17
256 43
415 372
76 68
200 61
348 305
323 76
325 295
448 405
394 45
324 35
315 160
82 4
429 379
326 182
371 144
426 370
434 247
363 242
225 71
386 110
404 118
421 398
219 158
376 213
250 228
80 9
330 136
441 8
427 410
439 310
307 292
112 48
117 11
448 298
202 148
434 278
409 25
449 427
409 347
226 170
247 157
89 37
285 111
430 21
244 113
381 293
363 334
239 38
392 162
160 157
334 15
417 40
287 84
349 326
342 101
449 287
433 396
368 10
361 177
344 133
289 44
431 378
311 108
436 125
335 44
253 243
397 194
398 180
303 128
210 134
408 113
400 287
294 274
432 216
422 194
114 73
329 107
188 34
408 308
77 31
165 63
430 156
337 191
202 157
140 7
387 9
150 129
205 47
173 14
205 123
444 390
366 167
188 158
335 161
339 180
282 250
353 15
339 213
325 210
435 92
326 155
204 169
112 61
172 151
357 241
322 171
423 151
66 19
322 263
385 106
365 165
357 238
339 150
432 116
254 75
449 179
405 332
182 131
175 7
397 12
342 323
288 239
418 279
214 178
111 88
214 2
258 216
366 353
265 117
244 231
277 227
216 105
284 100
375 369
148 128
245 0
378 91
346 45
381 349
309 106
404 92
381 333
418 325
421 267
279 238
353 254
423 11
414 302
368 290
410 73
332 65
304 170
393 28
359 37
253 100
265 250
404 316
186 177
349 228
158 25
345 227
75 47
288 79
234 221
401 293
318 270
300 203
206 180
317 275
410 231
359 216
288 99
204 40
418 12
227 188
271 131
404 205
264 179
214 25
429 26
361 93
366 135
291 236
222 52
319 221
424 310
322 165
257 61
385 145
285 61
214 3
178 32
432 44
155 53
299 77
316 156
128 39
93 45
429 355
418 181
406 176
250 230
364 45
286 56
417 351
393 203
308 60
386 174
436 346
371 201
428 147
271 1
235 86
135 120
375 244
396 7
294 91
365 297
256 165
355 17
393 30
187 30
408 138
169 13
121 100
256 104
279 119
270 186
303 208
356 46
411 219
164 98
306 286
235 18
377 220
270 216
361 36
319 124
440 300
263 118
45 18
389 185
244 32
345 130
337 81
362 35
290 115
280 167
403 197
448 170
276 263
387 260
62 8
362 325
209 90
92 53
360 251
237 78
346 20
128 26
355 325
331 5
308 139
224 133
163 53
20 5
109 45
245 58
318 201
109 1
391 48
386 217
292 14
246 101
227 158
424 401
259 148
286 144
398 26
191 112
222 146
291 99
323 221
140 81
230 108
323 47
167 129
258 105
389 99
259 52
231 19
275 20
399 240
403 142
215 196
178 81
370 67
203 2
333 276
395 251
75 70
199 91
413 114
328 9
419 59
240 127
444 297
304 277
384 280
341 273
381 89
104 27
230 191
365 27
371 242
210 190
410 272
127 94
418 274
449 368
385 107
174 139
371 232
316 187
332 71
432 291
326 300
128 48
358 2
401 115
314 73
286 105
337 48
360 63
445 399
126 23
387 109
97 38
381 44
230 14
392 130
190 46
271 219
421 146
106 73
431 399
264 224
362 222
163 148
395 333
259 154
308 125
321 147
128 58
236 80
229 87
306 296
370 255
246 55
308 210
401 50
296 252
414 129
365 18
122 32
333 328
338 141
378 240
427 334
142 55
189 122
361 72
336 183
307 35
274 156
336 127
153 13
431 253
339 119
433 133
374 243
249 155
328 10
263 61
367 282
440 331
210 188
204 25
363 222
250 0
270 150
191 40
422 132
200 14
58 46
327 275
435 301
220 8
285 3
177 175
385 260
297 18
400 71
156 75
413 178
361 202
353 149
367 181
68 38
179 36
229 102
385 133
242 186
184 130
170 10
234 138
391 272
326 262
213 174
402 275
319 177
270 87
377 308
154 33
377 131
364 134
122 90
284 107
277 75
179 72
220 211
446 16
98 25
186 132
434 294
264 187
381 40
385 33
416 229
214 46
113 103
415 136
448 308
265 6
172 148
355 112
195 42
245 223
423 163
163 0
393 134
427 267
266 179
264 165
415 99
317 210
398 156
325 181
437 387
374 77
365 184
205 89
265 127
322 203
411 210
421 276
398 92
181 0
170 74
276 84
342 174
96 76
277 235
189 145
373 229
357 231
434 429
408 192
448 124
302 140
134 18
322 136
341 107
223 64
426 236
317 281
159 39
449 222
358 223
330 203
421 257
86 78
384 13
320 25
44 1
236 55
448 4
345 294
336 333
289 102
350 28
272 173
428 423
142 52
265 132
429 58
75 53
115 26
339 125
212 203
279 120
179 28
312 17
155 119
218 194
293 179
258 169
406 331
292 231
181 83
275 17
383 344
388 204
206 90
403 149
430 367
125 108
62 54
322 11
440 24
368 86
140 93
283 183
368 106
302 200
338 14
449 213
385 262
72 45
277 180
369 190
351 245
217 212
192 175
199 75
206 153
259 56
183 25
214 197
437 180
360 49
189 3
427 75
268 193
429 375
437 390
301 254
324 276
195 178
93 60
438 279
437 163
410 388
348 110
339 127
442 414
428 119
446 271
128 113
374 219
198 75
361 187
436 341
418 86
350 247
410 31
447 178
229 27
432 245
374 223
312 215
435 233
216 157
431 247
115 85
369 97
397 21
100 23
424 215
253 28
214 210
334 35
446 227
296 24
285 173
446 109
202 184
116 105
396 266
131 129
171 63
175 72
70 52
217 37
376 295
398 328
74 26
381 2
204 125
400 22
104 74
310 283
320 75
259 161
400 369
449 144
363 188
251 236
435 378
151 150
337 4
268 105
354 37
294 159
143 31
396 114
260 217
421 59
448 351
398 391
399 65
308 241
256 236
398 387
350 3
260 35
264 241
381 31
328 318
87 61
389 334
441 44
192 113
235 7
297 218
175 144
122 58
254 175
417 218
190 144
396 252
365 17
137 84
441 337
298 163
304 247
355 52
225 14
352 269
227 226
330 280
402 254
421 400
289 121
109 69
406 59
336 264
225 46
236 100
371 12
270 112
359 119
300 122
228 149
380 212
212 117
300 4
370 254
332 235
352 255
71 4
396 153
167 143
290 134
335 67
133 33
406 360
223 28
355 10
193 97
22 20
175 17
407 258
202 62
290 131
367 54
81 11
273 46
386 269
336 246
210 137
218 6
200 123
177 15
440 21
378 177
325 181
76 38
446 102
326 183
173 42
417 389
413 45
327 103
297 142
333 138
277 187
248 236
285 148
305 114
348 25
247 97
180 92
437 431
443 133
102 92
104 0
439 109
343 170
284 94
234 4
229 51
172 32
205 53
229 103
437 121
208 76
386 25
334 73
347 46
367 53
308 234
366 186
411 116
318 136
403 262
359 193
383 59
308 230
310 50
353 352
354 150
357 188
351 92
248 104
396 356
431 86
277 159
377 100
337 131
263 134
23 22
436 172
403 397
398 81
393 8
201 142
247 81
429 73
384 249
404 171
252 173
171 156
263 9
293 114
165 35
432 40
431 225
421 53
360 183
280 110
47 20
74 20
258 29
437 365
279 73
448 88
231 155
162 29
317 266
434 331
337 321
272 102
203 156
395 98
320 153
131 64
252 47
387 293
391 242
201 135
375 337
259 257
86 56
254 204
362 239
118 4
136 133
270 38
389 263
225 143
420 5
211 77
363 131
400 309
102 90
36 16
227 34
369 320
360 165
166 29
381 288
393 279
296 103
189 14
397 119
366 150
239 117
253 105
119 75
95 83
293 97
216 108
260 210
417 140
118 82
86 75
437 369
438 69
136 66
371 229
435 60
157 29
161 73
311 235
356 302
59 8
114 14
47 9
111 37
378 371
367 212
323 54
207 196
424 131
438 80
414 374
296 55
383 302
25 23
82 16
203 149
336 196
427 399
417 219
375 218
441 19
429 125
400 84
181 104
419 293
209 153
341 91
290 214
384 109
158 90
204 190
347 327
426 120
245 28
311 140
446 262
243 119
145 26
234 2
407 393
422 395
447 83
78 44
287 244
87 76
238 18
441 411
362 181
273 38
330 313
74 47
118 94
349 122
418 257
422 63
316 196
367 85
434 338
223 138
391 280
259 65
279 174
263 235
423 80
103 92
222 217
275 67
314 143
353 46
340 190
283 17
312 22
349 33
413 350
235 16
397 225
259 162
166 125
376 262
289 100
370 233
420 245
293 119
120 92
310 298
128 16
307 207
269 113
266 122
336 276
355 130
333 90
427 306
176 43
287 237
232 18
74 69
360 129
434 318
382 173
274 146
372 82
282 251
383 329
448 52
375 298
159 104
212 30
390 355
104 16
309 60
351 88
380 148
386 333
378 147
432 83
96 85
411 347
126 109
341 85
278 192
426 382
271 14
234 76
400 344
218 149
312 95
273 54
269 243
429 35
396 301
431 118
277 5
409 208
201 117
337 300
215 83
285 15
408 77
146 142
354 257
76 48
178 132
269 110
113 99
225 223
383 346
101 26
368 293
411 282
319 82
268 79
58 16
172 11
369 307
342 42
394 364
233 120
153 101
368 6
319 270
282 81
373 290
436 203
396 394
404 248
438 434
129 48
355 3
409 202
364 254
277 251
255 170
123 16
296 25
368 132
428 426
278 129
307 120
438 116
328 24
178 66
350 194
152 54
330 130
314 116
241 166
412 393
311 33
110 4
348 253
302 5
185 78
267 152
430 128
341 331
269 226
272 184
194 106
201 184
357 189
320 316
421 315
307 112
364 58
344 95
354 216
411 5
204 147
371 346
320 148
324 147
418 299
105 86
302 64
308 44
236 150
83 68
243 100
372 163
336 115
179 24
410 251
433 318
226 58
192 98
344 163
441 284
352 24
418 330
407 294
396 305
446 264
387 130
121 51
313 211
362 109
141 109
45 5
268 2
160 156
344 62
273 168
438 208
438 132
320 94
143 27
420 16
314 230
216 185
381 347
274 99
410 342
259 91
89 29
330 84
399 18
249 64
215 125
413 94
412 185
381 88
289 60
344 5
356 44
24 17
274 39
286 237
386 267
282 14
375 44
362 289
398 145
148 104
391 346
422 400
157 63
409 134
157 102
62 34
222 10
412 175
395 308
215 213
317 264
272 168
318 72
446 371
226 223
441 94
440 224
258 227
95 58
352 306
335 36
212 42
182 21
337 29
361 97
338 116
254 166
307 281
436 353
447 215
221 30
215 136
181 40
308 193
279 46
366 281
434 404
377 343
286 121
366 322
112 105
368 157
207 158
96 40
33 0
216 45
347 144
314 285
182 94
241 233
390 312
322 85
340 63
164 89
135 116
230 7
212 77
251 134
437 46
403 254
265 56
310 61
365 184
383 331
322 27
379 115
397 343
285 83
159 113
138 25
126 3
336 104
361 329
379 287
297 7
343 139
356 344
369 36
288 208
139 10
365 103
295 126
269 138
284 91
364 44
403 396
109 89
333 226
277 112
306 86
373 315
190 34
348 157
244 211
448 253
364 92
209 45
214 69
422 95
329 327
291 121
395 358
261 138
397 214
141 120
178 40
440 177
399 177
233 108
337 153
387 258
112 102
29 11
278 221
300 281
135 130
205 188
405 384
339 267
169 115
153 37
353 84
289 193
418 326
269 6
381 372
249 100
244 75
332 311
168 68
445 51
434 326
234 212
431 388
146 8
107 11
297 185
388 251
384 301
366 214
311 289
74 70
435 111
177 171
373 38
428 25
397 263
390 161
251 19
142 79
106 28
397 84
249 232
171 94
412 320
298 122
276 154
429 39
304 300
434 250
397 169
302 278
350 220
91 49
311 109
326 94
306 82
107 102
379 288
372 307
379 266
212 21
261 218
387 56
151 107
444 367
419 125
200 95
435 90
298 214
387 243
106 71
324 166
324 251
341 228
315 162
55 54
437 366
417 329
395 279
446 192
431 393
323 39
400 170
386 347
349 251
372 4
433 348
364 180
392 31
95 22
332 42
368 47
187 141
418 98
362 334
49 47
392 237
173 144
254 27
322 310
288 285
289 19
407 94
368 89
231 62
432 33
252 141
132 116
441 261
258 126
358 149
391 22
348 91
396 101
148 20
438 327
268 204
100 8
296 74
416 350
411 360
427 373
88 47
255 86
335 261
357 239
407 286
169 144
417 267
86 12
98 79
334 1
370 348
360 205
381 201
305 251
175 96
278 216
316 69
299 222
262 22
314 152
382 195
297 228
279 245
418 316
430 2
210 18
441 83
429 71
376 209
154 39
274 134
430 335
274 58
237 60
384 315
308 93
260 151
433 129
183 138
426 108
421 380
125 92
421 233
245 217
416 322
230 195
252 4
378 110
240 65
434 350
304 287
358 128
197 85
448 6
293 251
440 308
339 293
393 244
379 237
81 5
278 36
319 210
64 12
404 161
314 44
380 221
293 214
184 117
375 282
277 121
331 144
247 182
101 47
444 215
136 13
344 327
345 316
336 258
322 68
273 250
376 338
434 138
411 147
281 278
437 175
416 11
140 5
106 81
180 118
377 3
389 356
369 95
399 144
435 221
436 191
328 288
417 330
185 15
446 182
390 346
447 102
355 320
447 419
428 375
402 51
115 113
293 5
275 27
357 257
333 31
385 204
232 174
238 195
431 108
343 120
207 147
332 155
400 264
326 85
225 212
172 43
192 79
131 114
338 113
266 19
315 203
294 5
378 19
129 63
351 192
379 60
314 215
387 216
324 291
99 69
432 420
382 62
300 17
399 185
292 185
249 85
359 101
418 394
260 17
434 231
215 189
351 202
444 89
290 187
404 312
339 80
278 242
440 393
254 192
411 304
279 153
352 60
415 3
271 259
367 283
316 234
286 29
446 129
235 64
255 183
441 188
236 83
39 37
111 69
86 23
431 113
365 147
188 174
222 102
387 105
372 77
393 133
309 117
350 124
319 144
379 151
438 405
171 142
105 68
196 140
109 2
396 258
364 221
294 22
408 273
324 6
354 225
151 100
291 92
192 58
170 157
382 260
441 29
375 103
333 94
219 121
226 102
325 221
162 123
300 245
220 143
178 2
352 6
338 122
444 331
291 202
398 133
408 254
416 347
318 140
327 96
151 149
176 77
444 177
411 40
290 14
370 7
260 208
253 203
337 255
248 191
255 75
320 226
372 289
392 117
304 191
290 244
210 165
314 141
401 374
435 166
272 170
405 395
442 143
180 6
433 188
204 124
332 129
430 146
340 182
215 146
216 47
81 7
183 119
279 127
259 239
337 259
341 103
260 1
284 145
202 93
423 316
321 84
146 68
129 114
414 299
293 118
202 158
411 324
323 75
149 103
226 118
337 241
274 231
394 308
384 0
391 361
256 200
302 255
247 63
369 206
372 115
356 206
264 128
214 211
272 246
246 78
242 160
366 169
250 155
175 80
195 80
395 151
291 82
120 57
449 89
274 157
447 101
233 141
443 135
343 276
250 104
306 240
76 66
395 1
419 389
273 18
269 42
218 57
215 63
141 116
295 25
256 207
18 15
41 17
396 195
440 357
170 57
305 200
410 272
270 25
404 361
369 65
434 76
95 76
326 37
342 143
334 99
269 28
234 10
176 81
219 23
254 128
197 138
240 167
332 277
298 183
396 358
241 199
431 230
393 97
360 73
347 173
394 38
340 167
393 59
420 128
116 103
357 266
127 105
235 177
402 378
435 143
261 69
235 133
270 213
180 87
229 175
415 250
363 63
397 41
417 413
449 365
321 16
145 64
347 189
393 130
306 174
278 77
363 139
411 355
404 275
382 79
291 29
388 101
100 49
128 61
437 209
407 376
376 9
373 133
423 200
230 63
410 126
408 210
429 219
209 178
96 11
387 375
366 173
342 273
418 10
245 106
377 182
124 121
360 225
176 153
342 232
50 41
99 89
440 293
357 156
344 109
201 40
290 34
183 163
411 289
368 34
384 199
57 26
353 29
372 91
226 165
404 144
388 334
358 224
350 200
383 202
445 203
444 44
400 216
347 136
401 134
357 37
390 30
341 297
330 162
113 52
289 83
277 181
336 72
406 32
276 264
423 402
42 15
134 127
206 55
280 89
270 130
416 142
176 113
387 100
182 165
359 5
413 383
129 51
146 144
242 7
150 134
367 209
440 219
447 228
329 318
161 59
220 73
286 160
312 210
364 57
220 104
246 157
354 0
164 156
192 183
338 226
370 175
415 259
82 42
113 57
428 272
399 391
268 259
316 183
162 122
303 128
271 116
412 299
209 104
23 9
361 179
448 274
374 324
367 225
336 69
236 208
173 128
176 100
248 41
378 318
191 183
57 53
271 31
402 241
162 50
228 3
264 92
283 179
324 168
228 16
184 170
375 197
407 206
413 65
367 24
143 6
156 7
404 54
187 118
397 107
418 358
295 264
401 338
425 292
420 413
