750 2250 750 2250
297 201
227 68
490 474
648 21
544 25
317 115
693 7
496 363
233 87
589 231
313 273
708 277
724 548
558 129
447 413
687 464
726 468
483 435
464 351
535 266
384 63
606 219
218 42
522 482
588 81
738 50
747 416
572 90
311 41
742 699
487 2
737 651
253 134
67 44
391 369
86 16
693 431
729 450
594 547
655 599
279 96
689 570
585 409
539 116
307 284
429 288
210 83
485 145
747 579
619 515
743 476
51 36
708 119
526 161
340 216
744 300
376 152
443 323
426 294
493 77
393 113
220 63
658 175
508 496
258 50
101 78
601 120
625 142
175 116
706 330
669 586
267 183
482 43
703 340
484 352
683 54
281 27
562 131
401 211
671 24
743 295
50 47
540 66
359 17
661 504
629 136
447 94
591 298
429 251
560 539
733 310
569 113
608 246
704 383
728 542
610 424
653 315
722 442
438 351
181 156
244 34
328 13
363 64
347 272
457 310
703 626
259 99
700 192
317 219
274 257
349 168
664 457
402 77
683 17
538 51
408 20
439 2
667 579
646 524
270 189
725 396
436 292
584 414
511 399
487 57
585 148
446 38
618 209
681 499
144 108
660 151
262 74
259 64
661 174
645 317
164 82
718 519
317 169
313 235
493 110
447 271
142 62
587 549
745 132
177 112
532 516
515 391
423 94
673 494
483 208
702 346
743 361
387 135
495 46
401 21
252 115
90 73
240 120
427 56
647 123
528 475
747 145
644 570
638 148
377 179
310 75
674 461
726 725
460 211
749 708
551 300
344 269
658 487
557 505
482 263
185 35
681 496
286 283
703 120
663 592
673 586
299 137
723 703
569 315
444 153
592 481
175 123
563 128
626 236
369 7
497 108
624 489
690 266
682 377
182 106
437 243
476 237
701 279
208 96
729 579
724 693
585 330
692 366
657 174
416 7
400 78
618 26
719 671
688 447
432 76
584 475
715 429
598 225
459 153
273 109
444 405
706 633
130 54
628 610
559 425
513 485
384 336
376 4
655 115
388 116
156 139
645 505
458 118
310 193
233 219
469 342
468 9
671 664
418 396
545 212
199 99
145 120
675 216
476 352
460 17
578 31
667 152
317 232
530 372
660 235
285 223
696 74
597 335
668 197
128 61
434 26
475 14
625 33
357 351
378 132
610 578
365 358
506 12
205 203
358 222
628 53
654 342
357 147
215 123
690 38
696 257
706 461
57 19
634 274
727 435
749 334
680 133
656 544
270 215
558 13
646 14
687 503
651 399
635 525
280 61
301 215
655 133
596 506
619 573
564 386
326 93
730 90
507 18
737 640
144 64
158 14
466 210
505 386
472 429
451 243
618 466
614 277
211 5
731 428
533 188
521 403
530 237
692 307
665 347
622 100
238 131
600 120
739 33
242 226
714 45
151 105
377 190
373 83
370 176
722 140
488 267
544 16
526 405
340 233
350 4
462 349
246 53
690 41
309 261
577 407
631 221
546 9
495 199
580 402
333 261
549 160
22 17
615 81
672 378
530 438
624 55
613 178
393 290
474 149
612 407
560 306
395 198
240 86
346 304
543 140
372 237
136 58
335 238
746 251
318 58
642 513
700 158
710 509
509 391
630 477
588 191
420 246
464 13
374 295
474 119
475 415
424 383
632 521
494 259
733 691
740 118
568 319
649 80
693 193
412 346
365 323
439 230
745 39
444 88
179 157
639 504
372 113
195 179
442 96
504 236
366 8
466 424
740 231
700 540
262 28
583 419
319 256
500 66
569 242
589 334
599 574
714 418
145 142
558 86
536 498
565 51
643 417
187 89
412 172
551 347
552 230
513 117
456 0
679 431
443 276
744 334
725 196
720 501
369 346
698 312
290 268
695 636
487 449
293 32
633 181
639 360
699 583
457 316
542 142
735 465
650 419
630 578
363 238
480 57
391 341
578 152
621 312
125 12
441 301
543 468
573 140
639 47
659 339
424 307
402 148
384 315
296 166
702 478
552 48
615 591
738 658
468 44
516 257
724 434
503 240
658 52
466 298
218 11
571 164
623 377
704 621
516 424
609 272
554 312
542 309
396 111
724 325
677 208
737 19
478 383
667 105
486 459
339 105
427 270
311 21
432 23
617 412
69 23
695 37
406 16
703 441
741 677
550 108
629 576
712 366
426 210
743 324
649 325
303 200
589 325
231 174
525 84
618 364
641 388
659 231
454 439
600 486
502 477
621 437
555 132
220 169
572 266
321 97
712 499
593 183
718 13
233 20
308 253
729 239
234 127
565 185
586 92
474 70
701 689
720 593
692 164
409 245
25 6
655 513
514 141
482 61
289 166
609 235
278 46
327 98
604 151
303 4
503 76
236 203
663 467
642 537
184 29
186 71
540 113
668 169
720 12
232 90
637 331
705 634
138 79
567 397
717 259
417 395
670 201
578 32
698 457
736 199
368 85
561 359
402 387
674 141
423 299
644 558
738 175
488 48
680 235
244 68
720 190
236 11
661 476
525 363
422 339
429 418
661 524
707 467
84 6
679 38
279 115
252 18
585 521
695 397
578 255
561 503
591 241
675 660
41 1
692 688
675 635
127 120
420 235
244 131
133 116
538 367
580 101
688 176
361 95
476 426
80 74
391 169
523 65
224 138
81 22
419 268
586 510
728 585
695 472
645 478
468 214
652 306
309 147
696 191
742 116
387 270
251 77
174 170
502 78
119 95
264 39
649 49
563 231
747 274
709 36
409 96
711 338
105 14
328 5
686 269
590 247
445 28
230 206
624 255
735 562
706 436
435 267
229 200
716 706
274 123
230 224
407 286
386 270
624 434
393 81
363 339
529 156
517 215
468 313
549 55
301 206
517 279
607 53
517 367
734 336
392 322
726 325
685 559
398 117
580 497
516 235
239 100
565 248
501 207
680 647
373 351
497 355
588 140
672 325
677 15
395 354
364 54
580 263
403 337
333 155
131 118
727 272
362 84
191 166
434 20
728 116
537 386
626 440
148 76
247 151
477 179
539 183
688 352
276 135
409 364
659 308
383 101
267 26
694 531
578 92
468 203
630 550
349 278
651 380
700 472
278 219
296 237
665 526
400 169
461 250
430 357
482 332
679 105
653 144
692 195
451 59
190 137
563 184
683 573
704 304
505 59
661 209
519 118
617 208
453 308
558 525
623 416
170 5
371 134
216 193
382 318
154 122
490 419
358 335
602 189
129 36
576 472
699 504
670 668
637 289
727 356
498 303
325 78
470 184
603 581
625 317
686 343
456 380
319 37
633 463
205 51
645 165
164 4
537 298
714 658
731 493
640 366
601 116
646 221
514 102
483 225
578 560
560 208
41 0
661 92
540 47
735 153
475 234
213 138
281 61
467 75
237 235
744 547
266 109
345 300
594 221
679 596
599 7
563 419
409 204
367 235
742 241
593 66
513 365
745 536
250 90
227 217
674 122
663 21
566 296
455 118
552 13
645 135
423 135
668 557
722 686
513 492
554 390
658 512
370 280
364 296
568 379
439 424
695 196
691 214
648 191
667 33
581 422
344 327
321 3
457 343
470 223
573 77
708 493
499 290
553 74
460 15
68 19
521 99
647 144
748 159
285 39
386 274
389 72
691 680
668 362
595 580
343 156
653 598
745 46
723 507
395 79
375 179
460 60
599 81
669 604
502 82
703 369
315 103
443 178
493 259
309 275
369 33
559 198
704 140
683 196
409 395
702 506
694 205
736 719
597 140
565 139
363 203
612 367
480 203
581 259
577 42
227 182
710 471
248 208
741 26
375 233
405 330
171 95
714 165
728 626
459 70
256 43
415 372
556 336
573 300
674 231
323 76
749 720
665 156
539 451
494 246
550 488
82 4
429 379
326 182
531 125
505 242
550 26
363 242
225 71
489 98
562 198
718 469
674 428
583 257
250 228
726 674
330 136
441 8
523 263
744 133
543 521
505 1
510 422
448 298
718 402
669 468
540 416
602 276
535 198
226 170
684 562
564 478
285 111
430 21
695 184
381 293
363 334
521 240
392 162
711 443
334 15
738 17
524 301
645 504
625 147
734 629
433 396
368 10
361 177
659 202
289 44
615 251
604 439
436 125
335 44
253 243
659 156
547 434
303 128
210 134
644 143
541 478
602 15
565 509
584 107
744 520
470 172
647 630
721 327
719 243
473 67
690 29
596 439
515 21
140 7
387 9
731 584
205 47
622 545
639 211
690 461
491 103
624 348
740 517
635 626
625 80
353 15
339 213
736 55
548 315
326 155
204 169
112 61
559 0
534 71
322 171
611 586
66 19
322 263
698 121
747 699
666 620
682 201
653 258
254 75
707 44
405 332
534 347
618 526
397 12
554 361
529 331
418 279
214 178
716 588
537 39
258 216
366 353
670 253
244 231
457 421
641 132
714 143
668 663
553 199
574 413
717 286
542 51
381 349
537 211
404 92
558 296
516 148
648 380
716 703
524 508
515 26
414 302
368 290
410 73
641 609
600 397
393 28
359 37
592 99
697 487
404 316
186 177
349 228
158 25
558 282
490 194
650 402
234 221
636 240
512 208
300 203
206 180
317 275
529 311
508 425
288 99
514 103
418 12
570 56
523 313
404 205
729 489
536 470
429 26
361 93
689 323
571 434
526 479
742 70
581 503
637 302
598 566
489 350
548 94
214 3
611 574
528 107
581 199
736 693
622 383
128 39
93 45
429 355
517 33
406 176
250 230
364 45
573 381
417 351
721 346
308 60
386 174
436 346
467 67
466 188
511 496
675 549
135 120
481 29
568 252
294 91
743 305
683 598
461 305
393 30
187 30
408 138
667 60
553 368
634 592
279 119
270 186
525 357
356 46
603 598
739 318
306 286
638 92
706 579
270 216
645 630
501 148
658 223
457 301
572 104
609 310
559 21
715 391
596 534
537 31
290 115
280 167
574 153
492 329
276 263
483 78
698 345
463 419
591 470
730 124
360 251
523 395
346 20
128 26
355 325
667 280
668 570
224 133
163 53
670 406
109 45
725 291
678 340
580 396
391 48
718 441
559 372
246 101
665 615
424 401
649 283
531 282
540 270
714 166
482 131
498 186
695 329
140 81
737 143
612 180
513 200
258 105
650 153
259 52
684 616
531 129
399 240
403 142
215 196
580 336
583 513
475 82
333 276
395 251
75 70
472 375
633 329
714 90
419 59
731 672
742 341
304 277
384 280
609 542
718 142
104 27
637 568
365 27
371 242
669 338
561 63
127 94
644 325
612 249
385 107
522 466
732 160
543 239
642 123
574 114
326 300
475 474
464 233
529 508
676 444
608 249
450 339
604 200
576 474
547 383
515 422
97 38
381 44
503 318
392 130
190 46
271 219
421 146
646 304
617 173
264 224
580 335
163 148
556 102
710 317
678 566
622 305
495 253
236 80
565 496
600 548
484 284
620 322
703 375
747 661
296 252
748 438
365 18
641 275
451 412
695 377
378 240
658 75
552 38
720 467
710 315
682 490
721 464
611 242
710 403
459 281
735 630
621 242
718 145
590 163
718 85
707 295
263 61
367 282
692 417
613 123
699 570
667 292
622 60
637 77
191 40
422 132
200 14
601 298
610 219
693 592
659 284
285 3
748 693
619 297
656 318
477 101
724 208
643 633
361 202
717 255
681 248
504 470
518 152
229 102
508 59
660 478
184 130
170 10
648 188
498 6
468 375
701 7
402 275
563 438
616 419
687 489
647 28
454 393
648 584
676 294
711 423
277 75
613 500
586 507
446 16
736 722
699 237
629 82
552 125
650 465
461 190
416 229
464 403
113 103
664 290
448 308
265 6
172 148
476 345
640 475
508 95
600 361
549 181
393 134
537 461
266 179
264 165
415 99
711 92
690 5
325 181
437 387
374 77
598 27
205 89
515 218
576 10
572 40
500 217
398 92
714 262
679 347
634 236
342 174
708 629
277 235
509 411
373 229
644 482
586 221
408 192
700 645
599 288
134 18
617 378
587 259
587 279
477 74
727 238
576 41
449 222
358 223
330 203
678 146
704 98
492 105
511 237
44 1
746 413
529 521
345 294
514 336
289 102
526 77
566 108
598 584
472 93
581 82
429 58
75 53
496 77
615 548
745 146
461 347
536 249
669 281
322 279
704 270
315 242
611 85
689 434
392 126
259 223
726 405
357 168
686 451
692 533
364 277
524 445
96 14
671 144
129 78
472 69
748 555
562 100
670 655
629 513
666 418
381 235
667 304
672 507
479 114
717 681
277 209
420 60
243 14
623 304
543 316
620 257
708 597
712 370
365 199
637 166
695 319
589 82
714 13
592 523
623 536
671 307
577 0
324 37
534 481
673 408
317 286
450 282
667 23
749 636
580 358
370 342
503 454
542 433
346 156
305 288
698 262
690 386
258 241
679 662
307 141
554 200
500 424
655 26
638 249
439 34
138 59
743 249
535 189
546 241
374 35
275 259
113 52
651 48
672 668
360 116
720 455
226 207
723 205
594 498
666 268
626 399
650 616
565 183
421 338
185 30
571 570
706 458
487 139
736 537
447 317
478 84
491 155
379 145
438 270
99 68
455 156
456 340
191 144
673 300
701 100
655 71
685 97
560 293
609 585
676 71
745 584
655 87
509 27
490 100
653 168
548 222
677 479
301 278
450 104
663 384
636 254
678 207
201 83
677 93
579 41
492 89
328 37
493 277
732 9
408 47
328 162
747 415
424 204
653 131
692 306
161 129
254 76
295 15
392 312
675 588
547 154
733 160
320 2
390 11
282 44
196 171
403 18
444 42
353 95
642 91
446 387
705 559
40 27
167 71
749 677
698 278
696 526
721 610
705 313
548 527
359 171
729 429
535 447
238 67
625 336
716 394
477 133
614 442
384 213
515 382
485 164
199 12
620 144
512 252
427 332
90 74
333 293
730 527
664 407
731 361
648 71
440 55
344 63
723 46
528 485
202 152
311 129
737 103
377 317
496 259
718 247
553 134
587 468
273 87
495 251
663 662
657 273
484 420
550 249
476 456
623 52
439 297
459 419
604 343
729 305
697 655
398 213
717 393
108 35
193 13
411 45
500 80
627 70
499 17
425 7
458 291
482 441
24 17
620 344
696 650
645 301
745 453
130 2
614 251
748 379
434 320
698 293
651 600
741 193
494 212
597 437
320 312
544 111
500 280
259 212
537 1
607 175
730 220
740 37
523 468
389 157
722 22
561 341
436 50
71 63
188 29
441 135
461 452
442 39
646 126
306 269
399 385
427 83
632 150
648 424
303 123
674 181
484 455
579 64
238 151
449 44
544 380
688 147
245 222
612 268
676 448
615 440
730 89
355 248
665 322
668 610
645 363
510 477
672 634
718 92
553 497
630 401
623 151
355 223
356 349
544 314
467 174
638 105
149 84
661 649
117 86
570 535
267 37
744 710
279 104
613 170
569 180
668 255
679 239
600 128
615 563
321 272
575 258
726 377
400 96
741 420
195 5
333 301
698 531
524 257
357 165
720 327
614 236
655 392
525 140
607 494
665 561
544 150
484 457
551 315
355 213
285 240
610 554
583 555
466 449
169 30
373 343
240 26
383 53
621 546
647 373
465 91
506 473
302 168
453 76
418 82
372 30
669 299
723 576
547 227
322 235
487 330
618 141
737 417
453 402
524 377
331 203
747 564
654 607
536 227
453 97
296 268
488 41
455 269
610 362
269 227
534 316
276 73
535 388
227 121
514 260
534 206
294 116
457 332
293 207
529 456
654 407
739 562
205 110
468 326
669 625
583 457
527 24
571 466
657 283
700 552
629 437
245 156
289 242
424 29
706 578
219 43
725 634
737 387
612 312
719 675
545 272
379 229
476 33
740 466
178 8
424 3
582 513
246 200
620 526
553 420
491 149
659 492
553 53
563 547
549 282
684 578
112 23
615 43
697 506
350 174
680 198
566 221
510 371
681 236
519 389
292 26
551 19
328 301
337 170
590 132
625 84
745 50
484 230
654 277
597 307
273 249
113 53
280 251
521 64
497 191
217 122
343 305
741 237
307 58
475 161
587 375
182 165
499 393
562 402
227 126
565 365
200 100
345 29
577 328
639 445
295 126
542 45
313 213
465 97
408 295
515 155
376 268
408 240
265 148
545 460
556 131
618 313
729 238
704 252
426 271
675 395
616 42
164 148
284 10
718 253
606 233
720 500
748 266
686 600
636 374
236 13
631 552
297 261
255 189
562 539
568 47
647 259
564 218
707 397
111 50
530 523
553 60
201 166
686 527
336 155
662 213
486 203
481 173
722 635
733 530
555 115
641 114
674 200
725 320
336 144
299 196
192 54
461 93
548 236
576 34
494 332
441 37
366 52
197 4
208 79
401 242
423 354
608 93
510 249
342 77
104 87
301 233
405 294
403 247
737 231
100 38
683 357
439 379
745 365
336 52
213 190
679 173
430 27
441 329
261 99
656 63
648 50
688 296
233 30
415 158
728 255
711 449
233 180
538 492
391 302
361 55
341 77
494 159
335 298
631 515
503 218
243 214
393 32
460 250
125 78
690 588
622 537
554 204
420 74
741 190
577 69
111 73
682 305
391 22
163 121
382 235
323 220
263 21
419 108
58 6
305 60
578 399
605 156
361 201
500 90
543 217
415 216
405 366
437 247
668 324
428 366
566 226
671 101
540 89
576 81
526 132
580 138
433 248
421 21
508 164
738 117
412 74
711 710
729 235
719 457
415 146
574 11
693 500
103 76
192 98
628 36
173 95
480 163
440 203
424 233
342 146
261 24
733 118
83 36
668 90
521 209
566 152
697 49
582 3
466 284
570 201
737 347
566 169
265 102
671 266
712 195
712 503
494 4
283 44
294 169
678 677
657 579
738 411
472 428
266 220
289 200
456 363
701 176
582 463
280 276
554 337
679 208
517 287
334 52
347 57
743 44
577 516
563 437
722 291
745 679
557 349
741 567
659 160
677 328
536 180
657 98
504 116
381 272
509 317
536 267
589 406
190 180
408 242
632 255
724 30
326 60
393 142
410 27
173 17
313 12
382 39
446 418
744 74
661 400
343 276
321 196
406 259
660 124
619 373
275 42
338 32
606 54
669 294
553 513
564 554
130 117
207 15
694 149
404 88
741 532
707 378
745 646
740 614
749 123
463 386
407 91
584 388
692 621
537 25
205 14
173 25
745 441
280 255
343 218
510 15
731 79
526 525
185 96
502 339
482 472
356 163
723 396
438 257
374 332
673 495
572 70
623 62
352 220
600 249
102 38
114 61
448 69
45 40
581 145
527 279
353 144
722 228
525 375
585 88
144 122
581 171
137 18
37 33
487 430
537 158
339 139
530 81
398 381
464 460
256 222
374 365
229 86
600 568
314 25
611 599
748 431
450 228
278 200
728 349
74 20
646 388
518 44
672 169
187 67
658 601
744 27
175 67
649 571
119 32
527 191
480 435
505 380
550 281
712 68
561 560
657 320
735 137
521 519
655 496
357 71
534 440
673 82
278 237
32 23
504 291
413 377
632 356
262 116
599 300
487 177
375 88
245 98
571 291
670 60
450 316
694 502
492 20
741 411
685 188
516 456
251 160
146 48
371 24
549 510
518 505
369 273
734 105
484 432
659 113
224 151
716 405
301 188
631 570
744 299
591 103
464 92
129 66
396 209
402 205
686 497
578 352
343 228
567 276
404 73
657 524
610 448
547 289
576 156
387 49
620 309
645 140
360 48
744 437
568 534
554 376
736 106
649 186
197 146
324 261
426 276
488 371
590 463
497 70
684 19
730 179
527 312
714 226
442 89
467 221
575 529
168 102
323 169
330 249
728 352
170 149
468 406
636 83
398 254
724 451
414 100
279 249
402 285
185 19
685 621
665 490
740 472
485 242
438 126
472 266
454 451
638 332
271 34
545 156
572 282
551 424
63 33
639 494
591 118
310 275
642 288
618 559
295 186
619 255
695 582
123 83
562 488
343 331
503 322
155 42
724 668
681 179
374 327
691 343
519 278
592 490
546 513
630 236
302 81
328 251
560 48
260 118
378 87
467 222
473 147
579 46
700 245
608 191
499 296
590 513
389 66
382 214
97 44
530 405
677 304
665 268
535 304
467 10
453 105
181 46
727 403
643 117
630 411
537 139
662 206
691 66
716 648
130 128
712 341
719 583
544 59
665 170
675 593
537 73
611 178
535 362
676 54
274 83
564 119
530 25
501 325
295 44
560 448
445 158
327 7
487 268
708 61
693 677
554 159
666 440
690 605
340 164
637 518
439 291
679 426
504 476
564 159
651 506
617 85
638 130
385 101
318 268
708 687
132 105
310 203
457 269
437 427
519 179
691 211
709 123
437 149
564 249
734 614
270 234
279 243
695 319
500 1
505 503
659 478
716 510
557 350
376 148
445 389
325 277
391 43
654 642
607 42
687 570
669 172
552 167
563 519
355 93
725 637
666 84
524 76
628 160
571 436
713 367
560 154
606 243
663 150
729 629
106 3
501 50
298 57
565 473
543 335
503 272
401 102
453 247
742 729
719 332
317 238
662 202
692 305
585 314
715 278
455 288
693 546
665 398
542 55
702 269
617 475
342 228
708 620
237 167
432 25
703 216
181 17
486 247
737 341
359 27
689 163
641 446
658 352
477 163
522 370
460 369
528 410
740 192
630 594
694 519
576 342
710 297
570 345
556 166
207 195
320 123
729 423
214 203
261 228
267 231
415 318
544 434
599 248
634 603
723 252
413 236
316 77
716 369
351 131
698 314
615 427
552 227
518 478
322 239
403 375
646 399
725 69
427 227
329 244
749 585
686 372
398 338
336 294
711 532
170 29
285 77
590 359
166 130
597 455
378 324
512 467
319 276
251 240
629 404
609 547
557 297
672 245
734 302
509 172
500 449
401 141
507 217
460 162
439 301
697 89
687 340
208 80
620 39
705 409
567 559
209 70
469 71
354 58
139 97
437 57
250 110
500 415
516 237
646 471
134 21
655 104
411 202
204 12
740 339
526 475
697 1
724 41
212 201
609 74
476 189
586 260
575 326
536 196
469 226
699 343
433 226
143 32
653 650
543 348
622 206
241 86
501 15
594 462
680 477
639 485
696 571
517 287
589 545
518 261
509 315
516 39
432 152
567 330
590 222
460 352
654 617
452 384
585 466
682 528
351 241
482 361
402 180
366 186
339 222
247 138
297 74
370 359
698 690
579 356
231 184
710 144
745 245
708 695
314 38
593 294
579 577
645 151
266 87
230 222
581 476
680 597
529 17
454 313
330 318
676 285
642 294
588 30
297 250
741 669
657 332
734 52
500 270
716 305
624 555
528 189
425 401
340 293
696 458
641 28
177 69
747 415
589 334
483 358
461 184
343 291
391 261
361 268
589 325
580 450
677 336
503 423
730 189
578 211
557 32
676 487
446 43
645 489
743 446
561 339
102 47
307 124
557 109
359 157
121 40
399 314
707 380
190 20
193 28
672 510
594 589
741 547
594 229
740 577
646 436
706 162
662 639
472 383
621 426
553 330
574 135
171 139
418 275
412 307
558 455
167 139
735 467
715 392
298 114
609 164
721 110
327 204
616 486
269 268
625 437
492 116
637 395
584 31
58 11
185 160
675 435
693 520
234 108
692 181
727 455
654 452
457 423
417 270
496 215
706 208
735 171
360 277
713 295
93 19
524 237
569 138
362 55
307 183
742 548
133 27
677 273
550 162
739 324
457 300
643 385
312 294
446 11
488 143
379 112
317 155
491 324
132 63
160 116
616 230
459 216
663 511
274 111
444 28
582 337
492 400
736 240
500 396
425 351
666 19
355 280
530 476
245 222
377 210
525 328
471 103
675 216
213 32
106 26
400 356
720 442
720 436
375 295
354 76
654 557
235 214
632 475
678 62
568 305
405 77
734 403
407 173
546 238
478 133
77 70
557 438
601 336
735 239
597 515
605 276
204 100
89 85
610 418
385 148
685 50
697 574
478 188
560 161
479 312
207 93
413 310
742 667
561 332
656 401
381 135
585 28
718 605
397 133
458 230
365 353
564 7
749 139
172 4
329 129
744 108
608 275
424 2
735 40
694 556
410 367
490 352
403 324
617 153
571 99
398 156
446 66
705 461
525 365
380 40
446 290
568 497
393 256
730 181
717 25
727 50
683 199
249 160
674 100
619 384
700 402
650 267
462 341
111 26
319 32
36 20
596 86
264 148
133 106
524 272
517 199
713 122
560 245
427 118
422 55
556 256
448 266
152 62
552 54
362 153
710 356
311 167
361 100
306 283
693 125
340 156
402 69
554 387
524 502
489 63
338 194
725 303
283 120
474 413
489 141
668 238
290 71
251 76
598 14
367 254
601 4
444 400
359 311
195 191
531 240
722 546
538 19
682 198
387 124
360 85
331 158
560 75
471 406
741 522
567 139
396 359
673 664
675 68
281 67
280 252
172 103
262 26
503 490
449 300
211 87
698 396
165 36
521 98
421 338
664 332
700 602
687 285
443 254
723 374
399 153
374 318
650 103
645 222
231 36
393 158
583 289
709 227
337 159
546 454
563 112
695 317
615 116
735 172
315 148
702 422
335 257
671 302
675 447
723 94
270 121
189 159
739 286
277 223
256 175
516 292
449 278
238 143
623 26
463 164
312 277
312 247
431 163
390 294
344 124
393 269
721 301
109 83
589 22
645 243
404 388
609 297
429 3
192 86
463 75
615 119
703 387
622 512
470 17
343 92
611 242
145 40
329 68
619 278
381 313
745 47
488 156
614 298
570 450
456 350
393 98
739 321
560 521
659 273
210 143
558 421
474 132
452 402
605 12
639 566
697 108
182 163
663 486
406 350
679 274
347 220
348 233
448 352
434 360
684 135
637 206
36 28
455 193
376 143
242 172
652 265
721 479
702 293
587 56
699 654
396 107
494 101
647 610
706 572
733 301
588 221
683 285
436 285
246 129
231 73
485 59
362 15
465 174
374 236
631 109
679 117
250 63
708 560
257 117
293 202
675 175
594 28
55 23
597 177
588 499
461 45
446 287
628 552
401 9
600 359
458 293
553 43
668 563
615 536
292 278
288 145
603 173
637 440
232 107
382 100
734 606
590 46
356 272
553 375
307 109
548 96
67 53
515 352
520 240
562 380
418 236
673 88
442 435
141 72
578 405
636 401
356 291
438 339
435 92
590 51
424 412
180 82
605 481
243 236
143 121
562 237
281 84
283 186
191 179
517 267
321 49
559 435
647 337
424 346
387 138
679 229
657 371
592 258
578 567
729 681
189 27
485 159
584 133
219 35
186 43
293 119
283 156
446 445
503 309
296 215
653 395
319 23
734 291
542 348
219 143
680 361
115 63
648 129
630 163
293 278
623 39
350 79
548 192
737 564
525 98
737 457
161 99
414 187
478 27
583 217
710 614
368 19
424 62
476 3
562 369
722 118
261 36
481 172
722 137
706 462
443 102
708 543
78 17
535 158
724 443
206 181
395 13
738 582
424 352
556 264
668 656
534 403
538 254
679 392
312 87
631 618
374 177
533 357
444 183
640 73
416 202
442 86
675 321
157 35
503 332
737 311
461 299
206 188
622 398
745 95
515 265
709 194
583 271
716 86
688 307
655 572
488 453
705 579
557 26
369 40
724 493
411 112
599 330
226 222
243 135
79 61
543 494
582 475
332 27
739 218
596 387
551 188
671 9
581 340
201 99
704 570
441 423
629 602
170 135
357 209
447 222
331 288
387 360
199 172
199 72
678 137
729 173
336 0
583 461
570 7
459 375
703 207
615 9
593 130
636 267
743 569
669 6
706 190
749 107
598 378
704 635
545 437
444 365
721 39
729 441
621 609
571 457
293 249
738 658
229 190
465 442
726 505
120 6
404 129
527 143
449 371
405 100
174 97
461 271
229 193
645 75
572 1
553 282
319 16
574 572
675 347
241 203
672 34
463 223
533 361
749 280
618 610
473 4
678 55
383 302
340 202
714 693
552 361
324 131
440 112
620 501
731 432
595 110
560 116
486 94
408 34
717 612
471 225
539 161
701 336
567 172
658 586
265 141
302 126
731 415
269 32
120 50
346 68
614 352
654 18
435 278
631 333
289 137
697 549
192 4
587 545
164 5
716 3
386 14
616 278
719 615
120 30
605 437
690 330
209 150
487 55
609 479
681 504
656 229
272 120
185 71
535 51
393 381
600 224
340 249
558 390
672 636
712 398
661 501
544 49
176 69
444 168
506 3
179 158
662 561
557 415
316 237
638 150
420 143
618 431
344 336
329 39
700 570
536 276
278 104
402 50
389 24
583 234
549 132
482 112
537 465
643 290
313 252
103 35
498 336
650 353
258 108
657 219
372 160
663 562
288 95
170 114
287 176
292 143
700 385
247 105
319 28
746 84
383 164
699 16
654 85
587 496
490 349
697 207
436 73
507 76
643 341
516 267
704 645
274 147
458 130
419 149
367 49
494 285
608 15
667 480
558 38
636 212
384 160
185 125
531 471
584 547
147 79
284 198
194 85
699 419
412 56
476 10
610 304
626 351
605 367
679 420
307 187
749 520
557 403
676 254
359 346
719 482
746 635
379 267
302 180
49 14
575 138
644 291
413 100
625 554
729 168
698 554
708 50
478 96
578 317
638 47
556 181
439 72
640 328
548 513
281 38
177 4
358 110
518 479
482 27
362 325
622 65
636 243
656 194
702 377
731 208
635 257
592 321
274 85
481 420
423 170
604 415
593 193
276 32
716 678
549 209
535 248
429 105
453 105
263 99
180 76
285 164
246 97
721 328
189 153
735 548
317 147
645 297
624 577
358 83
724 65
441 255
693 519
442 375
575 523
576 87
379 93
614 413
557 288
664 331
356 254
686 13
644 39
449 388
366 60
668 431
496 98
389 218
531 37
319 40
544 395
689 397
263 166
80 23
510 75
710 557
445 444
559 478
505 372
336 285
673 215
694 508
457 111
619 541
537 136
379 320
536 296
702 218
706 592
579 126
322 22
388 172
37 5
692 619
385 71
628 382
212 99
670 602
310 75
503 183
652 529
316 125
483 224
574 304
197 24
343 313
680 170
604 426
434 389
671 396
633 237
296 271
720 337
546 61
726 404
623 52
266 32
558 103
588 265
644 245
497 452
654 371
626 24
344 206
401 139
60 44
210 70
414 308
281 273
542 287
633 114
646 136
277 70
483 480
291 27
463 107
629 177
610 149
507 156
468 465
323 246
256 21
729 100
597 531
664 71
604 0
665 193
339 282
144 40
566 555
437 286
684 214
699 434
351 164
503 296
641 54
641 287
548 392
368 271
312 298
431 345
563 266
607 249
452 187
715 456
486 134
260 57
234 37
450 62
606 269
652 442
605 324
511 484
642 60
290 46
583 307
172 166
627 307
683 56
588 7
482 438
567 36
494 298
382 354
640 452
700 671
439 172
616 188
681 99
692 430
371 108
99 34
493 277
569 206
620 306
522 284
474 83
515 281
275 155
398 218
627 364
392 222
736 301
476 261
730 180
356 206
723 721
726 278
542 288
719 652
354 278
677 121
333 15
720 468
501 47
713 616
674 198
178 32
652 337
600 358
406 249
592 388
575 417
671 77
421 407
493 381
531 15
527 103
473 317
606 342
328 128
492 264
615 574
485 228
601 91
681 567
379 134
696 392
336 212
655 187
448 172
441 32
326 0
734 5
579 430
495 487
401 148
655 212
527 195
234 134
595 7
380 276
695 330
602 421
73 23
466 169
360 12
652 617
82 64
291 26
623 569
572 6
656 42
100 85
126 68
513 211
417 55
212 169
398 191
424 324
681 11
645 539
363 104
442 423
561 162
581 241
488 384
525 267
677 438
732 416
294 282
591 155
434 320
334 232
734 649
385 186
608 533
272 236
545 499
629 159
217 124
712 388
279 161
191 146
548 443
708 327
708 217
440 432
690 591
500 200
544 364
386 176
544 541
395 360
742 640
510 382
553 293
712 223
453 295
472 250
596 357
228 53
234 27
202 52
433 360
536 52
651 416
217 2
398 326
243 225
663 65
624 318
439 433
482 436
443 108
587 389
330 98
531 391
680 205
548 174
142 141
328 10
555 231
344 175
387 379
394 254
669 215
493 482
678 158
602 168
529 302
625 373
499 167
694 365
655 481
724 131
654 558
487 213
539 507
517 319
635 234
537 61
141 9
379 145
712 333
628 322
348 64
397 26
749 638
291 194
370 337
240 199
651 397
742 717
664 254
736 111
524 314
550 270
720 467
553 527
667 258
271 34
585 367
175 150
466 112
22 12
703 252
725 715
645 177
614 449
473 376
367 78
581 521
327 304
673 90
567 212
132 99
499 34
628 347
182 39
464 22
578 331
454 71
372 190
466 286
678 409
381 162
703 373
579 343
110 89
721 214
737 166
494 74
726 544
671 322
110 56
215 120
413 203
603 82
219 148
543 87
603 141
398 197
724 224
206 128
617 522
657 443
607 164
581 311
665 591
604 428
71 4
553 130
25 0
404 401
744 590
734 270
607 43
376 305
538 527
688 576
429 338
387 347
713 563
690 625
315 61
458 267
61 0
267 245
706 163
728 306
702 536
421 327
348 105
261 128
686 443
224 222
735 190
253 21
641 543
633 67
187 7
353 209
270 254
448 134
662 429
702 129
617 8
713 689
605 352
621 593
694 3
78 31
167 91
642 435
352 1
108 104
428 180
403 154
427 134
746 441
601 200
534 282
421 283
184 29
186 155
446 10
354 294
594 440
600 388
411 243
555 553
593 440
409 197
601 146
538 492
120 60
601 80
340 84
658 223
349 340
408 101
528 136
744 21
174 83
339 275
490 361
502 76
227 219
491 366
709 232
666 398
548 339
390 215
563 550
514 243
737 304
161 42
624 470
616 519
157 118
728 514
735 249
416 360
428 269
695 514
445 274
459 388
93 31
595 349
328 93
411 156
605 245
715 213
506 448
203 7
514 241
554 344
482 81
602 132
662 112
672 655
543 57
427 59
295 154
401 198
390 90
17 3
601 540
646 188
664 649
311 40
189 29
588 127
501 379
607 538
548 474
696 589
705 674
307 253
620 556
731 288
412 274
710 354
642 111
428 29
538 291
711 586
646 37
636 462
739 346
615 543
688 659
496 222
519 62
717 510
337 302
452 385
722 369
623 606
575 396
287 21
538 507
530 151
534 451
212 56
292 268
687 193
92 66
374 329
228 9
733 214
651 189
574 569
671 144
427 184
555 9
445 279
509 47
370 192
517 80
511 413
285 91
474 422
373 178
659 181
598 88
644 575
425 172
543 540
544 489
233 6
643 39
717 357
607 362
109 61
722 3
609 173
736 338
497 458
263 68
651 315
642 388
560 140
379 2
42 24
530 92
574 182
116 87
556 430
345 144
667 190
515 203
431 289
732 626
66 5
667 348
347 101
598 15
375 181
670 556
170 146
697 156
408 168
600 459
425 118
578 426
349 187
359 258
593 334
547 474
704 595
212 86
466 192
519 447
564 15
460 86
289 62
627 422
263 23
550 182
700 180
713 13
129 106
151 139
401 330
597 325
680 527
350 31
373 370
366 28
358 21
364 315
566 436
622 519
393 308
608 443
676 577
113 63
642 112
647 183
349 117
317 132
733 310
305 56
582 404
626 464
695 194
509 348
258 219
638 193
620 404
559 346
575 59
524 475
400 85
718 690
364 342
418 196
585 350
452 309
681 278
160 157
190 138
686 32
619 605
233 222
199 84
718 465
698 31
462 89
440 357
522 304
229 170
273 6
463 270
604 520
554 92
358 97
511 293
512 350
526 198
413 402
731 95
423 310
263 60
741 176
146 67
452 130
182 91
662 388
493 209
713 459
571 463
492 78
595 398
741 322
484 358
691 418
289 139
566 41
667 511
588 530
658 124
600 123
410 110
631 423
151 11
73 13
359 298
728 561
372 344
231 80
425 234
490 432
683 515
700 92
705 477
577 396
469 341
283 162
706 136
505 82
600 434
740 184
565 543
723 116
652 277
251 86
555 408
720 377
204 165
447 169
541 21
642 204
314 64
562 212
132 45
595 289
689 507
424 328
187 135
692 540
685 487
681 569
492 304
363 98
714 479
710 172
601 377
452 21
99 89
531 387
95 11
343 256
381 143
352 326
293 153
520 123
617 502
374 233
461 405
439 90
650 189
622 279
745 147
272 118
599 419
322 20
629 145
670 517
678 30
738 84
613 54
666 432
513 197
447 111
621 296
323 222
644 579
354 152
358 246
295 62
608 595
635 68
577 428
394 20
166 159
346 195
665 589
471 411
274 195
690 673
241 206
460 351
233 84
475 257
265 232
573 526
651 95
351 130
436 413
682 659
596 374
526 428
188 108
684 335
460 211
544 244
583 242
420 220
336 233
701 660
558 462
411 182
530 74
54 42
227 25
470 425
600 494
599 122
659 248
639 272
653 600
442 19
229 214
583 49
643 296
744 223
270 199
364 80
661 299
490 55
682 20
526 226
649 75
701 628
490 89
695 337
641 269
294 27
451 117
354 205
668 230
367 148
569 314
545 130
641 471
742 621
627 256
155 10
497 408
606 413
670 100
664 39
749 540
235 175
725 587
660 45
429 280
274 102
438 254
376 337
376 225
337 80
436 45
670 111
739 238
608 164
414 197
668 479
738 50
588 474
431 390
230 167
730 281
498 113
527 106
539 317
722 445
326 19
600 370
686 125
516 373
731 302
300 93
425 110
213 139
444 407
273 120
637 105
69 31
369 288
221 121
556 279
555 456
452 333
308 23
626 9
643 347
238 93
334 270
509 357
705 515
399 225
622 164
377 287
505 162
562 174
698 578
652 437
733 315
595 409
405 28
643 592
470 301
479 423
472 115
356 70
131 38
514 38
680 70
456 60
740 592
590 166
188 66
480 319
598 115
542 524
306 66
459 7
300 142
556 270
675 234
538 473
135 14
424 310
316 76
478 393
357 350
333 61
323 119
721 666
534 222
685 504
534 279
734 281
410 375
392 268
463 103
718 448
515 431
459 52
200 74
408 326
664 381
578 57
672 260
280 250
548 352
656 235
713 141
706 57
224 92
530 522
45 43
635 317
360 159
438 306
423 224
237 133
472 90
529 512
549 0
342 125
407 201
336 232
652 28
716 385
586 237
538 207
568 120
669 115
675 597
727 533
577 225
613 365
449 30
691 89
66 53
734 407
441 155
129 15
587 54
551 347
576 406
428 397
70 32
438 364
663 172
189 175
437 302
9 6
695 191
390 118
531 445
735 269
480 464
353 129
713 345
161 114
557 33
585 247
705 301
527 492
695 401
685 631
559 503
575 513
423 109
461 22
76 9
650 33
731 154
745 192
702 661
365 7
263 45
679 105
651 123
536 60
531 421
345 106
734 495
522 340
359 153
400 249
512 290
198 91
700 317
651 232
673 109
220 153
433 157
520 148
172 160
720 219
580 283
319 107
241 48
186 7
737 688
613 218
514 493
372 270
194 168
720 226
660 655
518 265
455 119
552 190
696 486
708 414
285 84
518 290
608 532
375 264
748 464
391 120
536 114
477 144
518 262
728 47
260 18
336 267
416 414
635 515
98 38
679 261
525 453
213 200
684 569
217 39
606 431
641 0
580 144
713 550
664 273
339 170
549 365
122 69
386 107
440 47
509 412
131 129
272 256
419 187
380 41
694 341
655 162
153 92
570 60
294 85
381 30
732 466
715 451
660 291
653 412
303 83
522 15
205 156
201 163
415 339
702 550
244 139
329 257
627 86
227 143
285 186
544 221
531 443
391 288
635 181
654 577
723 439
640 514
484 380
727 275
192 3
517 498
354 329
497 41
559 53
421 247
605 275
611 453
577 72
268 214
743 640
394 21
692 58
499 338
533 112
381 263
736 15
476 98
341 289
732 247
419 219
698 89
589 249
632 15
307 229
671 634
695 205
312 197
679 389
591 28
314 84
496 231
621 23
678 2
655 546
718 45
417 362
267 157
193 80
715 468
306 267
143 1
619 455
545 105
470 157
403 62
695 689
405 291
522 5
411 236
676 377
266 230
103 62
665 608
310 272
492 44
259 119
413 252
677 36
498 249
254 3
679 394
348 85
440 313
368 242
738 609
518 181
584 282
267 147
354 53
324 142
724 249
451 79
378 88
301 29
512 370
490 439
620 326
584 336
278 48
716 260
666 596
718 489
645 11
534 184
249 87
609 446
624 241
668 213
54 34
480 27
737 85
498 453
171 58
646 564
475 15
498 465
546 364
534 178
214 171
378 354
192 128
624 387
535 447
574 296
557 256
585 468
656 512
495 494
222 154
308 208
711 363
139 138
317 205
589 274
672 526
519 168
436 57
337 248
