250 750 250 750
182 54
227 68
85 23
247 220
228 215
231 192
192 112
240 208
233 87
231 107
88 51
207 203
27 10
248 13
232 139
241 227
242 10
132 15
200 23
181 92
226 25
122 7
218 42
68 40
162 39
63 29
79 59
209 109
229 225
199 15
118 104
229 210
196 22
67 44
190 149
86 16
238 226
215 202
78 50
208 149
247 1
174 18
81 28
160 150
162 118
164 2
210 83
101 84
88 72
23 17
50 43
51 36
162 137
144 24
130 16
220 36
146 11
114 33
118 112
158 148
161 6
220 63
133 68
173 13
203 97
101 78
38 14
238 149
175 116
237 189
165 109
246 146
173 128
57 41
170 88
231 4
162 63
157 8
227 18
106 21
238 132
50 47
158 101
116 46
175 1
202 70
150 69
203 44
96 75
74 57
232 176
232 121
73 32
247 59
134 129
33 27
212 62
68 1
188 120
181 156
244 34
107 49
202 107
209 64
143 50
226 124
155 40
90 44
228 185
113 23
161 33
151 46
11 6
204 191
90 61
181 177
82 62
177 14
142 141
185 108
167 9
187 156
128 84
103 62
185 10
214 119
218 119
177 75
126 20
144 108
174 107
223 58
192 49
103 80
168 125
164 82
122 105
217 35
65 42
221 52
85 80
142 62
104 6
206 201
177 112
166 26
235 101
49 25
237 146
182 13
88 27
72 25
72 57
98 37
157 9
198 8
90 73
240 120
99 36
197 149
155 64
16 15
231 115
124 123
149 90
151 48
245 99
133 65
29 8
91 2
117 95
222 129
175 5
244 90
61 42
185 35
71 29
245 50
116 115
180 37
123 113
209 125
186 164
177 102
83 65
191 148
175 123
94 29
239 112
204 27
194 154
130 110
187 176
243 135
182 106
219 130
197 140
213 126
208 96
217 95
123 61
65 14
141 2
133 129
144 45
220 173
213 98
172 19
86 28
196 133
133 112
49 26
249 193
145 144
183 96
118 107
28 25
130 54
206 144
185 163
151 145
125 72
142 96
122 48
239 238
156 139
107 86
153 54
178 11
233 219
164 75
95 73
66 49
226 183
179 112
199 99
145 120
232 162
171 54
225 27
198 63
220 197
78 30
110 26
135 81
219 9
76 8
216 187
160 132
128 61
165 9
217 30
204 106
202 1
120 25
194 98
247 159
190 37
205 203
51 11
68 23
209 77
81 52
215 123
52 27
188 135
125 39
57 19
232 54
199 172
201 62
144 60
27 19
215 162
117 83
218 177
71 68
215 71
139 107
181 61
243 155
159 44
102 42
143 98
201 177
201 99
230 148
220 23
248 245
144 64
158 14
168 65
230 85
138 123
115 30
161 127
192 181
211 5
237 132
182 73
242 56
200 91
126 59
175 30
54 23
238 131
190 176
225 223
242 226
249 226
151 105
190 101
218 71
172 130
228 71
234 192
149 24
152 136
233 106
243 2
127 104
246 53
216 176
238 176
203 171
178 100
128 109
200 147
150 15
184 13
38 34
22 17
123 2
223 141
20 13
107 39
141 37
115 53
52 31
72 63
116 110
191 5
240 86
215 64
193 120
167 149
136 58
212 101
93 6
239 158
182 3
146 1
85 42
107 45
78 24
116 56
118 66
218 102
196 7
115 71
132 63
235 125
51 14
184 183
168 68
173 99
110 87
240 51
106 64
177 143
218 39
228 133
249 76
208 102
179 157
142 81
207 131
195 179
76 3
109 36
162 135
188 178
94 11
199 26
200 191
184 33
114 56
19 0
217 56
141 12
34 19
139 111
145 142
68 33
42 27
42 29
214 64
187 89
72 64
222 139
129 55
231 45
11 0
163 4
248 211
190 64
248 1
223 165
125 77
186 156
188 154
141 74
194 16
135 118
171 16
26 11
172 122
107 72
220 41
202 49
130 32
194 95
186 33
246 70
206 90
81 54
136 74
125 12
177 123
150 46
226 99
166 142
152 83
193 117
145 96
247 99
179 138
68 15
216 17
209 21
224 14
231 54
109 60
149 123
170 119
218 100
216 61
218 11
171 24
206 114
216 202
186 44
201 162
199 41
193 43
140 14
169 122
179 20
240 10
213 110
133 3
223 155
184 167
106 70
130 86
171 44
116 44
69 23
97 10
194 145
247 72
113 57
221 86
23 18
222 193
56 5
179 108
126 95
185 132
134 99
231 174
247 239
152 51
167 18
196 61
222 0
207 36
240 198
232 231
158 154
220 169
156 36
162 45
155 111
106 40
230 219
233 20
52 30
95 54
234 127
218 211
125 19
195 193
216 20
217 0
88 17
217 18
25 6
150 55
72 28
88 40
183 122
106 75
202 34
225 167
217 116
158 119
184 87
236 203
46 15
160 158
184 29
186 71
151 40
65 34
175 173
232 90
192 130
124 106
138 79
186 185
245 79
192 1
46 42
170 83
89 53
154 113
187 70
145 30
195 68
218 183
109 23
157 74
166 118
62 36
59 13
244 68
217 144
236 11
146 14
195 152
84 70
193 10
154 147
30 25
84 6
111 95
117 94
205 29
92 83
69 47
162 144
219 178
76 44
246 8
41 1
200 93
75 35
127 120
218 17
244 131
133 116
196 39
177 128
137 99
103 37
153 112
80 74
231 36
118 113
224 138
81 22
212 87
135 25
140 64
178 113
240 217
151 12
130 113
17 7
233 112
217 123
227 57
91 60
174 170
164 47
119 95
96 79
224 22
157 151
104 93
84 79
243 221
172 4
105 14
108 83
207 100
198 182
164 38
230 206
180 19
137 50
139 64
202 97
229 200
131 114
158 127
230 224
216 81
234 28
200 104
189 119
210 24
227 146
237 101
198 92
124 114
190 52
209 107
130 18
213 71
117 115
156 31
133 26
112 20
37 7
150 59
230 197
239 100
131 80
183 65
91 76
205 184
156 120
106 84
164 69
71 47
249 13
179 75
112 6
126 108
246 58
131 118
186 29
238 43
191 166
180 3
229 192
194 115
98 18
148 76
247 151
177 18
174 90
165 56
224 191
105 31
125 103
216 62
122 58
232 71
29 15
167 92
233 123
219 144
168 92
143 96
158 37
235 40
182 63
136 5
76 31
238 104
205 66
225 113
205 133
129 20
200 126
190 137
68 62
134 127
109 57
216 215
129 42
227 113
184 105
104 57
236 88
114 34
170 5
221 87
216 193
241 202
154 122
82 58
123 68
189 82
129 36
207 47
144 39
230 154
207 148
152 150
226 184
69 37
134 103
130 8
199 44
246 165
163 34
215 199
175 131
205 51
203 23
164 4
179 10
87 56
149 118
174 89
233 215
178 64
47 26
175 93
113 51
202 165
41 0
165 78
210 87
168 166
155 105
213 138
154 143
79 15
237 235
229 142
173 30
164 29
231 197
192 136
152 97
209 32
245 8
142 114
25 18
108 5
169 29
231 61
93 81
176 139
100 36
128 90
57 27
230 64
171 162
70 42
109 14
210 93
158 8
127 21
35 24
207 87
60 6
191 56
36 18
96 59
145 108
180 88
169 31
216 0
48 45
141 136
97 38
223 221
225 43
185 63
177 170
147 132
117 43
155 136
216 49
214 45
70 47
89 37
67 11
214 43
140 59
222 201
169 0
166 130
151 66
28 25
191 22
191 71
144 96
245 196
240 145
179 145
240 94
244 9
212 41
124 36
95 69
239 176
62 25
171 150
100 55
169 151
178 3
131 75
196 10
213 42
203 103
178 95
168 43
97 92
231 206
196 39
235 207
233 131
212 175
239 128
138 3
205 123
241 114
244 56
179 110
212 61
29 23
228 182
246 164
136 57
194 8
238 11
109 26
83 80
97 15
155 55
170 87
236 225
199 67
221 147
183 172
217 133
205 84
171 0
156 3
76 17
168 133
181 142
191 90
168 62
183 31
81 77
220 205
188 134
150 35
248 225
232 130
56 38
91 68
119 93
239 109
245 90
64 57
220 63
222 75
199 3
193 123
169 44
199 182
226 183
149 98
215 110
146 0
243 133
122 94
95 75
147 66
51 15
192 95
65 60
119 9
237 120
244 8
158 27
134 41
152 107
236 215
218 5
237 42
197 46
213 140
10 0
216 79
60 27
215 15
163 41
199 50
226 144
96 58
162 158
121 64
228 94
32 24
107 43
237 56
172 81
232 112
104 9
225 88
233 142
147 5
236 15
167 156
232 138
219 92
192 77
184 70
223 109
216 57
112 7
180 75
105 63
169 116
168 111
123 37
170 126
227 62
241 233
249 225
137 111
183 87
58 37
233 93
196 42
205 130
212 202
53 51
237 169
155 138
139 51
109 40
126 21
95 61
233 156
236 105
248 241
219 125
213 24
213 137
191 55
119 45
221 103
69 28
162 67
176 0
193 130
49 18
223 152
213 21
232 103
221 82
184 81
163 160
197 171
224 212
153 55
88 59
199 23
196 16
245 241
195 144
207 4
124 91
174 117
36 16
198 112
223 202
153 3
249 188
129 62
184 136
249 199
171 64
153 19
220 209
200 52
139 101
234 7
152 20
142 56
229 53
94 85
247 54
215 121
217 116
214 23
184 35
161 57
232 42
144 122
94 34
220 82
178 94
180 5
97 31
246 226
226 146
207 200
107 58
85 69
240 65
239 74
193 187
234 192
223 126
190 169
104 1
110 54
182 111
153 119
236 200
202 15
154 42
167 64
175 34
177 0
168 6
166 148
162 2
147 12
193 62
241 1
247 87
235 140
204 191
138 8
118 17
176 2
48 36
148 139
248 51
144 138
210 78
146 117
182 78
176 172
110 47
227 93
24 18
186 59
210 177
209 140
232 100
246 8
214 210
103 57
177 98
241 182
229 142
202 6
161 116
147 79
231 114
18 5
156 108
116 108
92 33
60 51
121 33
39 12
209 160
230 29
232 185
126 103
205 12
220 26
156 54
217 207
30 20
129 99
7 0
198 86
238 115
117 21
249 236
123 108
219 154
217 2
240 23
159 10
184 131
126 37
116 44
116 96
197 114
223 31
158 110
167 139
229 126
187 26
199 121
100 38
174 2
226 106
139 108
224 21
236 48
213 142
200 83
198 182
225 192
171 51
140 15
165 147
200 119
118 100
118 73
141 15
184 124
81 52
237 63
219 78
144 67
188 126
107 89
115 16
167 37
249 186
243 53
158 84
159 131
112 108
185 169
248 115
85 38
146 79
215 149
233 56
160 152
155 41
101 91
155 33
215 133
198 122
125 34
145 99
147 39
160 64
80 41
177 160
200 27
203 160
164 125
217 21
202 111
181 75
76 16
215 128
199 139
178 121
117 25
177 10
174 4
232 168
224 71
64 56
190 141
169 131
248 69
202 78
233 192
142 104
194 19
186 142
58 19
45 42
206 127
142 37
146 64
217 158
188 98
136 66
189 184
232 104
207 197
175 153
240 185
240 189
179 159
239 112
221 104
206 71
244 101
167 28
242 179
213 145
142 87
77 20
58 18
240 193
199 113
227 66
177 111
229 203
192 166
133 56
143 51
229 28
34 21
215 186
164 104
181 36
243 104
108 100
122 28
21 1
138 4
236 60
235 16
118 22
185 153
224 119
246 63
181 50
188 187
59 31
200 134
92 37
71 69
137 112
116 89
217 8
35 25
246 119
105 88
104 76
239 80
106 81
196 105
179 12
234 188
164 72
188 4
100 99
167 89
60 42
204 44
181 22
114 68
186 98
243 105
165 104
162 23
188 5
242 37
149 53
122 81
201 123
248 44
184 41
230 105
220 69
189 165
195 62
120 66
70 33
210 173
112 20
70 69
198 80
248 128
213 147
221 153
41 0
212 88
231 40
151 137
40 34
234 9
199 123
207 9
107 78
103 1
165 111
183 44
150 112
219 163
16 6
60 9
249 56
176 30
78 65
247 45
237 24
203 124
186 162
170 12
91 72
116 16
224 48
133 85
173 7
244 204
240 105
133 11
206 20
44 15
224 169
102 54
54 49
180 96
79 33
246 19
220 210
65 13
230 141
234 195
110 51
111 79
210 69
76 27
122 89
110 1
122 93
54 18
29 21
249 1
213 70
101 15
214 107
219 170
157 56
141 8
222 215
213 58
139 38
210 47
121 114
247 105
166 35
220 166
224 39
249 65
75 69
84 14
206 183
168 101
201 46
62 19
33 20
191 148
186 77
235 156
236 92
58 13
233 49
92 45
184 26
144 24
135 127
112 83
110 88
157 98
155 73
162 94
150 108
206 88
66 7
132 102
200 132
200 100
174 120
202 197
215 63
97 22
97 4
191 66
228 195
195 12
197 162
152 60
166 115
98 70
154 103
246 127
212 157
79 55
93 88
74 18
82 50
222 66
83 45
214 198
81 26
211 76
143 8
137 32
165 58
117 16
71 58
92 58
47 5
134 131
234 11
238 202
208 62
184 14
182 16
232 65
212 121
224 133
179 44
211 150
100 10
232 110
10 9
227 213
78 37
230 88
227 30
67 50
108 103
190 101
210 1
208 138
241 125
122 6
247 36
85 73
239 194
184 62
130 44
105 102
46 45
55 4
96 64
55 38
56 55
83 21
188 116
145 31
223 86
210 38
214 41
118 104
190 104
134 24
247 79
207 153
116 78
226 113
188 61
192 126
239 185
145 97
198 73
184 34
206 168
80 12
218 176
53 2
244 78
183 153
245 57
149 120
198 185
74 57
226 167
219 199
194 182
126 45
192 173
157 96
94 8
202 173
72 65
129 12
207 41
215 109
145 30
114 28
246 83
235 77
174 19
9 5
208 127
183 38
153 96
221 204
