7 0 50 200
29 9
30 23
42 34
48 25
22 8
30 2
43 15
16 0
37 28
46 24
42 36
44 14
26 18
46 6
24 1
27 1
46 17
45 33
28 6
32 26
26 19
44 41
2 0
32 19
48 15
49 3
45 7
24 15
30 4
42 18
36 24
43 40
29 12
39 8
31 30
20 14
29 7
24 18
35 23
24 20
49 8
49 41
32 10
38 23
44 9
38 34
49 43
30 13
30 6
49 33
40 12
27 18
33 1
38 20
17 2
12 1
27 16
45 18
19 16
31 2
47 2
33 29
28 23
46 39
23 0
10 5
48 24
42 35
49 16
48 42
23 9
29 18
22 20
29 5
37 17
33 5
18 1
46 41
45 31
34 2
45 43
46 30
39 25
27 14
38 29
38 37
41 24
39 29
5 1
40 39
29 19
48 32
27 5
37 24
34 23
38 31
11 7
49 22
23 7
42 1
38 33
41 17
46 15
21 18
47 11
32 18
46 3
28 26
14 3
31 7
22 19
42 24
41 40
48 5
37 15
7 4
17 7
19 2
16 13
37 35
33 13
36 7
23 12
33 28
11 10
44 8
14 11
44 35
37 31
20 0
47 39
37 27
43 37
21 5
41 28
46 29
38 26
9 2
45 1
34 5
31 26
41 3
44 24
36 35
27 25
49 24
49 42
10 7
24 17
24 13
43 38
44 37
32 31
48 16
40 37
45 40
41 32
28 12
12 7
42 15
35 5
26 7
29 28
34 4
38 9
37 29
36 3
29 20
20 8
13 10
17 8
25 6
42 13
19 14
4 3
43 21
45 36
45 37
4 0
42 25
48 0
29 22
35 11
26 23
25 1
37 14
43 4
37 23
45 38
17 13
32 20
44 32
40 16
34 0
30 7
46 25
41 22
34 16
30 9
13 12
