13 1 50 200
3 1
45 3
18 9
39 38
38 16
27 18
32 7
32 22
39 32
47 3
35 30
43 15
36 9
19 1
43 3
21 15
49 42
46 6
10 3
31 11
39 31
23 7
35 20
18 8
13 8
47 15
40 34
39 4
11 10
37 17
9 2
22 2
47 38
41 8
16 3
3 0
30 21
42 25
21 19
37 13
33 13
21 7
20 8
47 6
33 1
20 6
22 14
37 29
44 5
26 16
28 24
44 28
35 2
16 11
11 3
6 3
45 25
40 39
42 34
38 9
44 42
44 32
14 10
18 2
42 40
34 26
42 22
41 7
11 6
47 40
37 7
48 34
39 14
29 5
27 1
44 6
49 11
27 8
39 3
23 20
27 25
44 40
46 3
30 5
28 1
27 11
26 10
45 39
20 11
16 9
49 5
37 10
27 13
29 20
39 26
48 29
48 25
30 14
32 15
48 14
33 24
40 4
27 2
44 1
20 18
44 20
25 0
42 6
36 35
48 17
27 12
9 8
42 9
43 4
47 43
25 6
21 14
29 28
48 44
41 13
49 20
39 11
33 6
39 33
34 3
46 11
43 37
21 17
47 30
14 5
43 11
39 37
31 30
48 37
36 2
47 23
40 1
7 2
47 41
10 7
28 14
48 32
10 8
47 46
10 5
42 21
39 36
13 3
42 8
16 12
33 4
32 5
33 11
13 7
15 12
28 9
23 3
42 29
41 18
36 33
42 36
45 20
22 13
45 14
42 30
46 5
17 14
23 19
42 1
46 18
11 5
8 6
41 38
37 15
40 11
49 40
41 17
30 1
39 1
7 5
14 11
29 10
27 23
24 2
32 20
45 12
31 9
34 13
41 36
37 35
43 35
42 10
49 26
42 5
36 25
35 17
15 7
44 34
49 37
32 18
27 20
