11 0 50 200
11 6
32 19
13 11
6 5
25 9
31 19
21 5
29 15
44 6
37 31
24 9
48 42
46 0
28 4
28 17
34 13
38 35
28 7
35 29
32 26
26 23
28 0
46 13
24 5
32 15
46 37
36 20
10 2
48 28
40 30
22 19
46 40
13 9
41 18
32 11
7 3
23 1
34 12
27 5
44 3
38 11
7 6
49 3
21 15
41 26
49 12
25 14
16 11
13 3
11 9
41 39
3 1
38 2
33 32
39 24
12 4
20 14
42 17
38 32
25 19
40 10
46 24
44 36
48 44
3 2
45 41
40 28
33 21
45 20
49 1
42 29
48 1
40 33
40 23
26 15
46 42
49 24
47 27
34 0
44 34
36 23
46 10
9 5
45 39
47 35
32 20
42 41
44 20
23 6
21 0
45 26
44 4
38 26
41 35
42 35
13 6
31 0
45 27
18 14
36 6
14 9
18 8
46 21
49 13
36 11
42 24
34 25
33 1
46 12
44 5
44 10
43 5
43 18
46 27
19 3
49 20
41 33
32 16
47 16
45 32
20 13
38 22
39 34
46 38
39 21
15 13
34 14
30 16
34 19
32 31
17 2
27 9
26 22
9 4
38 30
44 32
14 8
37 26
17 6
49 45
20 11
17 10
26 16
11 1
32 12
12 8
45 8
49 11
45 36
21 6
26 12
47 21
45 37
30 18
29 18
48 16
34 29
22 6
22 12
46 35
28 9
27 1
25 1
47 20
33 13
32 29
29 2
25 6
42 26
36 35
28 20
33 5
5 1
47 26
30 26
47 3
23 10
7 0
26 9
10 1
42 0
44 13
11 10
48 29
25 0
31 29
47 44
41 31
17 7
32 3
49 26
10 4
48 10
26 4
8 3
43 10
26 19
41 37
41 23
26 1
