17 1 50 200
15 5
48 16
46 15
44 28
41 2
33 12
15 12
47 27
29 11
13 0
19 1
25 0
48 4
29 18
39 10
38 24
31 11
32 3
46 9
24 5
46 40
21 19
45 35
48 11
37 13
46 45
17 12
17 5
45 15
34 28
19 3
47 29
7 3
35 29
40 32
33 10
14 1
24 21
48 7
33 23
23 4
44 3
31 25
37 2
44 23
17 13
49 6
42 20
20 10
46 44
39 29
38 13
47 12
41 14
32 1
28 1
44 9
43 38
42 12
46 3
18 11
11 3
14 5
46 1
35 21
49 10
40 13
38 11
20 9
27 21
45 20
40 29
44 32
43 28
31 16
8 7
45 30
17 0
48 35
43 17
43 5
36 33
10 3
44 35
37 29
40 34
3 0
48 43
16 14
44 41
38 10
15 14
23 5
18 15
22 0
15 10
7 5
4 2
37 15
48 12
35 17
36 16
38 3
46 31
42 15
44 4
46 0
39 11
41 23
33 2
17 9
33 20
47 14
7 4
33 8
45 43
32 25
22 5
27 3
41 10
41 25
49 30
9 7
40 30
45 10
33 14
21 9
38 27
39 5
41 29
27 0
37 11
12 5
35 26
32 16
47 36
45 44
27 1
48 25
49 45
10 6
16 13
33 0
22 1
34 26
47 2
24 9
35 11
46 36
43 9
10 5
23 19
39 15
33 25
23 21
32 24
31 27
14 0
43 8
49 24
25 21
28 25
46 37
42 41
38 14
29 23
44 31
35 1
43 15
45 38
43 10
44 12
20 16
47 17
42 19
7 6
18 3
41 21
34 7
13 4
9 8
27 19
46 18
40 1
43 18
49 18
36 6
44 16
34 13
41 0
26 9
27 8
39 25
29 8
46 6
19 13
33 11
29 19
42 14
32 0
41 11
