7 
100 0.6690340000 0.6674320000 0.6654860000 0.6764640000 0.6843280000 0.7170150000 0.6941500000 
150 2.2116590000 2.2404370000 2.2305650000 2.2145800000 2.1787850000 2.2257650000 2.2013910000 
200 5.5152570000 5.4546800000 5.4574770000 5.4560360000 5.4564810000 5.4558350000 5.4539230000 
250 11.6430870000 11.5960980000 11.9902900000 11.7119920000 11.7311540000 12.1330970000 11.6829430000 
300 18.9221480000 18.8321980000 18.8887570000 18.8502380000 18.9571080000 19.0014660000 19.1219470000 
350 32.1264060000 31.5391200000 32.3218250000 31.9173040000 31.6303880000 31.3571740000 31.3952750000 
400 54.3983810000 54.1371200000 54.0548720000 53.9348900000 53.9894360000 53.7158820000 53.8631030000 
450 65.5882730000 65.7067780000 66.5721320000 64.7685140000 64.9097630000 65.0855800000 65.1019760000 
500 91.4457030000 92.0905270000 92.0586110000 92.2865640000 92.2280200000 91.2893140000 91.8227250000 
550 118.6854940000 