5 
5 1.6977870000 1.6950390000 1.7157340000 1.6931270000 1.6982030000 
10 1.9290120000 1.9190740000 1.9201790000 1.9172540000 1.9246740000 
15 3.4485020000 3.4474830000 3.4597320000 3.4750060000 3.5062000000 
20 4.9993650000 5.0118920000 4.9727190000 4.9838900000 5.0346950000 
25 5.1916970000 5.1970100000 5.2388420000 5.2044330000 5.2166540000 
5 
5 9.8576200000 9.8208840000 9.8618900000 10.0474770000 9.8908220000 
10 16.7699300000 16.8634400000 16.7755890000 16.8728720000 16.8785940000 
15 130.2218240000 129.6180120000 130.5673960000 132.3358810000 131.3528140000 
20 161.7266930000 161.0258680000 160.6907800000 159.4337830000 159.4154540000 
25 167.2891700000 167.1495600000 167.0378690000 164.2616650000 161.6046250000 
