10 30 50 200
3 1
8 0
5 1
6 0
7 3
8 7
6 2
9 0
7 5
8 3
8 5
9 3
6 4
2 1
1 0
9 5
7 4
6 3
8 4
9 4
3 2
7 0
4 1
5 2
5 4
9 6
7 6
4 0
5 0
9 8
30 24
42 29
46 17
35 28
45 23
24 18
14 0
16 9
15 8
17 11
41 26
35 22
11 7
41 28
40 25
12 7
45 21
30 3
35 4
46 44
46 12
41 6
48 25
3 1
25 7
35 32
22 20
22 0
23 2
37 2
34 16
37 26
49 25
36 10
32 21
35 16
39 15
43 27
25 13
18 16
12 9
19 1
49 44
39 3
38 31
39 30
38 25
24 4
4 2
42 24
48 40
34 0
12 1
32 18
12 0
23 14
44 30
6 5
36 25
47 19
47 37
5 3
23 0
45 42
49 40
48 47
17 7
11 3
9 5
20 17
25 0
13 7
15 0
42 5
46 23
10 7
46 31
41 35
7 1
41 11
28 13
35 11
38 20
36 3
37 15
38 3
37 27
27 21
29 20
26 7
43 37
7 0
48 2
30 6
48 43
43 29
35 24
22 9
8 1
30 27
26 10
34 28
34 27
26 21
5 2
35 10
15 4
43 0
13 5
29 18
49 48
15 1
38 2
38 35
8 4
2 1
9 0
44 15
20 16
45 24
17 2
47 1
20 6
18 6
39 25
20 8
39 10
30 18
12 4
10 6
40 13
46 36
46 22
22 8
38 27
25 9
35 5
4 3
23 9
47 32
46 27
38 34
24 10
44 29
44 26
30 15
30 20
14 10
1 0
38 33
36 17
44 23
21 8
24 3
38 9
6 4
29 4
48 46
16 15
49 9
22 21
36 22
32 9
44 22
32 16
47 13
36 31
33 15
48 37
42 6
30 17
23 18
19 18
48 9
25 3
46 18
40 32
46 21
42 12
33 24
15 13
48 32
48 30
27 15
47 20
44 10
44 12
43 33
48 21
47 45
33 0
14 11
40 5
26 15
30 5
33 13
40 38
43 12
20 10
28 15
