140 420 320 2500
80 26
49 14
85 23
123 47
69 54
31 3
38 3
87 13
18 11
126 41
88 51
93 57
27 10
111 82
134 51
82 16
53 38
132 15
101 6
125 40
126 116
122 7
29 14
68 40
109 95
63 29
79 59
58 34
95 8
130 43
118 104
102 27
110 63
67 44
132 116
86 16
121 78
128 13
78 50
118 27
12 0
37 6
81 28
95 28
103 22
114 96
102 0
101 84
88 72
23 17
50 43
51 36
98 11
115 15
130 16
128 38
53 8
114 33
118 112
134 119
106 98
134 0
133 68
86 69
94 27
101 78
38 14
8 5
127 67
101 2
7 4
124 61
134 79
57 41
115 112
132 41
33 14
62 4
100 26
106 21
49 17
50 47
49 46
116 46
133 114
9 8
78 55
124 82
96 75
74 57
113 102
117 96
73 32
90 16
134 129
33 27
119 110
68 1
121 19
130 98
114 13
107 49
83 68
103 99
64 28
105 36
101 89
90 44
36 8
113 23
136 127
103 28
11 6
124 105
90 61
12 1
82 62
37 21
120 12
47 15
91 90
99 45
128 84
103 62
73 8
90 41
54 17
82 79
126 20
82 40
123 23
101 66
64 47
103 80
97 96
130 114
122 105
123 79
65 42
102 34
85 80
112 25
104 6
39 28
61 1
87 30
135 92
49 25
89 24
64 20
88 27
72 25
72 57
98 37
75 74
18 8
90 73
105 8
99 36
139 92
117 28
16 15
61 43
124 123
126 117
39 4
24 0
133 65
29 8
91 2
117 95
128 103
131 57
86 79
61 42
99 30
71 29
121 28
116 115
126 53
123 113
77 69
26 21
94 34
83 65
122 12
16 1
94 29
113 62
88 64
60 46
130 110
131 83
96 84
84 45
105 62
138 31
117 55
36 35
115 31
123 61
65 14
101 63
133 129
75 6
92 76
61 14
104 56
86 28
114 36
133 112
49 26
100 14
24 3
104 24
118 107
28 25
130 54
47 13
112 22
70 52
125 72
120 68
122 48
69 29
57 37
107 86
110 36
116 58
35 11
66 4
95 73
66 49
105 16
114 23
120 100
139 99
31 12
62 55
85 65
30 16
111 4
78 30
110 26
135 81
59 9
76 8
119 38
127 111
128 61
64 23
42 34
128 21
102 3
120 25
128 32
108 90
111 35
94 41
51 11
68 23
128 67
81 52
82 44
52 27
37 11
125 39
57 19
87 47
105 98
123 42
14 4
27 19
46 12
117 83
113 104
71 68
139 61
139 107
70 9
46 22
76 56
102 42
136 93
25 17
48 42
104 101
79 31
76 52
108 37
92 20
138 4
107 41
138 123
115 30
60 9
46 31
66 16
44 38
123 95
74 68
107 43
126 59
63 35
54 23
88 61
85 8
88 44
135 123
64 63
105 55
114 72
135 26
57 48
96 70
103 21
119 74
74 12
125 123
68 37
127 104
92 78
104 54
51 47
112 74
74 49
128 109
77 66
117 73
96 9
38 34
22 17
123 2
129 63
20 13
107 39
134 43
115 53
52 31
72 63
116 110
85 32
139 52
98 95
112 27
48 32
136 58
111 55
93 6
136 126
102 52
73 42
85 42
107 45
78 24
116 56
118 66
114 70
96 72
115 71
132 63
101 60
51 14
97 51
102 54
132 101
110 87
119 18
106 64
40 31
57 32
37 14
70 12
106 33
104 22
91 14
116 94
101 99
76 3
109 36
79 37
116 24
94 11
117 72
96 45
119 4
114 56
19 0
61 2
72 27
34 19
139 111
139 50
68 33
42 27
42 29
22 21
43 2
72 64
118 53
129 55
120 95
11 0
128 126
67 10
99 27
118 41
42 19
125 77
63 52
96 66
136 20
71 23
135 118
136 121
26 11
97 78
107 72
62 45
108 36
90 80
150 96
267 58
297 136
232 181
289 97
265 183
105 13
299 201
305 52
197 10
213 36
227 97
216 37
297 204
84 42
155 126
254 242
241 97
221 3
191 133
199 79
98 55
207 150
157 117
313 164
212 5
289 22
315 205
204 2
281 133
259 244
242 131
241 39
272 105
290 222
70 20
314 77
308 185
214 126
244 10
69 52
245 98
281 168
250 3
295 292
273 33
222 127
186 183
254 37
253 234
303 210
287 133
290 223
151 104
308 266
210 75
316 310
192 89
128 13
276 163
135 72
228 95
224 152
224 219
49 26
226 206
263 23
14 11
305 122
235 56
292 14
243 77
82 37
252 171
253 101
86 56
316 46
154 78
248 168
295 53
181 114
286 184
312 99
264 164
301 253
303 247
262 137
267 53
205 161
265 148
263 224
272 37
220 26
186 111
239 17
275 267
310 212
212 90
289 23
315 292
208 172
280 93
318 179
211 204
177 119
318 296
294 133
204 51
299 61
315 56
304 182
116 98
221 59
226 35
183 22
258 45
182 93
160 7
274 92
154 119
296 26
283 234
281 211
197 93
220 22
202 19
289 155
188 166
265 195
271 19
255 143
293 150
186 47
292 60
28 24
255 31
294 87
55 30
193 102
212 37
246 12
179 33
236 1
189 120
248 246
264 246
167 70
281 62
179 79
148 14
146 42
235 89
118 96
191 123
288 103
177 106
289 269
273 26
319 260
228 163
133 79
241 138
191 74
21 0
209 124
266 36
176 100
243 3
224 191
296 204
218 7
302 53
319 275
281 118
238 73
283 30
21 8
293 256
86 60
76 39
171 70
316 254
139 49
213 37
32 2
306 185
119 17
290 189
140 103
114 33
303 2
183 124
306 76
134 4
216 109
177 105
41 18
140 97
303 292
147 135
266 158
166 56
143 110
240 84
130 60
231 13
311 283
225 136
194 74
285 94
301 142
300 29
195 88
255 205
151 20
308 109
228 213
221 42
282 142
266 53
197 39
187 149
282 213
18 4
302 181
81 18
223 202
217 16
167 53
102 55
152 107
276 108
269 214
148 116
80 38
224 86
139 64
297 221
214 91
297 69
31 0
277 74
305 192
206 133
94 69
133 24
98 81
174 112
250 193
242 223
249 57
290 258
212 127
318 298
206 140
267 229
265 133
31 25
181 39
75 9
81 39
264 153
202 8
47 9
143 108
303 246
302 131
290 181
162 132
292 259
116 79
118 111
286 175
297 265
79 57
142 2
300 20
81 65
231 92
189 141
164 91
195 39
148 129
179 165
297 285
155 1
81 36
253 111
102 14
291 229
240 236
96 89
109 38
235 127
272 199
258 151
206 0
288 31
199 122
94 88
190 124
174 150
314 311
184 111
146 11
113 23
213 200
263 195
171 114
181 56
115 110
42 18
267 110
245 202
214 74
208 68
251 224
266 227
318 184
292 97
32 16
264 188
130 33
210 196
61 59
115 111
186 154
225 135
163 154
302 161
244 239
305 181
299 212
51 37
316 243
137 35
231 143
307 265
102 36
306 150
163 84
144 41
115 68
282 64
265 134
292 111
86 80
232 179
172 42
122 77
206 32
144 98
78 12
247 229
187 170
306 105
306 270
291 259
195 35
240 122
189 168
214 208
143 40
184 83
248 109
270 57
281 261
191 90
167 38
240 91
314 231
179 27
225 24
90 45
303 220
305 258
250 240
110 68
233 65
296 122
299 214
212 154
270 205
265 158
211 31
249 230
210 57
202 71
273 85
159 94
134 59
299 254
283 89
297 273
221 54
136 84
200 192
264 36
317 71
301 45
166 100
282 63
312 298
34 20
227 3
109 5
144 65
256 89
131 78
245 233
119 59
219 64
182 172
305 100
303 73
212 36
237 127
256 130
261 25
306 279
99 22
233 205
294 282
187 167
258 173
255 38
298 80
188 63
177 31
271 269
207 178
192 152
38 35
183 135
92 1
283 240
313 207
310 167
241 151
269 225
127 5
285 93
156 109
221 174
36 26
155 142
267 205
272 128
295 74
243 162
264 240
251 217
222 74
184 167
314 302
228 32
169 14
253 250
202 82
307 188
299 123
229 31
143 100
185 173
90 36
291 196
121 73
297 282
312 114
315 76
285 225
102 73
271 205
173 160
199 115
186 157
247 226
259 127
261 197
128 15
176 48
177 50
31 1
89 70
271 222
284 141
307 286
205 69
303 296
298 68
290 151
225 97
199 43
197 70
319 264
198 26
224 197
281 10
253 152
73 46
200 29
152 142
274 76
268 260
282 178
48 37
226 205
97 43
197 116
255 215
246 204
132 0
180 39
258 129
315 31
172 78
259 142
273 169
308 149
81 27
287 2
79 1
201 174
270 77
238 159
278 224
154 63
272 74
252 102
231 7
251 96
295 222
234 48
305 24
85 70
301 229
237 180
206 19
167 166
299 160
195 181
116 91
314 89
300 210
124 35
307 38
316 48
254 202
308 166
200 48
311 104
152 92
231 152
269 123
316 68
314 32
113 50
224 181
311 2
308 20
35 5
302 190
292 117
127 84
295 65
196 99
266 125
283 228
148 104
316 30
136 106
237 42
215 208
267 88
262 181
258 241
246 183
225 0
255 171
142 77
287 179
192 178
153 32
313 109
52 28
95 3
170 66
274 237
205 52
276 252
204 77
297 83
143 19
37 11
189 151
155 25
156 86
313 102
47 19
304 187
185 11
207 81
201 74
231 156
170 84
308 117
227 211
185 29
266 47
274 184
116 45
123 1
181 171
291 40
256 145
302 162
310 294
91 7
263 25
190 88
231 37
306 277
207 63
188 157
310 123
273 99
252 86
228 142
318 282
220 115
228 179
284 142
60 23
312 236
310 298
261 240
167 149
260 170
296 228
193 160
290 281
279 274
229 216
291 287
139 62
257 254
219 39
271 59
282 118
107 83
295 234
292 86
60 38
277 97
276 21
175 101
279 108
233 4
229 117
258 40
226 190
78 17
133 30
219 30
145 11
209 5
265 256
162 65
202 43
248 138
254 252
189 17
291 222
141 36
229 224
182 84
204 86
245 122
188 70
179 97
130 105
254 45
170 135
196 50
295 105
172 145
285 188
262 166
182 109
285 236
231 136
176 96
312 37
230 49
93 41
159 18
129 90
276 215
285 174
114 16
194 161
205 46
261 217
87 26
287 20
138 70
310 121
156 31
288 88
248 230
297 198
258 122
257 23
279 76
255 227
277 224
300 167
196 17
285 123
204 151
167 30
182 67
315 246
214 87
182 69
284 200
2 0
220 135
158 48
303 217
264 249
194 174
75 43
271 11
121 86
280 173
306 141
231 224
126 18
245 73
205 4
215 214
256 100
124 103
239 222
162 146
184 112
139 15
253 40
186 45
255 189
212 205
290 240
194 58
174 53
170 157
196 186
283 13
231 163
119 44
239 60
126 120
46 5
174 6
133 105
301 125
255 86
265 107
263 162
278 160
263 199
118 107
219 117
141 94
133 29
176 86
295 140
141 83
41 38
210 21
156 65
300 234
225 82
201 85
253 198
123 12
291 137
85 34
266 243
139 83
222 104
299 132
49 5
174 99
70 0
177 115
289 52
110 56
301 287
125 48
225 198
178 9
257 205
217 18
243 102
69 60
129 99
223 145
317 156
294 223
265 28
213 175
230 50
315 298
137 34
52 43
216 150
281 213
114 96
195 149
113 74
61 50
302 68
60 51
199 112
188 38
141 102
307 158
290 117
229 60
87 41
309 70
234 156
88 9
77 32
138 122
199 16
269 177
146 0
192 137
282 61
282 21
227 204
281 111
265 143
230 191
283 85
269 126
263 121
227 203
236 6
47 34
261 63
314 139
183 178
210 154
154 134
42 30
187 49
304 73
254 92
223 181
160 36
289 221
309 233
290 109
86 19
132 90
300 104
303 204
31 22
196 139
147 130
319 76
197 1
104 88
80 54
280 235
216 11
157 90
258 199
197 129
254 159
207 168
197 47
300 69
121 9
196 148
58 0
302 292
293 183
266 188
294 202
170 4
214 192
198 155
183 90
187 86
120 116
274 72
106 70
293 222
235 207
165 119
282 274
50 13
195 174
223 205
135 7
275 273
301 8
167 41
269 61
179 133
267 250
293 282
258 206
287 191
308 92
204 14
306 99
242 142
228 69
182 132
186 153
300 11
212 155
264 4
207 33
306 284
274 159
157 42
309 36
168 128
191 152
289 232
126 83
204 63
216 9
214 98
96 53
318 5
235 209
66 41
288 184
181 127
292 264
106 63
279 80
236 86
250 48
144 50
215 54
225 68
267 48
295 33
256 92
142 19
274 165
290 130
202 88
117 37
249 37
262 245
161 4
271 2
172 116
257 114
216 53
112 102
219 9
191 50
174 136
314 120
260 149
273 159
233 117
319 90
283 42
318 132
62 10
228 48
100 34
277 84
74 67
276 42
163 69
293 135
189 25
288 94
174 160
181 33
217 214
223 142
298 269
180 137
252 177
181 93
196 147
250 183
273 58
246 104
235 17
157 0
307 44
311 264
285 68
281 59
303 226
290 127
196 113
163 127
316 308
189 188
270 238
276 6
240 132
214 185
162 45
30 17
296 163
310 274
272 12
319 255
227 58
313 210
110 53
234 121
61 34
191 8
204 42
253 231
150 5
158 89
166 116
276 105
292 142
195 175
211 119
318 193
201 42
259 236
300 35
251 76
317 161
111 18
130 25
249 198
250 18
201 33
213 61
258 222
207 206
182 38
142 61
169 8
114 100
136 5
259 216
157 154
310 223
106 31
317 271
249 201
185 149
50 37
252 146
168 70
77 33
106 29
250 162
259 180
194 56
268 49
292 250
264 107
139 42
92 11
227 151
304 217
218 2
177 53
148 137
97 46
165 14
256 241
281 173
239 30
235 103
289 44
306 204
105 69
224 40
87 57
247 25
221 133
86 68
134 87
249 179
282 219
272 171
148 91
267 31
297 279
125 45
160 141
219 202
310 238
24 20
280 238
199 117
305 271
244 21
292 137
184 64
123 22
176 1
156 3
140 135
87 60
193 71
256 228
221 48
288 127
244 16
175 92
128 4
294 131
266 39
228 181
268 29
105 54
273 14
201 172
240 166
271 79
203 121
182 79
291 168
285 277
208 145
301 227
151 32
262 124
293 270
307 218
125 49
252 233
250 211
295 76
119 103
207 72
305 106
135 110
104 34
309 89
256 22
277 260
299 48
282 235
129 38
205 0
308 254
64 32
311 173
196 38
189 36
202 117
80 19
273 17
114 70
270 19
261 183
143 73
143 33
190 93
242 219
207 9
42 24
196 191
155 10
69 1
231 134
274 223
238 90
280 195
225 22
255 47
220 0
119 74
261 69
176 63
248 232
165 67
314 30
316 65
300 183
262 145
266 11
318 137
245 123
217 102
71 0
235 165
144 136
306 88
255 188
66 61
205 60
273 153
238 77
214 130
86 35
59 25
213 165
188 140
249 175
305 120
249 165
138 127
83 63
231 186
256 214
279 124
256 37
225 83
222 100
106 9
259 149
149 131
309 279
200 22
256 246
266 67
96 33
282 107
168 165
239 108
247 193
238 10
92 39
132 44
197 94
301 49
261 179
204 137
136 95
274 255
85 26
254 56
106 27
177 20
224 50
222 61
169 58
109 87
286 263
74 33
312 79
165 151
140 35
178 136
270 109
75 42
158 134
274 25
93 5
216 42
215 97
192 188
274 163
222 199
190 181
304 1
97 35
228 92
53 2
164 28
212 22
302 173
49 31
230 157
273 72
241 234
236 60
261 46
319 35
294 105
274 116
117 98
233 51
184 49
211 30
307 278
279 89
318 73
78 59
63 57
205 97
185 119
155 4
214 35
265 113
175 52
244 235
294 14
263 63
176 111
207 177
288 138
100 47
234 205
297 239
184 159
91 9
316 49
124 104
303 113
225 107
295 78
312 280
298 54
84 5
211 65
294 156
231 105
125 87
209 19
287 81
247 92
189 58
237 153
239 11
307 112
259 124
164 88
216 48
224 104
190 21
251 135
163 87
256 11
258 123
126 72
209 12
251 245
304 101
260 82
101 37
296 62
263 72
309 259
285 217
252 46
235 143
99 94
127 36
310 69
104 44
237 36
67 54
271 210
196 76
173 1
253 222
128 49
145 134
247 217
87 2
302 147
182 105
167 109
145 117
249 133
128 35
302 113
283 245
242 12
137 107
171 78
248 194
235 41
137 110
184 55
313 266
215 71
294 53
13 8
139 121
275 69
290 78
160 88
279 264
163 120
298 286
238 3
254 5
287 271
263 127
34 18
232 147
201 70
257 125
185 184
36 12
300 146
296 287
292 123
230 89
53 13
256 73
274 185
209 14
276 3
265 11
311 109
142 106
158 66
247 206
284 102
314 122
145 24
217 39
251 78
273 64
236 217
96 37
284 63
95 49
292 247
183 59
212 126
259 84
312 63
103 42
227 125
188 155
130 4
258 176
75 41
250 82
310 136
258 5
168 63
217 15
291 201
59 51
233 161
281 116
219 203
217 159
182 14
217 35
148 47
169 88
85 20
52 41
99 42
297 48
278 50
203 175
237 20
280 221
158 41
300 209
317 270
169 36
293 18
253 92
284 19
143 21
217 139
259 150
232 205
130 57
288 116
5 4
55 26
261 254
101 72
226 119
135 43
73 62
177 141
61 2
172 34
271 67
174 66
286 19
76 14
47 39
250 135
86 0
115 12
319 248
238 2
210 3
233 69
182 48
257 194
263 213
231 127
81 14
223 53
292 249
155 66
112 27
281 203
223 154
96 28
196 153
125 23
190 107
293 7
46 29
179 178
250 15
311 101
224 119
271 43
170 34
266 82
244 106
189 100
130 46
185 42
241 144
260 172
167 137
207 165
191 51
128 62
291 177
251 93
123 2
129 31
174 26
66 58
214 187
303 276
315 172
132 56
214 181
300 214
309 293
248 53
145 54
129 68
244 118
188 170
316 149
271 91
251 2
150 12
132 34
201 73
254 200
257 16
170 168
258 33
249 143
202 109
240 187
212 185
158 152
131 79
67 27
303 30
24 21
289 119
157 108
202 167
263 243
281 65
212 190
150 68
218 79
237 17
308 203
269 245
265 34
224 150
254 20
268 80
266 213
300 216
313 130
219 67
272 43
294 44
269 57
250 74
80 18
256 162
125 91
230 156
221 10
123 87
282 168
47 41
275 109
288 43
260 169
294 177
277 185
113 44
192 134
40 2
217 38
185 143
263 116
260 155
164 62
122 61
211 122
147 21
312 61
219 147
258 191
262 188
285 3
235 82
268 13
253 68
283 159
181 136
265 77
219 172
263 170
206 134
88 22
134 7
47 37
66 52
262 151
284 120
240 184
214 42
279 37
287 16
219 126
296 148
315 307
240 80
248 136
283 148
128 1
258 196
277 252
213 210
239 45
198 58
88 16
248 48
317 11
269 252
235 49
89 7
279 170
177 19
261 108
291 23
311 195
254 235
291 49
170 166
193 138
230 58
245 174
304 32
275 257
149 6
94 45
287 190
194 14
319 79
230 3
294 80
107 57
311 180
62 4
131 89
149 0
86 61
296 106
172 10
272 204
131 113
153 25
312 86
193 31
60 39
196 161
220 128
232 46
230 105
85 44
240 41
132 1
165 92
293 138
311 150
290 259
243 133
45 1
240 148
151 59
74 3
272 244
154 60
119 21
183 2
186 168
195 48
134 116
306 34
103 36
287 43
276 61
12 1
292 270
207 97
290 83
263 171
156 77
278 47
275 160
98 24
235 59
289 51
229 81
312 81
319 156
36 5
264 27
302 8
277 160
259 186
303 67
211 71
289 5
144 142
311 186
207 61
132 73
226 180
235 148
314 39
120 54
266 16
125 98
263 212
292 174
221 52
315 190
52 18
276 255
224 198
177 175
269 89
266 237
236 64
220 218
179 92
83 15
254 2
94 40
262 32
240 95
261 149
201 53
308 191
305 294
266 195
157 132
279 202
157 145
303 55
229 211
177 126
181 12
271 264
160 15
159 146
89 12
246 37
245 193
189 170
251 159
288 59
211 182
317 149
313 305
167 132
216 28
289 36
170 163
251 234
45 38
209 76
314 218
181 20
268 4
301 101
196 7
192 191
310 145
292 16
311 201
268 156
259 140
306 292
279 249
144 53
268 226
255 36
107 3
254 195
248 189
302 184
114 103
306 133
287 94
211 192
317 234
196 166
305 26
298 25
213 83
157 139
168 64
259 51
127 108
232 130
159 36
220 207
309 273
303 163
271 35
279 22
226 193
225 182
228 122
190 89
204 104
313 19
76 33
261 154
214 212
175 19
282 236
283 233
309 232
299 171
241 155
285 5
106 18
78 40
257 85
318 111
247 126
311 157
16 6
311 245
264 41
283 170
194 68
291 269
305 221
54 37
205 70
199 96
200 78
309 105
128 54
139 10
319 51
131 99
277 13
86 28
146 118
138 121
295 190
317 298
254 46
267 237
263 31
270 184
218 102
297 116
288 145
305 177
286 7
294 171
318 302
297 250
183 160
232 80
304 147
302 114
267 157
277 237
161 62
313 163
237 112
161 142
314 202
261 101
254 19
280 55
228 159
310 245
108 68
242 74
120 103
281 34
307 6
157 106
220 144
212 130
140 51
291 224
146 97
289 94
123 110
59 17
230 200
201 176
136 37
54 34
120 13
269 88
87 80
223 18
164 86
188 93
308 293
292 275
134 5
198 114
314 46
311 216
308 148
303 29
154 68
209 54
309 107
252 132
289 286
283 200
236 186
141 7
220 95
209 123
87 32
253 110
17 11
308 110
308 138
261 142
298 142
235 31
254 21
178 72
227 186
207 116
138 17
295 35
307 273
175 153
84 72
220 126
85 62
241 104
142 59
291 205
314 51
310 124
304 89
20 0
183 130
308 9
295 128
106 50
304 45
309 142
265 60
306 197
264 13
129 104
231 131
150 4
175 116
286 207
244 63
296 162
243 223
163 48
147 30
154 106
296 270
188 99
278 29
46 12
295 7
250 205
157 47
85 8
278 234
143 27
301 254
250 136
98 61
254 133
254 115
305 81
82 74
241 133
247 195
262 14
239 15
187 150
258 144
238 184
145 90
187 19
251 16
307 35
287 184
290 41
255 194
313 270
240 89
195 94
295 244
164 27
209 146
191 171
304 215
189 158
209 159
135 33
278 198
136 131
197 118
235 35
286 87
166 46
301 164
271 55
171 79
133 125
308 23
317 33
250 70
261 133
234 159
117 0
145 64
121 68
51 5
172 63
67 15
224 47
195 93
226 170
174 65
297 106
214 139
157 126
171 136
255 57
256 87
217 101
102 76
317 277
263 92
165 80
233 8
228 76
26 19
63 39
238 213
82 43
124 41
94 72
140 76
255 232
313 115
190 156
145 61
296 178
292 136
317 239
158 1
153 146
259 157
308 133
271 5
304 166
305 262
308 62
164 3
175 66
144 124
313 309
38 22
251 189
112 100
179 158
314 101
314 123
112 91
288 98
178 51
149 17
275 72
261 22
149 94
148 114
163 128
204 19
264 220
191 69
145 5
187 30
221 47
183 161
225 158
142 65
291 8
80 76
265 29
79 33
234 33
196 194
312 275
34 1
220 86
308 219
291 159
51 10
314 121
276 67
182 151
239 182
160 99
268 105
75 0
127 81
310 189
261 251
142 103
318 215
281 42
154 129
308 208
247 125
275 29
295 174
194 26
151 71
89 67
246 149
182 163
133 33
269 218
227 226
162 64
79 37
229 24
209 136
264 42
312 291
230 126
289 229
252 53
204 47
207 94
163 88
241 236
300 37
160 60
83 2
145 98
208 101
260 221
239 85
140 138
129 96
252 168
266 7
186 92
260 237
130 65
269 27
200 92
197 15
317 68
114 18
144 25
63 53
241 153
199 141
230 29
250 92
299 45
228 40
248 2
269 163
287 169
288 6
285 185
128 33
47 2
242 114
203 9
178 28
284 95
32 1
313 66
297 231
124 83
300 10
129 23
48 10
301 251
257 91
145 110
272 94
291 76
249 28
114 56
218 72
213 20
292 67
259 207
288 249
303 272
297 175
120 21
239 80
304 47
162 160
130 93
177 64
77 54
51 50
209 198
190 129
316 200
203 81
169 65
131 83
142 129
232 172
224 79
286 39
248 241
304 158
282 184
236 172
92 7
306 268
292 83
310 232
293 61
65 44
303 25
190 135
87 48
207 71
37 32
319 73
277 268
218 10
193 98
307 85
229 42
173 60
253 227
293 153
225 169
315 51
169 159
318 18
316 196
223 90
161 115
196 174
170 41
308 77
292 18
291 93
317 28
197 81
305 56
288 61
280 126
63 11
170 132
277 257
195 133
257 48
192 1
293 56
191 60
271 211
218 122
126 80
251 12
307 154
285 44
139 86
223 95
293 96
183 48
245 235
255 197
290 17
178 94
216 49
202 168
200 141
22 13
193 62
222 99
318 11
48 19
54 14
219 150
290 196
256 207
189 111
283 112
266 144
286 107
208 80
48 43
248 91
298 266
180 84
156 13
181 53
148 87
219 125
261 200
136 19
275 121
240 76
270 48
294 199
252 4
302 145
225 207
244 114
225 91
264 120
210 113
257 241
235 68
219 139
59 3
245 226
120 39
292 231
296 27
172 103
111 77
163 93
186 3
202 59
245 172
164 17
135 85
224 75
140 87
264 162
152 133
294 1
93 55
129 106
260 184
227 161
293 45
247 230
309 85
162 94
108 89
241 20
157 52
246 223
55 54
299 94
81 19
308 79
150 112
138 51
114 93
42 4
236 38
267 106
208 112
255 216
241 30
307 236
159 76
174 67
316 199
98 36
251 116
218 153
251 167
267 253
252 189
294 276
318 162
270 71
282 23
188 145
243 73
229 182
194 18
288 139
252 105
255 202
247 130
191 108
256 225
308 167
293 213
245 11
112 24
298 144
265 168
309 191
252 100
236 61
304 177
196 172
158 87
203 80
195 142
206 44
96 49
224 124
170 35
195 113
182 85
204 70
169 29
292 242
176 16
245 244
281 20
314 146
77 68
279 259
261 241
202 113
249 137
130 30
289 45
147 26
83 25
290 126
211 83
304 181
141 11
204 123
95 92
266 90
297 145
304 259
238 198
249 221
87 63
126 74
243 55
96 40
205 118
284 0
266 148
300 22
266 117
296 213
205 126
246 77
204 20
202 174
287 46
230 4
295 67
300 192
232 13
292 194
203 88
295 266
55 6
