300 900 320 2500
297 201
227 68
85 23
247 220
228 215
231 192
192 112
240 208
233 87
256 7
88 51
252 235
27 10
248 13
232 139
257 107
242 10
132 15
200 23
181 92
254 104
122 7
218 42
68 40
162 39
63 29
281 67
209 109
229 225
264 103
118 104
229 210
253 134
67 44
190 149
86 16
238 226
215 202
78 50
208 149
279 96
174 18
81 28
160 150
294 276
164 2
210 83
101 84
88 72
23 17
252 212
51 36
162 137
258 12
130 16
220 36
270 32
114 33
118 112
158 148
161 6
220 63
133 68
274 106
258 50
101 78
38 14
271 236
175 116
237 189
165 109
267 183
173 128
57 41
170 88
261 42
281 27
283 191
227 18
282 180
238 132
50 47
158 101
116 46
264 3
292 124
299 148
203 44
96 75
289 282
268 222
232 121
73 32
289 202
134 129
266 118
212 62
68 1
188 120
181 156
244 34
107 49
202 107
209 64
143 50
291 113
259 99
90 44
228 185
274 257
253 237
265 78
292 218
204 191
90 61
291 270
82 62
177 14
142 141
270 189
167 9
187 156
128 84
296 265
264 160
262 50
218 119
177 75
126 20
144 108
295 25
262 74
259 64
103 80
292 4
164 82
269 20
217 35
298 4
221 52
85 80
142 62
104 6
206 201
177 112
166 26
235 101
278 188
260 237
182 13
292 43
72 25
72 57
98 37
157 9
252 115
90 73
240 120
99 36
197 149
276 246
290 280
262 202
124 123
271 175
151 48
245 99
133 65
283 61
91 2
117 95
222 129
289 106
244 90
61 42
185 35
71 29
286 283
116 115
256 224
268 219
299 137
186 164
177 102
299 46
191 148
175 123
276 120
266 184
204 27
194 154
130 110
187 176
243 135
182 106
219 130
197 140
213 126
208 96
217 95
272 17
65 14
260 255
133 129
144 45
259 100
213 98
172 19
86 28
196 133
133 112
278 151
249 193
145 144
273 109
267 1
28 25
130 54
206 144
270 62
151 145
125 72
142 96
268 61
239 238
156 139
107 86
153 54
178 11
233 219
296 19
95 73
66 49
259 92
179 112
199 99
145 120
232 162
296 108
225 27
198 63
220 197
78 30
110 26
296 281
285 223
252 88
216 187
160 132
128 61
165 9
217 30
269 245
202 1
291 212
194 98
275 269
190 37
205 203
51 11
68 23
209 77
81 52
215 123
52 27
188 135
286 153
57 19
232 54
284 18
201 62
276 253
265 256
270 215
261 61
218 177
259 155
215 71
139 107
280 61
292 30
159 44
102 42
284 65
258 143
201 99
230 148
283 157
248 245
144 64
158 14
168 65
230 85
138 123
115 30
161 127
192 181
211 5
299 147
256 25
242 56
200 91
126 59
175 30
258 166
238 131
190 176
225 223
242 226
250 77
151 105
190 101
218 71
172 130
228 71
234 192
149 24
270 169
233 106
250 165
127 104
246 53
216 176
238 176
286 240
178 100
263 239
282 100
150 15
184 13
38 34
22 17
123 2
273 191
20 13
273 262
141 37
115 53
253 218
72 63
116 110
191 5
240 86
215 64
272 3
167 149
136 58
212 101
263 57
239 158
182 3
250 54
85 42
107 45
78 24
116 56
118 66
218 102
281 109
290 221
132 63
235 125
287 230
184 183
254 7
173 99
110 87
240 51
106 64
177 143
258 127
228 133
266 262
208 102
179 157
142 81
275 218
195 179
76 3
109 36
162 135
188 178
94 11
266 194
262 28
184 33
114 56
19 0
217 56
295 20
34 19
296 229
145 142
68 33
42 27
42 29
214 64
187 89
72 64
282 216
129 55
231 45
277 180
163 4
248 211
190 64
290 52
223 165
266 89
186 156
290 268
256 20
194 16
293 32
261 154
26 11
285 148
107 72
298 90
202 49
276 100
194 95
186 33
246 70
206 90
81 54
136 74
125 12
267 28
150 46
226 99
166 142
152 83
266 17
145 96
262 155
296 166
68 15
261 258
209 21
224 14
231 54
109 60
149 123
280 145
218 100
216 61
218 11
277 14
264 13
216 202
186 44
298 280
284 133
193 43
140 14
254 215
295 59
290 33
213 110
273 147
223 155
254 35
271 240
130 86
268 68
116 44
69 23
276 121
254 46
247 72
113 57
221 86
23 18
222 193
56 5
299 87
126 95
275 210
134 99
231 174
247 239
256 214
167 18
196 61
222 0
207 36
240 198
285 159
158 154
220 169
280 123
162 45
155 111
106 40
270 103
233 20
52 30
254 196
234 127
218 211
299 232
195 193
216 20
217 0
88 17
217 18
25 6
275 56
72 28
88 40
289 166
106 75
278 46
225 167
217 116
158 119
260 90
236 203
46 15
160 158
184 29
186 71
270 151
65 34
175 173
232 90
192 130
124 106
138 79
186 185
276 249
192 1
46 42
170 83
89 53
154 113
187 70
286 258
195 68
283 54
109 23
252 137
166 118
271 239
292 212
244 68
285 69
236 11
146 14
195 152
279 118
264 176
154 147
30 25
84 6
285 27
279 115
252 18
92 83
69 47
162 144
251 107
76 44
246 8
41 1
274 214
75 35
127 120
218 17
244 131
133 116
196 39
177 128
289 105
103 37
153 112
80 74
231 36
118 113
224 138
81 22
212 87
135 25
140 64
178 113
275 95
151 12
130 113
278 199
285 172
217 123
227 57
251 77
174 170
164 47
119 95
264 39
280 235
299 289
294 30
84 79
286 205
172 4
105 14
108 83
207 100
198 182
260 132
230 206
180 19
137 50
139 64
202 97
229 200
131 114
274 123
230 224
216 81
272 115
200 104
189 119
210 24
227 146
237 101
198 92
124 114
190 52
209 107
262 67
213 71
258 94
156 31
133 26
112 20
37 7
150 59
230 197
239 100
131 80
183 65
292 261
205 184
156 120
106 84
272 215
289 140
293 0
179 75
269 196
276 157
260 170
131 118
186 29
291 157
191 166
180 3
229 192
251 67
254 176
148 76
247 151
292 3
298 283
273 115
276 135
105 31
269 211
216 62
267 26
232 71
264 216
167 92
233 123
219 144
168 92
294 12
278 219
296 237
182 63
136 5
76 31
238 104
205 66
225 113
205 133
298 134
200 126
190 137
68 62
134 127
109 57
297 79
129 42
251 240
184 105
104 57
236 88
114 34
170 5
221 87
216 193
266 214
154 122
82 58
296 276
278 9
129 36
207 47
144 39
230 154
207 148
152 150
226 184
69 37
268 232
130 8
297 139
246 165
163 34
215 199
175 131
205 51
203 23
164 4
179 10
87 56
149 118
174 89
233 215
262 71
294 217
175 93
289 78
202 165
41 0
250 11
266 64
168 166
155 105
213 138
281 61
266 2
237 235
229 142
266 109
164 29
262 183
192 136
152 97
132 114
168 18
148 130
228 142
258 101
173 51
124 74
250 90
227 217
186 157
292 77
277 177
233 47
15 4
109 102
296 189
141 22
268 169
123 70
287 39
264 114
296 38
258 248
297 288
88 14
261 129
250 242
222 37
211 180
237 46
178 80
212 94
104 29
77 48
194 52
179 82
240 52
124 119
199 5
68 19
229 72
116 59
172 157
285 39
290 258
256 129
136 124
270 265
140 68
299 223
270 220
266 159
273 65
202 163
247 2
155 5
220 57
134 101
130 101
260 218
275 115
200 39
100 3
238 14
245 95
286 21
85 55
299 123
234 168
78 60
226 23
298 263
184 39
227 60
279 78
168 149
147 75
252 246
274 264
227 182
27 4
248 208
169 49
294 3
281 181
171 95
139 1
281 224
221 17
256 43
203 65
76 68
200 61
296 32
161 144
164 57
228 9
222 112
288 55
299 116
82 4
74 47
173 125
28 5
162 30
279 42
212 193
225 71
163 16
179 78
284 275
219 158
93 10
250 228
80 9
163 26
228 33
206 103
292 170
230 51
112 48
117 11
193 188
202 148
241 169
158 81
245 244
284 123
226 170
247 157
89 37
285 111
270 181
244 113
143 54
209 74
239 38
291 53
160 157
228 51
274 57
287 84
282 245
121 81
160 119
279 176
273 172
164 115
152 15
289 44
181 177
131 91
319 185
207 53
130 72
313 281
213 7
198 8
278 120
201 156
228 113
298 63
242 77
88 6
199 128
260 156
123 114
292 10
244 189
270 57
269 39
252 8
283 184
288 196
261 236
318 187
211 51
204 192
168 111
220 188
237 206
76 60
295 82
285 21
192 191
196 15
128 99
207 185
294 233
245 142
40 36
203 160
264 114
128 85
200 138
150 108
242 119
87 36
294 220
228 131
127 75
272 176
193 97
313 4
162 121
93 65
244 160
306 202
315 104
175 68
173 56
52 43
88 44
96 41
127 115
198 83
148 102
148 19
87 43
303 17
280 87
138 106
196 130
315 130
87 16
318 3
198 85
80 64
189 99
227 133
268 123
313 308
293 219
248 76
172 13
244 115
192 16
309 55
189 55
284 150
200 117
191 181
257 171
266 230
192 34
264 1
286 101
287 255
209 180
143 49
307 138
305 262
262 231
209 141
254 41
237 220
190 48
250 2
205 137
303 62
225 218
298 210
223 75
256 164
287 208
312 26
295 122
81 2
180 80
317 278
300 76
107 96
246 108
271 105
31 8
284 15
161 52
192 102
302 110
208 147
129 19
172 127
246 68
319 189
213 170
239 221
209 137
311 71
258 57
283 10
222 138
50 42
202 165
224 179
228 84
139 131
219 99
291 252
232 39
184 158
314 37
233 160
266 143
140 49
238 129
298 272
192 29
308 65
158 52
208 62
286 158
216 8
263 138
273 268
233 222
177 90
309 49
223 118
305 166
182 51
15 12
63 31
302 271
175 167
310 213
75 25
316 240
164 5
272 187
125 71
316 20
311 212
191 40
149 117
185 148
242 63
264 223
152 22
257 57
282 102
198 146
289 60
248 116
310 128
227 159
223 171
114 31
317 27
187 113
113 34
108 76
305 177
238 17
225 102
267 101
298 296
214 41
156 135
67 57
272 155
288 190
224 123
138 98
199 150
274 146
234 153
277 56
204 134
170 119
174 122
216 182
172 41
316 68
260 117
260 249
144 139
77 29
222 155
317 266
309 1
284 24
234 180
310 185
209 63
204 99
285 174
299 182
284 242
126 100
283 151
252 14
307 121
252 57
214 105
316 279
86 12
175 55
40 1
210 111
221 75
147 78
261 79
303 7
138 121
213 111
288 197
211 34
198 102
166 119
254 169
219 12
246 192
113 42
151 26
47 26
103 7
286 273
209 201
251 50
273 216
304 173
287 105
154 83
305 237
306 64
36 17
55 48
269 2
202 5
170 143
98 87
212 45
226 66
216 106
142 68
308 179
178 151
189 7
249 59
200 141
289 150
313 184
268 252
144 36
319 157
237 76
271 73
288 251
259 135
287 118
303 176
219 169
272 241
319 270
301 201
248 236
199 36
204 0
275 248
282 236
294 256
156 91
70 42
183 25
263 236
271 125
213 55
283 2
189 51
277 72
242 73
263 22
59 35
157 1
48 26
288 246
168 135
36 7
230 91
203 119
91 75
149 141
303 264
178 135
249 139
282 176
198 163
240 147
266 49
156 117
218 75
298 138
227 47
103 54
182 116
311 217
158 59
120 21
296 94
296 214
209 33
240 109
308 195
129 32
138 33
69 8
115 57
54 4
152 74
122 78
268 130
255 216
204 57
57 5
63 58
240 80
278 12
217 82
252 134
259 212
217 117
280 59
261 142
147 119
308 59
74 8
229 167
226 146
50 29
267 214
284 253
144 124
226 59
318 15
91 23
115 22
221 17
86 22
87 61
68 38
260 126
315 157
144 45
189 106
233 112
65 7
168 80
312 105
292 118
286 223
192 186
318 264
199 51
295 147
230 170
248 150
188 62
284 162
126 111
13 5
249 51
265 242
64 52
172 2
274 210
157 151
276 166
286 272
212 119
264 93
226 105
129 81
212 79
199 45
281 271
232 82
314 113
267 90
130 95
271 147
241 176
213 201
167 10
235 206
86 83
140 115
212 152
96 32
268 48
77 47
131 124
150 93
139 42
319 248
312 186
267 83
262 77
226 13
209 123
285 209
206 130
273 97
188 18
270 9
2 1
145 65
193 110
302 176
46 12
182 131
55 49
308 260
255 146
285 123
301 5
149 9
278 140
319 240
185 113
177 0
239 128
211 175
180 38
295 88
230 141
170 96
217 70
167 39
153 52
290 13
179 125
281 229
291 5
285 176
283 233
312 284
287 143
309 216
222 67
103 91
242 42
108 15
261 187
89 65
226 188
314 44
237 197
281 63
226 118
68 49
289 68
294 87
163 10
144 103
163 69
195 120
298 88
147 115
283 113
227 64
311 51
119 105
240 194
318 134
256 50
297 249
10 8
168 97
276 15
268 137
230 13
169 22
138 87
189 90
20 11
183 39
100 45
191 161
309 214
223 204
313 41
253 246
137 115
58 13
279 60
172 26
280 60
73 45
279 56
271 224
230 219
305 288
191 141
212 208
239 62
257 82
311 15
222 6
278 277
156 34
297 142
202 10
272 36
294 126
119 67
288 96
105 42
160 159
211 111
29 17
46 42
237 41
279 196
291 213
266 159
287 231
117 82
242 36
255 222
161 7
138 122
201 171
173 57
298 213
180 138
250 198
121 90
308 231
263 33
241 230
163 35
140 75
220 161
157 69
145 11
238 163
181 24
280 75
314 137
243 33
150 119
316 221
105 68
296 60
212 184
194 21
319 311
312 126
75 2
307 206
146 86
153 80
234 35
236 1
267 107
282 92
318 122
229 85
301 30
295 178
266 111
175 147
254 43
224 116
273 140
238 186
147 42
190 53
299 120
133 118
309 175
158 22
156 77
194 170
291 228
250 16
107 5
119 51
293 71
213 212
310 106
166 8
126 19
270 216
82 50
114 33
295 252
82 21
316 102
86 65
112 61
110 84
177 8
190 50
60 56
294 156
277 135
271 128
77 50
69 12
260 115
278 35
185 171
223 116
299 187
235 188
313 77
207 66
165 28
216 4
297 207
296 34
158 77
57 22
254 232
270 88
231 40
263 142
247 76
238 206
286 43
88 60
154 96
211 93
264 13
309 106
267 58
236 121
166 102
315 128
222 191
311 27
185 6
113 106
99 89
155 153
160 103
208 167
79 55
281 224
196 43
231 18
135 33
305 184
285 5
134 12
228 170
315 302
233 156
273 37
201 63
189 166
182 94
172 54
159 152
133 35
254 102
278 258
261 201
250 170
274 100
304 234
95 64
294 136
67 42
127 27
205 74
291 91
172 120
220 12
127 32
318 79
197 188
69 9
165 3
271 175
307 304
207 154
162 73
198 52
228 180
167 152
292 262
177 88
97 52
284 133
35 24
79 26
212 9
118 23
297 149
189 86
246 109
181 4
290 66
230 37
62 42
193 150
217 157
237 175
319 132
202 89
206 89
281 162
280 58
297 150
287 60
304 59
233 140
231 137
147 16
234 123
210 164
112 43
105 69
111 32
290 134
312 53
283 88
93 76
216 108
183 150
243 152
265 129
235 103
218 120
165 47
282 266
196 31
239 29
275 189
182 18
205 147
277 110
158 55
176 87
194 53
283 159
264 136
301 237
135 90
296 176
279 7
277 22
286 191
148 58
216 145
170 142
179 10
271 235
194 45
190 162
319 113
145 121
208 55
159 87
55 32
310 199
101 13
310 261
164 86
295 43
276 159
106 74
315 213
272 244
64 6
291 182
226 72
161 32
298 68
112 39
111 8
247 171
126 67
244 33
317 82
242 110
107 40
144 50
223 49
16 14
248 152
233 31
147 126
278 97
233 215
319 184
158 58
189 39
130 64
262 106
246 118
306 71
144 137
300 268
226 141
109 69
106 80
219 104
224 91
62 35
284 40
59 24
268 195
260 31
269 227
243 27
247 101
184 20
275 11
260 58
14 0
193 141
112 0
202 7
275 1
227 15
214 13
310 27
99 54
284 84
290 236
179 6
227 202
216 144
270 201
115 85
277 158
146 113
292 76
193 154
153 152
195 161
260 250
262 54
223 89
150 101
144 126
274 9
164 79
107 67
308 21
200 189
212 21
45 35
152 100
284 260
286 250
109 7
74 45
241 55
294 238
18 1
317 159
231 132
174 11
157 4
123 97
261 8
195 111
111 81
277 136
265 45
205 174
208 49
226 198
294 212
197 193
244 213
316 173
144 105
155 150
252 226
232 72
262 185
309 134
263 65
259 158
306 162
247 119
198 4
290 92
184 149
234 39
144 33
287 11
278 19
270 64
139 105
311 296
277 236
193 136
195 167
281 136
300 170
162 48
170 86
276 232
300 43
319 0
272 147
226 18
180 139
244 167
259 151
24 6
154 87
225 115
115 97
216 27
289 153
293 100
236 103
295 117
192 74
317 7
218 57
282 20
200 131
237 210
220 216
310 26
176 69
150 58
234 156
190 82
311 218
85 63
213 27
252 192
138 16
137 13
301 272
118 17
293 148
14 11
258 133
92 47
122 25
70 59
317 250
244 177
40 33
292 46
277 55
223 167
290 176
284 123
232 148
141 57
277 25
159 71
306 301
185 37
73 60
295 84
285 168
307 110
247 215
260 76
104 44
103 1
263 187
114 82
264 26
289 145
244 194
246 198
173 50
214 150
255 200
319 261
118 95
204 172
200 135
126 77
296 236
295 41
299 278
183 44
304 151
309 303
147 84
281 235
97 81
268 173
294 11
299 204
223 26
263 88
109 77
103 73
319 195
233 26
183 67
100 33
71 46
302 139
227 129
306 139
221 220
285 129
226 158
312 211
189 104
39 18
209 78
247 50
228 50
175 116
249 63
136 46
32 11
219 118
294 181
301 24
297 228
271 64
289 235
70 58
275 266
252 133
189 165
295 279
178 162
31 22
262 108
238 64
41 20
262 137
287 70
224 33
174 5
196 147
66 53
279 104
157 108
209 150
294 221
125 16
107 92
310 215
290 8
173 40
209 162
257 205
236 48
160 143
272 199
231 78
289 225
219 158
311 2
227 61
141 132
284 155
193 59
198 54
113 49
221 65
319 241
218 82
154 75
272 249
236 179
52 12
200 108
48 29
182 43
180 0
264 159
101 67
127 105
309 202
311 70
229 2
266 100
306 112
179 35
308 258
296 55
231 203
270 43
224 28
247 193
271 16
303 131
286 275
289 183
170 57
293 199
223 162
103 80
112 16
176 127
287 32
270 171
112 27
272 156
55 12
69 53
165 100
315 65
64 8
186 51
289 146
260 167
59 2
203 178
249 98
229 8
308 201
283 114
122 11
206 59
157 29
224 57
208 203
265 178
301 164
200 166
309 184
243 135
69 60
317 92
305 266
236 19
318 183
124 7
268 60
204 54
282 64
260 55
255 250
123 44
249 75
314 22
281 30
307 83
217 26
220 194
239 51
220 49
80 21
296 282
192 57
282 254
196 107
279 98
269 88
290 15
160 52
224 142
111 47
115 47
178 90
233 219
309 23
234 6
168 149
228 26
313 62
122 93
317 175
158 86
270 129
238 198
71 65
262 216
183 73
185 135
75 3
297 100
164 116
196 0
36 11
273 153
206 26
187 48
300 85
191 171
224 2
207 148
202 79
269 267
188 4
210 39
291 89
203 52
293 118
58 16
37 0
254 106
203 161
120 44
137 78
235 94
238 144
297 39
273 233
259 189
54 14
218 11
283 180
257 134
141 83
268 1
274 64
259 226
244 162
109 55
189 59
169 59
151 106
264 152
284 89
119 32
233 154
270 214
238 16
317 188
265 4
227 105
305 187
243 94
248 24
80 30
227 136
76 1
137 120
120 73
242 98
299 265
79 20
271 261
273 260
312 29
273 182
261 144
238 65
277 33
283 7
286 204
310 36
291 236
98 6
161 61
275 173
311 57
115 2
247 33
122 84
88 7
285 15
144 131
129 65
251 171
120 17
268 253
89 23
167 140
144 80
262 7
311 78
201 41
283 242
302 171
271 221
172 46
197 65
255 12
212 27
283 240
297 28
132 9
298 282
204 60
266 73
208 191
96 43
255 55
259 43
199 9
235 192
144 31
86 41
247 43
166 147
92 66
195 166
261 245
225 129
303 173
132 115
105 17
219 71
206 7
172 61
193 47
237 59
243 102
304 170
249 109
307 21
81 68
313 25
105 21
86 72
316 241
198 43
176 88
193 190
167 139
67 43
282 155
193 74
181 80
310 153
245 198
305 294
260 4
240 188
309 287
273 246
183 8
155 154
192 113
119 25
286 239
148 142
187 144
164 32
197 42
302 105
97 73
137 123
219 161
243 192
271 82
113 93
269 195
251 224
287 35
158 46
306 303
293 65
192 11
104 15
169 7
236 183
19 8
188 66
300 141
116 69
170 154
215 82
160 63
280 44
209 39
276 233
239 77
95 67
63 47
308 23
304 45
305 87
221 26
232 61
205 93
318 280
264 138
168 64
263 171
230 87
236 108
114 90
230 104
293 76
208 104
263 78
114 60
289 202
287 132
225 98
85 58
309 136
293 70
220 104
119 78
279 53
91 57
236 3
261 50
148 100
264 194
285 85
19 10
206 192
227 24
142 40
172 64
206 148
314 21
156 110
306 125
177 71
147 50
194 128
171 133
109 62
266 161
227 120
227 49
269 185
164 112
172 79
156 123
319 221
205 150
157 110
209 48
243 67
111 103
190 3
79 57
302 40
277 242
226 206
272 131
283 237
158 91
259 29
285 93
183 178
294 19
243 218
267 220
277 30
161 80
102 101
297 20
61 6
69 41
181 52
291 49
193 75
201 39
280 193
268 118
203 19
256 34
69 36
319 238
62 45
270 261
185 71
131 22
238 19
170 22
212 65
255 204
207 97
284 259
109 25
247 8
300 0
55 20
315 8
246 57
293 146
185 162
244 145
298 53
173 134
166 3
159 5
185 10
257 117
317 195
315 82
149 11
202 159
308 0
289 4
65 55
305 263
203 126
281 223
298 194
139 0
319 249
262 200
225 25
53 52
231 58
231 21
173 71
177 92
307 190
109 18
280 118
210 4
315 187
94 25
273 64
119 108
220 124
314 261
23 0
61 30
288 41
200 186
256 157
291 28
279 102
101 38
93 8
271 222
309 85
170 25
297 162
230 227
210 13
254 234
281 60
313 158
143 47
293 216
269 96
148 70
115 50
268 13
130 71
222 107
232 66
118 61
250 69
193 31
289 162
90 76
232 227
281 186
247 120
236 8
248 38
316 56
241 196
311 298
104 75
308 106
257 244
85 19
239 168
180 147
226 190
147 101
312 259
312 143
312 56
312 41
185 61
300 11
287 111
307 24
86 74
233 214
271 225
259 75
71 63
157 77
207 22
219 20
214 20
165 140
316 199
150 128
280 246
301 178
149 58
251 142
210 178
43 16
149 131
230 143
298 8
251 153
295 161
308 246
262 95
203 107
124 112
309 179
236 191
177 84
308 215
202 58
218 139
62 6
269 83
146 25
282 43
286 241
251 246
50 36
291 93
63 20
133 89
137 21
88 83
316 93
256 24
224 60
260 51
305 71
70 14
178 163
169 30
316 266
122 0
255 52
307 59
151 105
161 0
83 49
268 122
279 34
281 32
209 93
121 92
221 98
147 139
273 204
308 68
217 174
162 96
290 129
273 160
219 134
231 120
256 26
219 4
173 69
199 107
193 25
288 74
226 54
305 259
215 47
314 77
279 77
268 22
246 1
306 87
286 103
169 33
236 18
307 277
159 112
309 305
259 115
285 1
106 21
310 233
197 163
180 49
203 6
102 54
189 22
162 157
35 3
3 1
180 156
303 158
305 64
104 79
258 18
215 33
167 58
303 5
128 103
311 308
226 65
219 92
283 21
318 272
194 36
207 164
209 182
216 72
166 48
173 53
189 102
161 111
249 78
81 52
124 43
242 85
306 120
246 33
129 75
230 101
258 251
259 90
173 39
95 32
170 116
188 182
311 154
110 69
274 155
264 24
121 39
266 125
182 117
194 97
216 185
312 157
216 64
309 6
204 72
147 6
71 61
204 132
251 237
293 132
112 11
190 137
158 63
221 201
236 15
237 68
294 59
293 129
186 65
129 28
115 93
202 148
275 14
43 19
255 9
119 75
312 275
167 12
315 198
306 24
248 101
183 163
174 92
190 172
175 45
154 107
204 104
247 196
313 266
190 27
301 161
261 218
183 69
291 32
253 54
167 23
87 39
245 105
304 267
154 38
291 56
67 31
294 244
274 188
277 104
109 70
286 201
218 172
313 166
243 210
296 71
287 42
251 216
277 206
150 17
235 46
221 142
119 93
284 161
230 120
251 40
244 180
306 52
162 83
167 102
183 103
210 92
191 121
91 55
189 82
189 65
117 47
210 65
230 209
312 132
263 2
121 40
129 107
268 79
141 139
233 216
129 125
241 206
198 34
203 65
279 146
83 28
195 191
128 40
223 105
245 36
214 65
284 215
223 60
120 76
296 67
219 194
285 169
317 75
97 49
195 74
131 34
41 32
301 93
175 15
308 180
211 36
266 60
274 58
291 62
112 44
75 66
312 36
282 185
214 86
231 80
76 21
295 47
116 20
306 84
238 85
258 141
291 86
268 266
300 110
161 65
71 58
66 9
195 17
286 120
108 2
294 267
183 133
250 60
52 0
221 136
217 133
51 35
132 114
64 40
188 84
77 32
297 147
162 131
155 86
219 176
231 155
239 69
208 101
201 132
218 22
314 63
138 20
110 91
269 112
210 181
43 0
308 117
145 72
252 182
264 145
178 35
135 41
96 76
179 34
237 181
185 33
117 62
298 141
315 278
189 95
311 84
317 124
157 3
306 173
318 241
222 127
236 53
195 169
317 107
266 58
306 109
215 46
206 22
170 8
308 5
99 78
126 35
152 98
161 145
31 10
279 171
259 210
213 44
257 88
165 64
268 196
294 268
248 210
124 42
220 61
167 86
307 198
209 86
205 23
118 90
318 116
289 212
276 137
194 69
309 260
200 116
193 76
319 247
237 168
151 71
214 186
214 27
292 116
205 32
202 50
88 14
290 223
177 127
221 105
250 89
96 20
279 109
314 58
272 32
284 63
236 49
281 180
256 189
296 288
260 157
212 89
253 102
308 120
124 34
213 186
241 80
264 94
190 41
162 58
259 112
287 40
220 67
117 75
227 190
201 90
242 206
294 21
247 79
194 5
228 206
307 45
212 40
238 146
310 65
198 88
219 155
148 130
279 178
252 227
130 88
233 228
268 51
278 1
244 25
309 172
297 202
266 69
306 58
176 144
106 37
253 175
249 158
155 132
108 0
148 136
109 29
284 280
256 46
201 49
208 184
189 79
257 18
307 141
205 4
147 0
108 7
297 194
197 32
239 237
196 123
85 2
244 241
266 53
273 47
293 155
239 86
300 167
128 57
311 292
225 107
134 76
151 120
309 124
221 67
311 140
135 120
82 11
214 37
278 227
128 127
229 210
31 11
297 153
249 99
273 4
199 60
182 175
109 11
107 43
247 24
214 143
66 12
306 27
153 114
284 30
170 83
299 24
226 131
122 87
47 20
79 62
208 105
64 17
208 25
178 172
219 83
224 83
226 27
291 234
169 17
208 52
146 75
214 79
236 217
316 253
295 184
157 18
127 102
183 132
205 10
292 155
96 72
135 64
224 100
133 30
314 38
80 44
315 240
15 5
24 17
283 143
283 11
133 90
309 88
311 268
245 166
139 99
283 256
75 28
223 35
209 178
74 26
154 40
311 152
256 7
117 116
87 73
265 37
233 178
297 172
318 71
319 4
292 252
80 68
41 8
165 70
236 229
217 77
296 102
119 16
162 103
290 127
175 95
213 157
260 237
310 201
114 106
32 13
237 23
228 87
273 252
195 117
217 97
275 166
292 162
313 255
209 36
114 86
235 28
294 47
311 173
303 162
179 84
271 265
276 18
295 113
302 2
99 3
207 33
266 259
276 252
102 13
132 89
234 170
175 76
99 68
118 117
270 178
161 58
54 10
275 3
166 51
179 91
162 118
202 147
310 115
151 48
210 83
186 47
215 101
146 0
155 17
244 218
61 49
270 250
178 73
143 113
158 33
272 230
319 204
300 38
147 27
260 225
264 125
138 61
301 228
126 1
181 130
262 152
288 114
202 139
244 163
143 119
282 152
256 38
311 18
316 298
195 144
247 220
293 142
246 35
194 166
256 33
167 128
239 48
106 86
290 286
255 37
316 55
175 38
237 163
212 164
184 55
119 46
303 116
11 9
223 128
134 88
262 183
285 61
157 80
188 33
180 11
268 202
241 136
306 185
118 113
281 158
243 13
274 74
316 151
253 172
249 54
295 172
179 150
129 30
156 65
266 262
170 162
261 107
132 68
201 197
306 26
162 45
305 97
242 189
142 89
206 111
232 169
235 124
217 109
153 135
172 4
317 249
47 13
220 85
210 186
142 96
292 288
101 23
76 12
155 108
251 212
160 82
275 60
30 18
256 35
275 212
270 237
164 19
286 147
264 205
293 268
183 162
292 97
293 72
298 183
303 168
306 66
230 180
167 24
98 44
292 177
200 129
215 78
258 164
299 270
231 168
296 83
161 131
277 133
305 81
226 183
218 87
160 149
137 84
70 53
291 81
236 88
190 7
313 127
133 113
200 194
222 204
228 53
89 57
273 137
245 135
299 147
115 30
217 85
139 98
255 121
279 125
202 72
276 266
300 59
222 50
223 188
256 219
81 30
260 81
190 72
287 227
319 17
145 95
316 42
160 26
292 120
318 18
97 46
295 94
296 216
282 65
291 27
315 144
251 70
281 195
190 166
259 40
290 21
246 196
254 230
275 239
294 168
264 207
291 154
298 23
255 170
161 29
191 159
213 147
300 2
106 48
266 234
163 41
317 223
164 31
313 160
242 196
125 85
264 257
202 56
203 63
41 23
231 13
238 156
277 60
72 29
233 190
272 122
304 82
265 43
301 282
234 2
264 40
311 156
312 244
212 90
219 106
139 9
275 15
259 165
276 148
78 76
311 85
125 61
199 13
207 7
314 87
297 235
293 211
314 288
271 91
108 38
226 39
116 11
215 54
79 35
103 8
315 110
231 22
235 45
286 14
192 176
224 88
281 74
279 159
276 230
244 170
240 57
285 84
251 162
291 172
245 167
110 32
69 59
106 29
276 207
258 70
102 66
299 201
177 50
48 31
281 92
318 247
80 43
181 1
244 161
241 155
235 182
188 43
173 145
218 76
243 53
234 63
286 35
264 70
267 86
76 53
122 34
242 177
230 6
262 236
156 7
136 127
163 18
261 189
