440 1320 300 2500
297 201
227 68
411 402
424 380
303 75
317 115
192 112
365 353
233 87
256 7
313 273
315 310
27 10
408 132
232 139
372 292
423 136
327 27
200 23
181 92
384 63
122 7
218 42
68 40
316 78
63 29
384 301
209 109
311 41
264 103
380 210
324 87
253 134
67 44
391 369
86 16
306 236
390 278
78 50
208 149
279 96
174 18
81 28
437 11
307 284
429 288
210 83
389 350
418 91
23 17
407 112
51 36
357 345
308 31
340 216
430 196
376 152
362 106
426 294
158 148
393 113
220 63
133 68
274 106
258 50
101 78
438 271
322 270
175 116
380 349
165 109
267 183
342 192
57 41
340 45
261 42
281 27
364 106
401 211
311 305
238 132
50 47
389 354
359 17
306 289
292 124
299 148
203 44
429 251
400 110
435 276
402 354
73 32
289 202
134 129
266 118
374 6
68 1
438 351
181 156
244 34
328 13
363 64
347 272
143 50
291 113
259 99
346 106
317 219
274 257
349 168
265 78
402 77
314 68
378 366
408 20
439 2
177 14
432 123
270 189
167 9
436 292
128 84
296 265
264 160
336 328
350 197
301 98
126 20
144 108
295 25
262 74
259 64
303 91
420 172
164 82
415 56
317 169
313 235
342 299
85 80
142 62
104 6
378 188
177 112
166 26
235 101
423 94
260 237
182 13
292 43
319 170
387 135
98 37
401 21
252 115
90 73
240 120
427 56
371 237
276 246
387 369
375 275
396 87
377 179
310 75
245 99
321 316
431 29
91 2
117 95
344 269
313 1
244 90
61 42
185 35
71 29
286 283
116 115
306 292
313 253
299 137
383 7
332 123
299 46
433 280
175 123
276 120
353 242
369 7
366 125
130 110
187 176
322 228
182 106
437 243
339 190
328 232
208 96
217 95
336 56
65 14
343 338
321 136
416 7
400 78
435 208
172 19
368 25
432 76
366 86
363 80
375 362
145 144
273 109
393 70
325 25
130 54
206 144
431 118
387 357
384 336
376 4
379 248
388 116
156 139
107 86
422 46
310 193
233 219
304 55
95 73
66 49
418 396
347 194
199 99
145 120
379 64
360 293
225 27
198 63
333 286
317 232
110 26
438 388
285 223
252 88
344 331
160 132
128 61
434 26
217 30
269 245
357 351
378 132
361 111
365 358
190 37
205 203
358 222
68 23
209 77
357 147
215 123
52 27
429 168
286 153
57 19
421 303
322 112
358 51
276 253
265 256
270 215
261 61
314 121
259 155
398 285
139 107
280 61
301 215
420 370
102 42
310 218
258 143
326 93
326 274
283 157
415 152
144 64
158 14
425 222
230 85
138 123
115 30
377 72
192 181
211 5
362 185
378 239
242 56
434 172
381 62
438 204
258 166
238 131
395 141
432 290
242 226
349 297
151 105
377 190
373 83
370 176
326 117
234 192
321 292
348 288
340 233
350 4
329 137
246 53
216 176
309 261
286 240
178 100
303 223
384 192
150 15
333 261
38 34
22 17
347 274
300 276
20 13
416 411
358 243
393 290
253 218
402 258
314 140
395 198
240 86
346 304
272 3
372 237
136 58
335 238
402 106
318 58
182 3
250 54
351 274
107 45
435 8
411 365
420 246
218 102
374 295
362 120
132 63
424 383
429 194
304 74
254 7
422 376
340 158
411 155
317 259
412 346
365 323
439 230
390 107
333 189
179 157
406 186
372 113
195 179
365 110
436 111
366 8
188 178
317 76
266 194
262 28
435 285
319 256
381 9
217 56
335 219
34 19
334 170
145 142
404 47
341 312
42 29
372 180
187 89
412 172
282 216
427 122
231 45
368 248
413 289
409 268
190 64
320 135
223 165
369 346
186 156
290 268
256 20
194 16
293 32
309 211
330 184
405 264
107 72
298 90
421 319
414 39
194 95
363 238
246 70
391 341
424 399
136 74
125 12
267 28
150 46
436 316
344 30
152 83
424 307
402 148
384 315
296 166
425 291
261 258
360 125
310 65
407 334
337 333
407 317
343 304
218 100
216 61
218 11
277 14
368 105
323 44
362 170
396 286
284 133
193 43
396 111
254 215
333 125
412 181
213 110
404 99
383 336
339 105
427 270
311 21
432 23
333 255
69 23
276 121
406 16
247 72
113 57
221 86
338 334
222 193
426 210
341 282
339 157
303 200
300 222
231 174
247 239
415 120
316 220
196 61
222 0
351 24
336 96
285 159
158 154
220 169
280 123
321 97
417 186
414 60
270 103
233 20
308 253
254 196
234 127
372 281
299 232
195 193
216 20
352 302
386 166
409 245
25 6
304 288
72 28
368 39
289 166
106 75
278 46
327 98
367 237
303 4
334 159
236 203
323 147
160 158
184 29
186 71
403 3
341 108
374 226
232 90
388 308
124 106
138 79
354 57
384 162
417 395
402 69
170 83
415 113
154 113
368 85
410 134
402 387
368 92
423 299
306 94
406 296
271 239
292 212
244 68
426 319
236 11
370 227
195 152
422 339
429 418
154 147
427 240
84 6
364 124
279 115
252 18
92 83
69 47
328 240
415 162
76 44
350 262
41 1
312 36
75 35
127 120
420 235
244 131
133 116
438 172
382 37
289 105
361 95
153 112
80 74
391 169
312 172
224 138
81 22
419 268
414 14
361 328
436 114
378 230
151 12
373 323
309 147
421 365
217 123
387 270
251 77
174 170
346 280
119 95
264 39
280 235
436 9
294 30
303 50
409 96
172 4
105 14
328 5
207 100
401 109
260 132
230 206
422 55
331 121
139 64
435 267
229 200
131 114
274 123
230 224
407 286
386 270
200 104
393 81
363 339
417 296
237 101
198 92
124 114
301 206
393 262
262 67
213 71
430 309
392 322
306 192
112 20
398 117
343 104
346 196
239 100
334 31
328 45
292 261
373 351
384 229
438 12
272 215
381 253
395 354
364 54
269 196
403 337
333 155
131 118
400 371
362 84
191 166
434 20
326 63
373 126
254 176
148 76
247 151
292 3
421 308
399 40
276 135
409 364
372 133
383 101
267 26
318 252
264 216
167 92
322 2
349 278
168 92
392 275
278 219
296 237
412 150
400 169
419 285
430 357
369 64
225 113
379 346
432 185
200 126
190 137
315 167
134 127
109 57
307 109
329 144
251 240
184 105
348 240
396 32
392 389
170 5
371 134
216 193
382 318
154 122
423 164
358 335
411 12
129 36
207 47
333 249
381 339
340 295
152 150
332 163
325 78
395 173
130 8
409 54
437 394
386 87
319 37
175 131
205 51
203 23
164 4
383 379
87 56
149 118
438 293
349 207
262 71
426 200
175 93
308 229
345 317
41 0
363 361
266 64
168 166
155 105
213 138
281 61
266 2
237 235
229 142
266 109
345 300
422 265
436 132
381 231
132 114
409 204
367 235
379 360
386 252
418 263
124 74
250 90
227 217
186 157
433 418
277 177
386 143
15 4
434 274
423 135
141 22
408 92
123 70
374 106
264 114
370 280
364 296
371 279
439 424
327 32
250 242
337 302
211 180
237 46
344 327
321 3
424 393
437 122
416 52
179 82
240 52
124 119
322 114
68 19
229 72
320 191
302 136
285 39
386 274
389 72
136 124
270 265
359 33
343 156
400 243
266 159
365 348
395 79
375 179
364 240
357 327
321 290
130 101
260 218
315 103
399 68
100 3
309 275
369 33
397 248
85 55
365 257
409 395
308 51
420 287
298 263
184 39
367 280
363 203
340 85
338 127
374 59
274 264
227 182
429 8
248 208
364 218
375 233
405 330
171 95
139 1
317 86
221 17
256 43
415 372
76 68
200 61
348 305
323 76
325 295
228 9
394 45
324 35
315 160
82 4
429 379
326 182
371 144
426 370
434 247
363 242
225 71
386 110
404 118
421 398
219 158
376 213
250 228
80 9
330 136
361 264
427 410
439 310
307 292
112 48
117 11
193 188
202 148
434 278
409 25
245 244
409 347
226 170
247 157
89 37
285 111
430 21
244 113
381 293
363 334
239 38
392 162
160 157
334 15
417 40
287 84
349 326
342 101
324 201
433 396
368 10
361 177
344 133
289 44
431 378
311 108
436 125
335 44
253 243
397 194
398 180
303 128
210 134
408 113
400 287
294 274
432 216
422 194
114 73
329 107
188 34
408 308
77 31
165 63
430 156
337 191
202 157
140 7
387 9
150 129
205 47
173 14
205 123
370 222
366 167
188 158
335 161
339 180
282 250
353 15
339 213
325 210
435 92
326 155
204 169
112 61
172 151
357 241
322 171
423 151
66 19
322 263
385 106
365 165
357 238
339 150
432 116
254 75
433 144
405 332
182 131
175 7
397 12
342 323
288 239
418 279
214 178
111 88
214 2
258 216
366 353
265 117
244 231
277 227
216 105
284 100
375 369
148 128
245 0
378 91
346 45
381 349
309 106
404 92
381 333
418 325
421 267
279 238
353 254
423 11
414 302
368 290
410 73
332 65
304 170
393 28
359 37
253 100
265 250
404 316
186 177
349 228
158 25
345 227
75 47
288 79
234 221
401 293
318 270
300 203
206 180
317 275
410 231
359 216
288 99
204 40
418 12
227 188
271 131
404 205
264 179
214 25
429 26
361 93
366 135
291 236
222 52
319 221
424 310
322 165
257 61
385 145
285 61
214 3
178 32
432 44
155 53
299 77
316 156
128 39
93 45
429 355
418 181
406 176
250 230
364 45
286 56
417 351
393 203
308 60
386 174
436 346
371 201
428 147
271 1
235 86
135 120
375 244
396 7
294 91
365 297
256 165
355 17
393 30
187 30
408 138
169 13
121 100
256 104
279 119
270 186
303 208
356 46
411 219
164 98
306 286
235 18
377 220
270 216
361 36
319 124
223 161
263 118
45 18
389 185
244 32
345 130
337 81
362 35
290 115
280 167
403 197
81 30
276 263
387 260
62 8
362 325
209 90
92 53
360 251
237 78
346 20
128 26
355 325
331 5
308 139
224 133
163 53
20 5
109 45
245 58
318 201
109 1
391 48
386 217
292 14
246 101
227 158
424 401
259 148
286 144
398 26
191 112
222 146
291 99
323 221
140 81
230 108
323 47
167 129
258 105
389 99
259 52
231 19
275 20
399 240
403 142
215 196
178 81
370 67
203 2
333 276
395 251
75 70
199 91
413 114
328 9
419 59
240 127
317 290
304 277
384 280
341 273
381 89
104 27
230 191
365 27
371 242
210 190
410 272
127 94
418 274
123 114
385 107
174 139
371 232
316 187
332 71
432 291
326 300
128 48
358 2
401 115
314 73
286 105
337 48
360 63
218 165
126 23
387 109
97 38
381 44
230 14
392 130
190 46
271 219
421 146
106 73
431 399
264 224
362 222
163 148
395 333
259 154
308 125
321 147
128 58
236 80
229 87
306 296
370 255
246 55
308 210
401 50
296 252
414 129
365 18
122 32
333 328
338 141
378 240
427 334
142 55
189 122
361 72
336 183
307 35
274 156
336 127
153 13
431 253
339 119
433 133
374 243
249 155
328 10
263 61
367 282
293 105
210 188
204 25
363 222
250 0
270 150
191 40
422 132
200 14
58 46
327 275
435 301
220 8
285 3
177 175
385 260
297 18
400 71
156 75
413 178
361 202
353 149
367 181
68 38
179 36
229 102
385 133
242 186
184 130
170 10
234 138
391 272
326 262
213 174
402 275
319 177
270 87
377 308
154 33
377 131
364 134
122 90
284 107
277 75
179 72
220 211
370 4
98 25
186 132
434 294
264 187
381 40
385 33
416 229
214 46
113 103
415 136
398 368
265 6
172 148
355 112
195 42
245 223
423 163
163 0
393 134
427 267
266 179
264 165
415 99
317 210
398 156
325 181
437 387
374 77
365 184
205 89
265 127
322 203
411 210
421 276
398 92
181 0
170 74
276 84
342 174
96 76
277 235
189 145
373 229
357 231
434 429
408 192
283 96
302 140
134 18
153 130
186 71
222 144
137 1
299 31
256 176
76 16
254 224
99 55
285 120
196 82
186 132
166 9
271 191
206 62
249 224
178 120
142 108
67 42
178 95
263 27
222 216
190 162
147 83
85 32
21 19
253 103
225 66
296 81
257 81
288 143
140 123
189 163
120 100
242 88
283 73
85 82
238 196
280 165
241 3
107 36
271 153
298 6
230 122
219 145
156 13
198 76
127 116
39 6
273 88
40 1
84 9
110 97
185 3
253 27
295 263
243 140
199 140
196 122
195 49
204 164
152 130
255 201
155 8
270 78
251 227
196 170
99 59
89 27
270 212
55 16
160 154
277 181
66 17
164 101
158 100
172 89
227 80
239 180
233 79
278 187
178 139
194 180
225 100
188 61
233 19
126 24
117 36
172 171
288 23
292 32
238 173
292 212
58 16
288 42
140 97
159 154
172 6
88 8
195 71
185 164
290 81
106 74
158 7
294 180
243 2
210 159
190 165
275 240
186 121
91 47
247 7
145 107
266 90
225 192
222 118
108 18
202 149
244 143
139 57
245 208
292 108
261 187
146 99
297 8
96 28
283 52
286 139
233 117
214 26
194 53
254 61
242 194
204 184
218 207
198 4
281 252
277 257
261 146
259 242
115 16
237 23
141 103
293 195
233 222
167 141
119 35
257 243
229 86
149 97
225 200
234 112
227 10
263 196
229 49
297 190
254 249
249 239
208 20
232 38
104 14
61 45
278 234
54 47
72 9
52 3
149 28
230 179
299 207
104 51
145 68
193 111
235 49
235 195
203 181
88 5
226 150
63 23
254 85
264 26
287 48
161 76
289 153
240 112
269 258
189 121
123 109
164 19
132 64
261 186
107 67
261 258
267 253
244 30
257 198
208 99
298 66
249 151
223 62
264 34
210 209
173 66
29 11
196 18
180 104
173 22
207 88
187 153
250 94
223 108
196 5
220 211
194 147
199 13
294 60
273 250
142 40
261 230
191 27
135 38
240 78
290 164
279 165
211 144
255 122
166 95
276 251
281 93
141 10
276 78
265 38
229 194
221 27
185 94
144 58
247 99
203 52
180 97
95 0
251 216
166 0
265 43
290 286
290 240
122 116
233 6
62 59
165 120
238 189
278 43
150 62
254 158
54 27
124 33
131 46
157 138
163 118
112 57
211 114
269 120
298 178
172 150
197 38
213 4
193 15
44 8
264 112
220 90
194 132
297 90
106 97
255 179
279 219
124 4
120 89
234 130
228 58
120 91
187 145
68 38
157 31
271 110
247 46
200 134
77 59
195 42
182 149
155 32
221 9
280 0
103 82
214 0
141 122
245 233
159 34
90 20
185 62
106 23
161 109
127 50
186 92
165 22
293 32
74 60
247 177
251 2
145 88
111 87
215 63
127 26
56 41
181 0
287 259
205 83
240 231
296 88
285 194
206 164
225 10
228 192
75 46
240 192
283 236
291 266
248 60
178 42
237 82
266 109
281 32
149 71
83 74
284 17
197 53
149 86
260 81
198 71
81 79
221 113
248 62
109 79
254 13
190 183
255 111
127 121
291 187
238 102
118 70
155 119
142 32
242 212
295 50
246 171
118 62
157 139
198 97
99 81
263 176
276 119
70 27
166 39
297 25
163 89
208 87
132 9
134 6
223 28
272 177
282 270
285 136
51 0
299 202
205 202
161 120
256 131
279 116
235 191
223 5
67 12
279 71
77 64
222 145
298 172
205 172
229 217
239 152
153 81
179 145
174 149
179 92
225 82
79 72
129 8
206 76
108 25
152 14
284 194
34 27
231 97
268 2
293 228
180 162
81 25
202 119
231 159
265 136
207 205
94 54
179 125
290 211
226 79
45 6
119 62
103 40
112 38
70 29
297 256
144 96
277 103
215 0
153 98
273 118
222 8
96 18
142 71
221 0
230 129
176 62
266 182
290 52
258 101
242 189
192 187
224 40
161 90
242 94
19 3
230 163
177 49
109 88
292 198
293 236
156 132
273 157
243 231
255 250
125 102
249 196
150 130
158 130
165 104
130 81
290 246
127 33
89 31
100 9
270 97
96 78
108 56
37 20
283 70
286 176
270 45
262 47
233 140
114 69
235 154
170 35
183 103
110 31
265 76
125 16
215 161
273 60
295 175
288 265
155 70
169 111
257 84
295 178
283 208
296 155
79 50
156 38
162 127
79 24
234 185
82 17
178 141
236 130
134 51
244 196
102 69
213 184
292 146
156 39
66 39
139 11
92 24
277 236
226 104
160 83
209 205
177 148
173 35
235 149
280 143
197 136
245 54
235 229
152 137
214 56
159 114
165 82
224 38
167 62
268 252
14 2
139 38
205 133
282 89
161 42
161 10
114 51
111 44
42 32
252 100
220 44
158 152
15 4
84 2
260 6
242 166
249 176
294 184
159 152
228 39
146 102
181 83
238 8
66 9
161 113
225 75
280 111
153 82
270 75
163 31
104 65
243 56
34 9
95 45
180 150
202 177
32 29
205 152
260 26
109 29
239 222
225 190
109 91
143 33
247 160
205 57
257 122
241 21
111 19
246 114
144 29
254 155
229 147
55 28
256 209
51 11
285 246
250 3
125 87
170 153
288 203
52 27
170 108
259 145
297 207
264 192
187 52
243 85
246 68
287 248
124 60
225 9
44 38
245 230
236 186
219 78
254 196
145 140
126 85
70 35
174 84
202 143
196 16
132 47
181 164
295 194
212 153
169 123
261 24
227 85
105 102
50 21
198 166
255 5
292 15
195 35
216 190
152 95
48 20
277 218
252 158
69 0
298 198
40 7
219 159
187 79
279 257
86 5
261 209
179 171
222 30
195 72
86 62
121 28
165 47
228 70
66 32
228 202
213 103
287 62
164 143
133 95
214 45
204 83
152 116
108 101
86 66
293 67
220 166
205 73
150 83
249 82
251 104
114 98
168 160
70 2
38 8
245 199
202 140
225 108
211 101
150 143
84 77
134 56
206 15
167 20
183 163
267 157
240 206
208 180
216 144
213 141
167 11
182 127
288 96
227 112
257 125
210 12
225 198
299 98
89 15
35 30
239 75
102 44
276 107
289 144
208 143
224 147
89 79
170 97
250 36
264 2
194 119
296 209
144 117
271 16
254 20
282 240
245 109
242 230
271 127
243 180
65 12
147 11
248 91
203 142
285 168
186 110
123 34
182 67
273 248
253 197
167 45
148 1
233 101
244 155
266 234
248 43
16 13
270 102
249 160
233 29
240 93
262 225
284 139
191 13
94 51
231 46
259 227
73 51
283 153
135 25
44 19
221 48
264 216
262 92
136 110
174 110
243 43
280 33
260 157
266 149
174 150
102 25
155 107
191 162
290 64
298 153
23 6
227 179
256 43
137 16
287 43
119 80
186 22
270 22
164 112
280 159
244 198
173 34
150 35
165 116
177 106
210 97
242 91
168 110
212 135
275 159
169 106
93 12
128 34
35 19
299 276
112 88
110 9
45 23
237 178
285 221
121 69
109 0
283 108
275 201
183 126
115 62
293 91
248 10
273 175
75 41
204 30
267 87
262 196
292 117
274 143
141 100
266 23
195 38
209 37
293 4
191 9
69 40
183 123
268 96
205 167
222 111
135 16
252 170
71 23
145 17
249 39
114 92
139 1
274 78
199 45
231 223
164 42
263 40
282 153
253 195
264 41
296 103
236 139
102 97
179 127
243 165
293 158
255 248
214 32
296 153
247 85
149 141
149 79
229 171
264 96
235 39
245 177
97 1
277 47
154 137
161 69
250 32
167 76
288 1
215 76
81 22
100 30
240 139
200 45
235 123
89 19
214 119
160 123
278 125
283 159
143 135
295 11
186 77
226 12
63 32
178 40
76 15
22 5
292 178
292 194
74 14
164 8
36 24
247 10
202 4
264 28
121 85
38 11
180 123
296 236
161 71
49 25
45 21
160 26
260 21
219 212
263 169
210 195
24 16
164 80
184 22
155 63
200 90
277 267
165 17
192 117
260 68
127 17
271 221
287 211
264 240
181 40
202 47
125 93
173 40
259 92
264 75
160 159
200 104
22 7
162 101
191 103
175 11
243 147
169 153
230 153
236 38
74 22
121 44
244 107
206 183
173 166
105 18
190 90
257 24
247 139
164 90
197 29
9 4
294 158
138 100
114 97
212 19
152 44
105 38
265 194
30 11
144 37
297 235
134 16
153 40
89 35
182 74
150 71
75 6
232 83
295 120
204 142
245 184
238 9
260 43
124 9
60 48
29 10
38 32
247 29
132 20
114 101
125 83
214 57
259 257
245 42
130 110
283 265
282 279
161 122
150 78
291 117
292 25
216 178
253 171
201 65
278 9
281 271
191 44
263 187
96 48
259 76
265 6
295 13
244 164
232 146
163 98
185 129
280 65
233 100
78 73
16 10
72 32
195 8
262 221
224 53
98 46
237 212
252 238
66 15
229 20
235 152
108 94
50 39
158 64
243 35
248 104
177 43
245 223
118 93
267 71
269 211
225 104
144 26
67 13
153 45
279 15
81 31
257 106
202 118
296 104
262 150
19 15
135 22
285 58
273 240
170 88
105 36
117 89
143 104
194 181
295 157
281 168
171 13
252 50
190 148
119 18
205 192
109 57
273 5
256 82
177 77
216 49
174 107
286 106
288 7
270 51
298 92
184 131
83 53
221 76
92 37
283 46
194 0
183 178
282 195
184 132
214 5
124 31
223 115
145 42
82 41
293 87
149 107
297 122
205 96
193 35
158 153
290 255
171 78
272 102
174 115
245 76
79 42
277 55
213 124
224 219
234 56
200 96
239 35
286 53
243 3
108 40
219 95
114 3
298 187
290 75
108 30
265 181
124 109
140 111
108 17
200 84
30 12
115 33
296 294
236 151
291 136
157 137
285 69
70 37
83 12
224 152
87 20
246 142
215 106
282 137
272 244
260 168
242 52
253 18
164 138
221 47
164 115
292 149
256 237
109 87
232 160
217 85
115 78
167 110
59 52
81 35
99 66
248 196
83 73
171 137
33 19
199 187
236 210
170 147
128 6
252 35
81 3
231 207
139 136
68 11
239 24
211 56
266 6
187 81
282 57
202 122
264 120
125 35
227 57
279 37
233 82
175 165
203 28
134 39
186 82
293 285
222 101
265 175
277 52
279 91
266 260
238 164
173 155
199 37
261 234
31 16
258 105
244 83
178 81
72 46
272 62
209 33
116 68
173 171
228 210
189 84
271 174
103 5
277 5
265 109
181 67
102 50
286 43
194 74
119 73
286 208
134 27
17 6
252 122
262 95
171 59
170 167
193 156
253 25
181 96
188 64
127 105
148 30
126 58
278 164
214 115
84 57
99 60
297 150
240 31
130 26
209 20
177 69
250 212
229 16
107 15
187 173
252 21
94 62
209 129
212 181
286 20
246 215
223 126
217 169
35 12
154 85
211 12
48 44
171 114
294 188
251 38
277 70
249 188
269 92
290 121
260 167
223 151
85 52
139 84
286 148
172 52
207 119
157 15
273 11
215 68
188 34
286 103
252 19
261 48
290 19
214 28
226 1
189 123
157 54
299 10
272 89
208 149
176 139
137 80
229 181
185 156
181 137
267 62
167 105
289 287
213 185
284 243
284 50
289 37
284 53
179 106
121 63
263 58
266 246
121 115
279 31
296 164
291 176
187 41
60 27
62 37
166 43
86 24
226 220
172 49
225 155
247 106
123 101
177 161
269 5
185 108
187 78
269 197
70 62
100 10
295 106
129 85
297 64
207 120
190 70
200 143
92 83
175 164
214 139
191 67
223 198
146 82
293 268
72 23
177 70
210 164
235 119
187 98
281 126
133 106
219 81
142 65
195 30
182 148
238 219
230 1
293 225
267 63
261 164
181 152
79 66
286 224
240 44
107 37
233 61
221 129
242 129
246 237
181 101
226 154
196 71
223 122
290 212
259 88
231 156
219 205
164 16
264 252
221 175
265 105
111 103
222 169
296 212
249 2
198 80
168 165
269 15
109 44
191 96
225 141
250 156
267 94
198 63
93 92
18 2
157 97
261 107
119 10
290 46
205 72
267 183
283 271
170 140
273 69
139 104
97 88
239 107
143 106
258 53
154 105
284 206
253 234
159 116
231 185
176 55
241 224
241 236
247 146
142 73
297 187
200 111
184 19
229 128
264 220
236 208
211 202
289 100
290 23
192 124
292 187
216 61
295 81
297 79
246 113
264 184
209 31
276 265
223 88
197 125
180 7
150 84
220 119
265 248
170 143
158 29
247 197
89 66
190 59
75 51
205 140
158 9
243 60
242 96
214 30
99 97
233 119
239 231
271 57
126 21
206 186
209 136
126 115
290 14
59 11
263 166
187 13
142 42
223 67
155 41
264 143
22 11
293 154
220 43
209 156
211 159
190 41
54 34
262 64
243 50
66 3
241 8
286 0
276 7
79 57
162 85
57 50
231 2
245 80
153 109
212 190
174 78
263 202
147 42
201 85
293 192
140 62
51 27
94 18
93 71
282 249
171 152
272 91
84 50
283 84
253 182
289 87
208 193
216 40
240 4
245 147
175 123
230 102
101 12
212 199
264 251
222 67
285 172
239 143
145 143
98 21
69 53
160 144
216 32
226 85
244 94
271 179
173 3
219 61
294 172
196 89
227 189
256 87
117 73
230 54
145 46
296 198
273 205
165 126
78 68
6 2
203 163
254 159
284 59
238 142
272 252
246 70
258 47
253 56
277 69
299 79
238 37
17 5
101 75
107 50
193 148
153 100
97 31
158 45
290 94
259 166
261 77
294 198
94 31
250 9
188 85
218 22
59 45
159 138
157 43
139 15
232 133
131 61
238 40
212 180
139 100
204 158
232 171
174 79
220 79
184 148
285 186
260 22
200 49
154 127
136 99
218 98
192 161
109 98
169 159
76 12
236 112
142 38
146 56
160 56
173 32
253 162
244 208
276 142
292 12
113 23
127 98
241 16
296 100
195 174
260 37
97 83
138 67
172 64
280 141
279 236
157 106
281 262
285 54
117 75
221 45
191 61
147 143
124 3
190 119
163 54
94 0
225 47
229 136
141 108
146 19
105 103
177 89
275 118
252 143
220 96
273 221
232 63
186 37
190 77
82 80
154 140
213 89
243 72
184 120
193 93
142 130
158 147
286 159
158 46
197 16
291 13
276 186
179 156
231 0
288 82
170 156
152 123
120 3
86 28
196 53
95 24
258 30
62 12
116 4
168 117
229 7
204 7
238 166
109 11
194 8
215 55
289 35
287 226
173 61
222 164
288 136
192 188
257 58
217 201
157 63
279 6
278 246
226 147
148 124
167 147
175 51
287 184
244 179
284 100
12 10
264 171
243 71
197 28
296 266
257 136
226 168
299 64
292 186
89 14
130 36
227 122
121 19
252 237
258 146
100 77
151 31
196 62
147 79
289 82
109 50
208 71
65 44
251 116
174 160
246 39
62 27
251 124
210 191
94 72
294 259
275 72
299 27
267 165
260 3
295 14
296 159
278 22
110 107
138 30
49 27
241 159
82 70
32 16
188 36
271 235
299 298
210 67
222 220
221 119
279 247
239 31
199 172
96 79
188 159
222 95
119 104
233 185
234 66
117 110
207 34
232 98
252 140
132 85
165 50
93 61
256 238
212 116
168 151
196 69
185 146
179 44
44 10
212 192
131 65
248 198
167 93
120 85
178 19
279 229
278 147
256 217
75 70
86 54
292 81
246 88
110 36
146 36
264 10
285 234
153 42
140 36
151 138
25 11
158 101
259 150
299 53
119 75
201 149
298 214
175 141
200 68
295 149
207 185
293 144
91 4
152 60
187 95
236 126
273 269
245 125
189 34
168 52
99 65
297 177
272 146
276 162
140 48
247 126
227 177
225 174
238 81
281 178
261 247
190 150
285 103
292 132
130 59
144 50
72 6
220 133
265 52
258 28
157 29
60 2
205 43
264 22
154 148
164 41
218 57
103 69
234 51
262 188
279 264
241 62
267 95
195 67
165 128
45 22
128 16
205 45
231 210
133 115
253 133
253 28
291 241
188 47
166 52
209 93
150 147
263 133
279 172
297 209
224 133
201 1
287 74
262 180
219 2
293 257
184 95
205 39
282 209
283 75
253 49
91 25
269 35
77 52
153 112
285 73
201 33
192 59
154 19
246 150
184 80
207 8
293 251
169 21
218 99
262 117
61 22
183 67
192 44
212 166
297 266
249 34
260 194
136 37
293 174
181 115
186 100
244 87
112 79
130 102
201 94
92 28
288 184
196 58
258 242
280 155
228 138
280 142
284 166
175 153
61 48
281 31
144 88
259 71
172 1
162 148
289 189
233 56
219 122
14 6
283 263
73 64
251 20
236 71
203 107
28 23
212 139
149 109
253 235
199 11
289 237
212 36
233 177
297 154
249 14
253 92
284 219
101 2
273 38
220 36
288 208
95 73
200 152
122 67
200 168
219 66
270 189
96 6
247 37
59 21
260 137
120 69
274 7
253 61
299 189
230 53
214 162
214 44
173 46
286 77
294 69
265 156
282 20
121 96
162 74
219 41
247 36
279 16
243 214
248 224
141 119
37 5
227 200
61 25
252 40
266 171
92 23
266 259
275 61
169 37
273 74
140 15
136 44
144 133
263 197
103 30
285 247
257 56
129 62
192 39
54 0
224 187
279 156
284 116
243 137
231 116
274 221
262 260
176 5
202 174
252 3
64 38
216 152
288 125
238 222
197 24
275 177
161 127
126 75
298 284
53 30
260 125
253 165
123 38
207 90
127 117
269 138
274 179
277 105
285 41
222 166
193 180
298 119
122 80
186 12
50 41
267 197
205 11
230 126
72 11
209 8
117 48
189 141
256 8
212 127
278 171
254 6
174 91
234 78
244 189
53 51
137 5
288 149
288 39
227 94
220 32
257 197
69 51
117 15
279 8
16 12
233 93
274 219
214 7
67 21
117 104
210 181
168 16
198 77
294 114
214 41
295 64
247 11
282 55
286 9
276 68
292 157
293 206
241 176
134 57
234 147
281 118
250 198
278 67
180 102
174 35
145 128
174 29
193 13
213 105
147 86
247 200
132 8
268 39
297 258
283 145
183 26
23 3
273 77
191 126
90 69
92 13
164 96
201 152
262 53
35 22
169 98
297 129
188 100
194 48
46 1
286 60
293 290
201 174
146 72
102 17
281 152
34 18
199 161
242 97
250 118
204 153
127 71
195 99
36 33
100 93
265 191
168 140
238 230
234 53
288 107
218 101
188 150
222 205
160 78
202 144
249 93
281 227
272 54
114 74
263 109
283 129
235 190
66 45
296 172
138 92
84 43
51 15
251 210
261 102
56 14
45 1
225 125
267 256
215 9
239 189
209 190
253 104
235 208
236 140
72 17
225 44
166 148
102 84
281 222
240 218
208 39
36 19
284 29
244 34
132 35
145 111
153 77
162 24
164 72
289 242
121 24
186 158
85 31
299 155
179 57
35 33
249 210
160 80
278 184
131 87
286 24
103 96
281 115
268 138
58 30
85 6
257 114
282 78
269 104
93 33
58 8
242 208
281 134
268 175
232 148
197 159
179 39
261 154
34 26
144 93
224 12
167 97
166 5
214 165
284 210
260 104
119 101
160 73
21 4
145 123
214 210
255 227
209 97
198 22
186 129
214 176
279 155
294 96
287 42
274 5
264 246
274 76
297 10
277 163
262 239
234 220
123 120
173 55
80 56
282 131
256 165
170 102
299 133
199 127
267 175
103 38
184 161
292 232
234 105
96 86
275 228
294 261
290 274
244 212
262 61
277 132
83 56
135 99
224 60
100 26
277 49
69 61
296 232
182 7
228 207
194 104
296 22
203 55
283 126
43 14
179 25
252 22
122 73
255 97
240 200
103 26
284 56
259 46
93 85
254 229
259 6
233 216
287 245
269 218
86 40
269 201
187 1
148 109
246 30
96 47
220 41
217 17
204 38
91 43
264 72
249 26
84 20
133 15
266 67
167 163
231 25
218 167
61 11
299 282
142 89
257 205
31 8
234 76
72 16
297 38
268 67
279 106
286 83
201 136
194 151
258 94
271 208
252 162
224 58
174 23
165 98
291 258
255 169
202 185
239 0
135 85
258 164
137 57
233 118
132 56
217 158
200 110
184 151
185 141
235 34
172 25
201 182
150 140
250 135
240 48
290 117
256 59
253 80
289 81
298 260
120 111
204 23
132 77
195 23
268 35
138 87
289 264
227 40
97 34
247 137
212 4
248 74
265 192
78 29
50 4
136 72
118 68
235 100
292 27
159 71
147 76
62 22
256 166
235 55
70 36
210 160
238 63
272 75
241 44
274 166
241 201
204 115
121 47
265 66
196 114
286 12
145 43
154 149
82 54
222 84
254 39
297 252
286 246
230 186
282 151
175 95
184 156
129 59
185 133
205 17
222 174
234 30
263 23
204 24
247 101
172 101
194 159
285 178
192 71
268 169
252 109
120 24
268 74
163 162
234 3
297 66
178 98
252 136
200 194
269 234
296 254
291 116
223 101
98 76
296 56
290 109
112 23
207 75
113 86
273 143
222 3
105 66
118 46
39 35
98 23
250 71
256 170
189 61
283 266
235 186
174 116
272 7
224 194
278 262
133 67
190 19
146 30
123 40
197 170
228 121
116 56
279 109
80 62
239 40
129 0
236 162
72 45
276 269
119 71
218 116
214 79
235 201
253 214
274 19
142 81
39 7
83 17
250 0
180 128
181 74
188 35
256 17
230 190
246 221
234 59
251 170
204 13
260 57
285 71
263 21
196 75
117 61
62 30
219 217
298 165
185 24
132 88
151 99
291 205
248 41
162 54
269 253
226 17
114 112
268 259
266 10
133 37
197 92
229 38
246 91
190 52
299 174
117 28
183 156
116 97
201 62
282 99
286 149
101 15
232 112
157 69
259 136
242 143
268 231
144 39
98 71
293 172
275 73
232 19
156 116
257 195
257 128
295 77
274 11
171 11
252 249
170 165
113 73
230 226
207 148
244 27
267 103
21 5
237 193
197 171
285 107
297 121
215 4
121 4
136 122
72 60
26 22
149 40
83 35
172 111
153 99
29 6
136 11
293 240
248 186
123 67
267 110
223 103
227 114
41 11
37 2
189 79
258 177
246 0
144 22
141 99
126 93
264 86
201 79
258 144
172 115
298 86
173 138
251 109
171 25
221 205
241 221
247 30
226 109
283 204
292 92
283 155
182 106
73 36
223 186
214 101
134 9
210 26
212 75
100 36
259 213
235 182
144 95
118 30
