160 480 240 2500
146 68
49 14
85 23
123 47
69 54
31 3
38 3
87 13
18 11
126 41
88 51
93 57
27 10
111 82
134 51
153 141
53 38
132 15
101 6
125 40
126 116
122 7
29 14
68 40
109 95
63 29
79 59
58 34
141 135
130 43
118 104
158 42
110 63
67 44
132 116
86 16
157 139
141 84
78 50
118 27
12 0
37 6
81 28
95 28
140 111
114 96
102 0
101 84
88 72
23 17
50 43
51 36
98 11
144 24
130 16
128 38
146 11
114 33
118 112
158 148
106 98
134 0
133 68
86 69
94 27
101 78
38 14
8 5
127 67
155 140
153 35
124 61
134 79
57 41
115 112
132 41
33 14
157 8
100 26
106 21
49 17
50 47
158 101
116 46
133 114
9 8
150 69
124 82
96 75
74 57
157 144
117 96
73 32
90 16
134 129
33 27
119 110
68 1
121 19
130 98
114 13
107 49
83 68
103 99
143 50
105 36
155 40
90 44
36 8
113 23
136 127
151 46
11 6
158 152
90 61
12 1
82 62
37 21
142 141
47 15
91 90
99 45
128 84
103 62
73 8
90 41
54 17
82 79
126 20
144 108
149 63
101 66
64 47
103 80
97 96
147 39
122 105
148 81
65 42
102 34
85 80
142 62
104 6
39 28
144 62
87 30
135 92
49 25
89 24
152 88
88 27
72 25
72 57
98 37
157 9
18 8
90 73
105 8
99 36
139 92
155 64
16 15
61 43
124 123
149 90
151 48
24 0
133 65
29 8
91 2
117 95
153 2
146 24
86 79
61 42
99 30
71 29
121 28
116 115
126 53
123 113
77 69
26 21
94 34
83 65
156 119
16 1
94 29
113 62
88 64
60 46
130 110
131 83
96 84
150 148
105 62
138 31
117 55
146 56
115 31
123 61
65 14
141 2
133 129
144 45
147 89
61 14
104 56
86 28
149 49
133 112
49 26
100 14
145 144
104 24
118 107
28 25
130 54
153 97
112 22
151 145
125 72
142 96
122 48
151 52
156 139
107 86
153 54
116 58
35 11
150 110
95 73
66 49
105 16
114 23
120 100
145 120
31 12
62 55
153 103
30 16
111 4
78 30
110 26
135 81
147 50
76 8
119 38
146 137
128 61
148 19
42 34
155 117
102 3
120 25
155 124
150 33
152 126
94 41
51 11
68 23
159 45
81 52
82 44
52 27
37 11
125 39
57 19
148 147
105 98
123 42
144 60
27 19
46 12
117 83
113 104
71 68
139 61
139 107
70 9
46 22
159 44
102 42
143 98
144 61
48 42
153 150
79 31
153 152
144 64
158 14
154 93
107 41
138 123
115 30
141 48
157 122
66 16
44 38
148 18
146 39
107 43
126 59
63 35
54 23
155 143
85 8
88 44
149 103
64 63
151 105
114 72
143 29
57 48
147 144
157 5
149 24
152 136
125 123
68 37
127 104
92 78
104 54
158 72
140 138
74 49
128 109
77 66
150 15
96 9
38 34
22 17
123 2
129 63
20 13
107 39
141 37
115 53
52 31
72 63
116 110
85 32
139 52
98 95
112 27
140 30
136 58
111 55
93 6
136 126
102 52
146 1
85 42
107 45
78 24
116 56
118 66
114 70
158 132
115 71
132 63
101 60
51 14
97 51
102 54
132 101
110 87
146 131
106 64
40 31
140 33
158 52
158 55
145 111
157 135
142 81
116 94
101 99
76 3
109 36
79 37
116 24
94 11
117 72
146 119
119 4
114 56
19 0
61 2
141 12
34 19
139 111
145 142
68 33
42 27
42 29
22 21
43 2
72 64
118 53
129 55
154 64
11 0
128 126
148 25
156 10
143 80
42 19
125 77
63 52
141 105
141 74
71 23
135 118
136 121
26 11
97 78
107 72
62 45
143 128
130 32
70 10
93 16
135 79
148 119
81 54
136 74
125 12
158 39
150 46
82 50
107 4
152 83
56 46
145 96
144 9
157 32
68 15
31 18
153 134
122 114
104 63
109 60
149 123
93 61
77 71
77 32
26 0
155 46
92 16
114 52
97 40
75 25
129 92
116 61
140 14
119 77
48 10
82 53
111 75
133 3
68 45
63 10
106 70
130 86
111 60
116 44
69 23
97 10
142 72
40 30
113 57
145 66
23 18
68 35
56 5
22 11
126 95
138 11
134 99
169 66
54 20
148 10
226 14
204 62
145 112
221 217
137 7
122 90
188 111
94 43
206 152
179 25
160 79
228 21
25 0
123 5
139 89
191 62
149 123
170 128
136 121
114 82
195 4
149 144
179 120
127 51
164 18
146 142
216 182
132 51
179 159
221 187
61 56
239 226
224 23
201 43
98 94
187 163
203 89
223 0
192 147
64 41
149 89
172 26
213 9
125 61
171 167
201 96
227 140
204 14
181 66
163 148
234 207
159 118
112 4
39 19
168 38
186 124
236 11
129 77
160 45
225 98
228 117
120 113
117 7
225 64
198 68
157 81
205 119
125 99
212 91
103 70
199 159
124 86
221 3
136 2
156 85
107 5
103 11
196 54
206 2
147 58
116 100
151 54
69 17
141 69
150 15
225 47
233 27
194 139
120 69
87 16
148 13
220 4
193 183
158 107
142 133
216 195
222 65
100 15
239 231
169 49
113 81
143 49
171 164
122 29
96 22
203 86
116 36
123 110
137 130
155 20
171 150
175 159
129 96
79 52
164 138
238 17
236 30
112 64
134 103
224 93
199 30
129 64
20 18
129 60
140 47
183 128
118 46
120 116
164 73
81 38
148 64
181 35
136 97
71 55
206 26
229 202
80 53
154 22
183 48
193 39
87 32
111 110
32 3
226 54
222 153
229 90
27 23
47 43
100 61
79 64
158 6
203 113
47 38
145 17
92 8
183 173
182 109
203 149
148 60
21 11
108 59
113 59
55 36
194 121
147 55
227 180
132 21
238 117
199 196
225 0
103 81
187 81
225 122
108 56
171 58
178 107
103 85
157 148
77 24
234 195
235 26
189 70
96 25
142 3
132 107
160 103
176 127
168 8
215 210
181 95
89 16
203 195
168 106
124 6
71 3
109 19
86 60
239 199
221 26
231 76
40 15
166 105
215 38
214 47
152 136
166 61
58 31
197 10
97 56
174 119
200 113
230 23
129 100
191 21
194 69
110 22
177 91
181 58
219 102
203 163
172 66
87 28
214 16
130 72
165 56
175 76
76 27
91 57
181 84
123 100
179 137
86 30
83 9
233 223
26 8
222 59
215 205
47 24
179 5
127 5
204 94
230 77
102 31
143 55
38 19
185 13
62 13
223 17
185 7
237 103
196 62
28 21
227 126
185 40
76 13
170 61
130 87
182 168
234 219
205 55
213 94
209 69
205 22
223 111
191 139
197 66
145 135
215 5
186 61
160 158
222 166
70 57
73 55
166 159
85 65
68 20
176 142
192 171
175 17
204 139
233 123
239 100
179 115
44 18
148 69
190 187
112 37
232 71
180 3
139 102
95 79
175 6
199 154
157 87
185 155
55 52
123 72
193 15
220 3
225 4
86 0
154 24
129 95
150 111
183 104
204 184
224 146
202 85
184 49
236 172
227 72
168 23
204 67
184 73
167 107
155 136
141 107
201 116
57 47
149 116
199 141
239 27
157 62
86 54
169 65
202 137
107 94
55 47
164 101
77 43
14 13
219 50
196 188
230 85
167 20
210 8
91 86
196 179
134 68
213 34
197 106
192 112
65 34
52 50
168 73
131 129
134 67
160 95
153 87
191 124
181 15
179 163
171 52
213 163
232 89
156 101
102 52
224 138
216 103
96 90
53 27
239 190
95 50
193 103
170 154
156 9
239 193
156 1
218 148
157 131
99 77
197 12
152 141
130 11
206 160
125 123
205 85
186 112
143 26
230 194
176 66
157 9
120 75
161 75
224 109
171 41
13 12
208 12
214 111
87 67
112 91
191 173
235 181
131 109
181 86
174 166
97 18
79 16
35 30
158 48
196 75
200 106
203 180
172 159
74 66
113 71
184 161
47 33
49 27
146 16
137 135
168 127
71 31
170 121
228 173
191 144
153 23
86 21
65 32
118 25
174 132
92 9
137 11
160 44
191 51
46 7
81 34
210 154
121 18
220 149
198 119
237 178
191 32
183 9
127 62
177 21
164 126
126 85
126 11
209 90
220 176
135 127
202 22
193 188
191 77
204 131
206 186
68 66
115 55
162 158
213 70
198 34
19 0
55 9
162 22
92 83
181 61
158 115
220 91
228 51
217 102
80 29
207 158
227 33
206 77
191 85
231 149
141 10
224 76
220 92
187 148
99 89
229 134
231 127
153 20
235 134
185 23
178 60
139 115
120 91
213 100
84 4
228 20
196 55
193 145
173 12
140 89
225 65
142 12
61 28
135 90
201 122
226 37
208 136
226 128
103 40
224 106
237 153
109 88
124 90
237 186
150 88
205 94
191 148
104 91
171 103
177 17
206 12
150 142
121 16
31 0
45 7
210 94
181 153
210 23
82 33
193 73
83 38
161 79
217 210
237 75
222 62
125 56
182 99
225 32
30 7
225 192
238 133
152 66
196 153
96 30
230 118
103 88
212 171
182 76
143 8
112 51
195 137
49 14
142 18
159 146
27 19
52 3
183 144
85 47
228 37
79 62
208 91
120 64
52 8
208 163
164 87
150 119
155 124
141 60
106 29
184 79
193 182
199 27
159 48
120 41
172 132
212 186
238 11
129 127
214 80
177 134
134 29
190 28
123 89
201 12
183 96
194 140
141 99
174 120
229 165
77 66
232 77
209 171
239 173
164 32
147 102
141 64
130 28
213 0
203 5
175 56
183 127
207 95
232 47
144 141
173 64
173 149
202 58
152 96
207 11
142 88
62 4
180 175
88 27
161 118
133 65
95 11
201 56
117 26
236 4
210 139
64 17
175 143
181 147
184 133
161 88
235 22
87 65
239 113
212 95
220 55
193 14
197 2
99 46
79 45
92 46
120 85
71 0
35 33
75 11
102 75
164 111
146 80
143 119
228 26
101 98
80 41
28 22
179 8
53 4
183 38
89 12
206 27
163 0
90 71
190 18
98 88
221 211
167 115
170 135
144 103
79 44
235 153
24 5
173 62
148 137
186 35
101 86
183 51
109 48
145 124
205 51
196 100
238 235
218 6
86 12
229 210
151 46
232 80
10 5
146 4
162 149
181 59
173 79
201 106
44 43
63 45
144 49
182 58
199 108
223 149
224 196
84 28
95 64
140 98
90 11
225 141
129 102
171 50
202 138
17 11
38 35
100 14
84 13
220 185
201 128
148 142
141 96
15 2
154 40
231 73
221 205
216 49
73 50
9 2
146 44
165 14
44 34
24 21
159 147
239 18
116 19
175 3
229 38
167 119
215 138
208 149
195 63
238 159
160 120
128 56
193 98
80 68
89 88
24 22
170 94
193 86
120 89
175 171
20 8
146 77
190 48
221 5
152 117
172 126
108 85
142 8
180 144
216 32
155 33
77 40
184 135
117 52
52 38
159 67
101 44
217 16
148 26
102 28
205 130
143 19
227 216
215 55
227 218
166 64
198 39
75 29
89 77
139 25
174 36
224 209
70 14
49 25
87 43
212 0
193 167
174 106
167 138
39 15
231 195
106 80
221 12
142 33
94 25
184 96
132 130
210 63
201 94
147 36
125 84
158 137
171 101
232 33
139 96
127 107
183 61
179 67
196 57
156 6
81 50
112 74
215 65
155 8
30 13
196 43
184 179
187 52
145 122
210 203
196 80
206 168
137 51
158 91
170 166
237 1
154 91
217 92
112 70
150 106
139 120
128 64
231 227
105 28
137 47
220 82
193 162
200 22
186 20
96 31
227 105
92 1
157 48
140 67
207 152
169 164
127 64
84 72
67 60
57 38
144 48
163 11
165 93
218 12
227 223
224 63
192 180
204 180
233 107
234 149
110 92
163 57
176 155
84 60
225 154
158 8
157 72
234 227
175 14
119 6
87 37
138 112
150 131
81 7
55 48
225 102
123 73
138 8
51 4
215 208
193 44
234 158
158 1
219 71
216 186
201 185
193 138
176 160
130 97
165 137
137 71
64 53
174 143
127 4
235 150
127 72
84 53
184 112
228 96
233 40
136 130
91 53
214 201
202 117
68 52
113 78
191 66
202 185
179 91
207 52
41 35
93 40
190 108
132 0
202 54
190 130
194 26
122 51
144 134
210 1
199 28
134 102
185 51
127 103
221 57
140 93
218 3
110 9
172 153
110 41
218 66
211 203
127 13
216 26
236 112
78 33
67 21
161 6
196 44
147 54
59 45
210 171
81 52
175 66
230 76
155 106
158 110
238 93
79 78
232 98
237 179
198 7
180 14
78 37
237 185
164 71
99 38
225 165
73 20
143 104
196 46
203 102
126 121
200 30
126 101
223 125
132 95
194 9
225 132
134 119
223 71
216 120
177 106
125 100
179 154
120 25
214 67
130 24
67 62
93 12
143 89
167 127
176 31
7 1
60 17
203 29
156 49
81 58
203 158
86 44
206 20
62 2
52 33
206 189
97 40
212 36
177 129
164 160
106 23
84 21
230 90
211 198
184 168
201 181
231 107
197 166
223 203
211 85
197 69
108 19
204 140
152 150
131 125
166 5
177 128
112 55
66 5
94 87
111 108
194 106
128 88
113 2
153 72
110 16
225 189
220 50
216 70
238 146
146 106
139 23
185 112
196 190
177 136
104 10
82 76
218 7
158 75
219 146
225 80
72 68
75 69
85 58
115 2
227 203
229 158
180 121
116 65
113 4
207 33
123 53
123 122
201 42
228 97
186 92
94 28
175 99
212 211
207 129
214 19
134 127
227 139
181 92
74 34
92 23
168 74
139 117
58 1
148 106
144 138
227 160
116 53
179 178
84 30
146 57
176 19
233 202
181 33
52 32
211 132
189 174
185 167
219 214
200 96
224 133
229 70
23 19
187 95
199 20
230 161
129 5
189 107
232 137
123 17
47 11
149 15
167 120
167 66
193 30
57 19
174 20
226 134
113 95
87 57
145 130
201 62
220 79
157 22
211 196
220 6
211 195
215 18
165 31
96 4
230 106
120 38
173 38
110 94
78 46
131 106
83 22
114 73
217 43
201 193
188 14
143 100
117 11
106 96
228 113
123 61
205 26
30 21
164 163
195 49
164 47
228 98
131 70
81 2
206 94
230 189
148 14
211 86
148 80
134 75
86 51
209 162
83 41
230 169
126 26
34 0
51 29
209 13
161 109
158 117
91 7
199 105
210 100
188 92
234 150
193 131
230 89
45 23
201 52
127 19
114 16
161 19
237 13
215 167
216 125
209 188
177 168
185 31
54 46
205 65
222 112
90 52
212 39
206 90
119 94
200 107
156 113
202 176
115 6
221 29
178 139
54 22
77 37
100 32
201 15
132 122
180 135
69 67
233 186
128 62
55 45
116 101
213 142
178 15
107 41
189 140
189 85
203 145
157 14
151 107
57 7
231 174
117 98
215 20
208 114
230 86
165 138
60 13
17 9
201 10
238 217
19 5
226 47
86 66
55 1
206 120
172 141
183 21
184 90
99 13
164 34
166 101
179 131
222 191
200 111
145 78
171 102
227 87
238 141
184 153
230 227
194 77
210 42
137 100
212 31
105 32
133 109
215 142
99 66
191 61
210 172
176 125
228 70
86 3
163 108
235 21
203 121
177 48
169 24
85 37
165 72
167 126
227 175
37 36
215 195
112 102
195 144
190 78
181 136
239 96
201 154
124 89
206 7
168 154
59 6
172 164
51 6
96 91
124 31
214 158
226 58
189 19
180 155
192 59
233 159
214 79
149 27
167 34
231 102
234 154
75 40
167 146
199 75
149 33
234 86
197 79
185 0
151 24
164 115
148 141
202 30
100 12
174 82
176 42
189 81
59 38
239 36
219 211
223 150
100 85
131 107
83 78
210 27
90 32
199 122
105 60
215 183
220 122
59 49
211 99
232 138
160 67
172 52
73 43
70 26
126 67
94 55
231 86
113 39
199 18
149 11
182 66
225 57
229 222
198 160
153 108
109 78
204 179
108 94
208 159
225 181
151 97
94 78
97 68
200 187
147 133
204 203
188 64
180 104
154 89
7 5
211 154
155 151
232 97
101 36
230 163
158 151
191 64
34 19
131 130
89 86
140 60
69 52
234 140
115 31
187 25
220 198
162 150
124 58
105 83
214 143
55 18
192 32
182 65
228 42
143 74
209 3
220 21
194 42
43 30
177 90
212 195
213 42
52 48
136 116
228 119
219 69
234 178
179 142
103 59
193 151
207 111
160 76
167 123
182 30
224 95
161 28
142 122
207 127
153 61
56 50
150 125
135 78
229 28
55 8
185 68
216 165
193 24
232 155
139 69
217 135
195 55
172 148
226 103
129 29
222 82
117 47
233 230
28 12
161 58
146 138
221 153
98 28
173 137
224 219
132 83
24 14
169 7
157 65
221 194
195 52
88 74
158 83
178 13
236 98
193 153
239 149
147 118
186 100
220 126
166 143
195 69
46 31
82 81
213 77
170 36
103 57
149 108
115 75
124 27
169 20
177 74
145 33
117 68
97 32
195 87
177 20
41 31
233 78
224 160
127 17
231 177
112 93
151 123
154 125
168 79
142 20
151 111
238 174
183 179
218 62
89 2
218 119
133 29
224 203
207 83
201 44
175 105
235 81
177 71
72 36
167 112
218 34
100 13
218 4
172 147
233 208
219 182
214 154
192 50
148 95
150 59
195 89
104 82
227 146
185 153
190 123
129 15
218 20
177 29
220 65
189 47
116 95
193 166
210 189
135 3
212 162
218 146
215 194
118 89
119 106
29 8
108 83
216 85
182 110
128 115
21 16
206 82
179 132
222 156
212 206
31 10
124 96
212 104
82 37
211 46
200 125
151 108
142 86
207 86
58 14
215 97
192 148
211 45
211 123
79 14
170 4
189 13
109 8
225 85
219 47
111 39
127 124
115 94
196 123
186 31
186 148
139 22
56 21
228 55
233 114
98 74
208 167
231 39
231 62
82 54
109 103
72 4
164 28
47 26
226 177
239 46
201 0
77 63
176 75
182 114
181 133
209 24
197 20
239 136
236 185
219 77
117 95
144 95
169 50
109 92
83 14
211 110
210 201
213 101
153 40
233 184
173 142
218 188
51 40
200 88
198 20
116 54
192 183
82 14
102 34
103 58
226 157
146 41
126 71
211 7
74 7
128 42
201 101
107 60
140 58
179 33
155 119
226 109
135 56
197 84
213 212
160 9
236 187
176 15
63 26
153 110
118 13
164 24
151 20
199 12
180 123
232 176
181 166
154 60
105 39
139 15
220 35
195 43
187 20
180 137
216 97
102 43
176 143
189 3
136 38
229 85
62 37
198 117
232 150
208 205
122 8
190 122
232 166
145 48
231 85
191 171
138 123
95 87
194 147
181 24
193 118
157 120
189 93
87 73
56 19
161 8
133 87
226 40
224 12
221 76
41 3
230 211
123 21
212 86
92 60
126 2
121 13
85 53
153 148
224 27
238 83
109 73
166 122
159 34
138 12
126 96
152 130
218 48
53 6
173 45
156 3
174 122
216 145
145 106
116 72
41 22
183 166
215 182
200 192
221 115
214 9
217 189
76 56
192 178
78 25
73 5
105 79
174 74
233 137
223 16
186 56
127 47
97 52
211 116
238 25
164 150
130 78
142 141
215 99
59 23
204 105
204 176
159 84
49 15
225 224
221 158
159 93
214 64
227 170
120 98
217 147
118 8
163 19
211 34
219 218
195 65
163 97
115 71
178 134
96 35
200 162
224 213
183 157
186 39
203 80
135 111
230 57
227 5
113 13
145 105
37 32
165 108
238 176
192 130
226 79
65 14
229 49
195 113
237 57
215 145
118 45
118 33
146 56
105 11
104 22
192 22
179 90
196 98
202 184
102 69
110 58
221 32
211 22
228 133
132 77
164 135
77 34
106 16
185 52
209 17
139 7
225 15
99 62
165 1
191 159
220 219
140 112
151 43
80 31
237 84
206 175
85 25
180 115
210 47
223 168
222 154
26 13
138 73
182 63
161 133
65 13
213 97
188 67
123 108
206 62
171 151
158 103
189 53
200 45
108 33
47 25
103 62
214 140
208 153
157 151
175 110
218 29
146 61
112 88
37 14
144 13
44 10
101 41
238 209
190 112
103 22
199 92
225 88
98 91
62 43
163 65
180 58
105 84
218 107
196 120
226 73
197 38
211 126
172 156
111 84
87 66
84 17
100 66
17 8
94 71
163 129
77 12
202 133
91 25
135 62
140 99
223 112
85 1
117 36
67 17
208 8
169 3
99 36
227 204
84 20
182 87
228 56
172 111
155 126
188 168
112 103
112 82
195 94
126 22
51 44
120 12
201 190
223 93
193 69
107 6
160 144
125 112
222 24
19 10
25 14
235 35
188 107
227 174
119 10
235 204
216 77
81 64
32 15
225 125
182 102
230 43
81 3
79 9
219 188
218 70
214 17
192 75
211 50
105 95
219 17
15 0
44 11
95 2
181 22
154 31
158 43
141 117
178 11
130 120
182 90
105 18
224 181
142 21
102 96
194 90
155 93
192 190
145 71
159 72
66 35
197 40
165 41
148 98
165 159
139 119
157 75
188 49
231 215
100 88
180 103
236 179
214 20
200 139
222 106
78 41
115 98
102 49
136 5
212 146
40 17
182 179
191 84
108 3
196 27
90 53
20 5
178 142
120 93
196 168
154 87
79 48
143 91
230 145
141 130
235 158
198 13
226 142
229 129
238 200
118 51
195 175
130 60
200 14
142 124
199 116
219 162
186 2
186 176
150 34
209 101
236 211
159 28
208 193
200 41
91 33
226 211
203 186
178 173
99 3
145 144
212 176
177 4
159 120
46 3
202 139
239 51
224 148
163 16
142 11
210 69
214 87
145 81
132 108
66 26
198 155
131 92
64 61
236 20
91 50
97 46
157 16
142 36
189 98
168 152
166 146
210 89
175 167
45 29
123 20
222 104
190 1
204 56
93 75
149 91
234 169
174 145
39 14
150 75
113 98
138 110
73 68
169 97
75 54
177 70
187 14
239 129
142 4
45 21
191 48
116 46
161 18
239 143
159 133
164 139
101 6
145 53
204 28
226 155
168 15
23 21
37 35
149 133
235 226
222 40
235 52
149 119
3 1
127 53
168 129
164 21
203 14
214 92
66 41
91 6
213 84
143 108
230 214
109 22
149 136
166 3
170 5
97 19
117 13
162 124
122 16
176 114
35 13
129 18
138 35
122 89
66 33
202 148
193 128
119 64
63 61
30 17
139 52
210 43
209 182
158 139
181 112
66 12
69 31
132 128
80 25
123 1
186 151
214 71
216 73
222 105
102 87
168 99
175 59
174 43
224 35
225 212
109 60
94 47
159 119
73 40
231 83
83 2
113 89
228 132
112 58
222 72
136 73
220 22
184 50
219 35
184 11
133 84
149 4
238 164
172 33
25 4
119 17
193 81
169 72
199 45
188 155
211 55
182 79
201 29
207 42
192 83
148 96
224 198
126 64
205 69
65 47
61 40
225 180
129 119
146 113
179 145
118 32
216 33
158 29
155 123
204 40
137 10
91 11
66 62
174 39
174 114
233 45
236 132
58 11
98 87
88 9
186 134
165 3
197 8
239 84
165 34
76 25
174 3
105 102
162 156
219 14
224 89
75 50
219 83
78 27
44 15
233 67
213 36
208 169
186 111
183 19
190 171
212 130
231 37
188 31
147 16
144 27
65 59
226 95
103 80
55 31
173 39
228 1
167 15
132 74
130 2
139 79
82 16
29 9
186 130
163 125
236 131
110 69
190 84
159 4
67 7
126 37
112 24
145 127
205 5
16 10
164 68
58 57
190 174
165 79
175 98
197 161
203 77
191 39
195 171
210 208
81 48
188 124
168 160
223 139
57 48
69 12
58 32
236 202
215 76
77 9
13 5
220 118
220 88
236 107
182 127
224 223
149 80
146 102
179 107
192 30
185 116
200 150
180 16
224 44
103 74
147 6
224 195
175 153
67 19
228 193
110 56
68 18
149 114
144 110
177 162
128 79
172 64
177 73
106 65
57 56
189 52
192 15
207 151
179 19
123 55
180 17
210 148
207 79
225 146
197 120
203 35
85 19
110 51
225 166
170 120
139 105
234 163
176 22
84 38
144 66
221 80
204 149
114 13
238 231
163 109
185 143
229 27
153 15
185 6
188 72
225 16
232 28
143 82
198 115
211 127
103 77
206 70
218 210
239 80
172 136
141 26
185 85
178 90
125 6
90 34
201 123
233 112
202 61
129 114
54 40
176 159
223 75
236 58
198 146
68 28
66 56
221 159
181 40
139 112
170 21
102 78
179 92
232 156
90 81
160 107
26 25
176 161
43 38
135 28
35 18
73 63
165 73
209 42
143 139
216 71
21 17
174 153
235 41
143 111
51 48
125 88
116 112
74 69
123 101
129 63
129 25
236 2
135 55
221 50
145 107
238 211
207 99
52 36
195 134
109 1
142 140
205 64
136 45
233 7
174 89
117 12
216 4
163 63
105 46
217 151
150 61
55 11
169 155
42 34
177 8
190 27
198 176
90 47
238 163
132 42
231 75
227 73
184 72
152 102
199 112
92 71
156 25
76 26
216 155
49 34
236 197
167 131
236 86
186 54
139 26
161 60
109 11
174 33
130 81
166 48
178 64
149 112
200 142
113 9
123 102
188 57
111 32
206 195
233 207
191 34
141 86
78 26
214 145
155 135
220 13
202 26
172 168
191 47
148 58
159 30
198 167
217 0
224 210
216 91
130 40
209 130
217 117
220 216
142 46
239 156
238 210
168 59
91 60
175 101
200 131
91 19
136 101
187 55
136 21
198 147
191 93
199 60
219 62
186 185
193 177
71 10
225 158
107 59
169 111
162 55
23 10
192 108
149 128
222 211
151 17
200 56
93 34
37 27
75 1
103 28
212 174
150 18
215 131
165 19
167 19
114 79
208 121
182 42
174 84
141 32
95 69
166 84
212 178
165 102
109 33
213 20
168 4
189 4
188 140
196 182
108 75
237 3
94 44
230 61
236 74
91 75
199 139
228 195
235 214
228 224
166 59
198 31
68 32
90 10
124 37
151 83
196 128
107 57
216 148
156 8
216 157
223 161
181 103
69 56
222 10
182 34
36 25
194 98
76 47
212 109
204 61
173 151
122 100
186 66
239 187
159 58
123 25
209 131
165 67
194 135
229 11
211 118
229 76
115 56
236 166
157 101
212 68
196 48
100 45
143 105
136 133
158 94
185 10
147 107
133 11
145 104
85 83
119 39
221 160
208 71
188 96
209 93
74 54
239 224
189 172
228 30
82 79
167 31
99 76
221 133
122 84
77 41
151 10
100 23
208 55
99 55
215 102
