100 300 320 2500
80 26
49 14
85 23
94 71
69 54
31 3
38 3
87 13
18 11
88 84
88 51
93 57
27 10
80 78
96 88
82 16
53 38
49 18
36 13
77 47
56 35
74 54
29 14
68 40
49 9
63 29
79 59
58 34
95 8
97 24
80 8
43 9
97 27
67 44
79 41
86 16
99 44
50 44
78 50
83 43
12 0
37 6
81 28
95 28
81 38
79 55
15 1
95 70
88 72
23 17
50 43
51 36
98 11
96 63
99 9
20 12
53 8
54 10
70 56
85 26
28 9
28 11
17 5
86 69
94 27
38 37
38 14
8 5
56 6
60 4
7 4
40 1
38 7
57 41
74 7
29 28
33 14
62 4
23 2
51 39
49 17
50 47
49 46
74 28
76 33
9 8
78 55
77 52
96 75
74 57
66 60
58 14
73 32
90 16
61 5
33 27
65 15
68 1
73 2
43 5
33 8
66 6
83 68
45 33
64 28
79 56
91 15
90 44
36 8
90 63
63 25
10 3
11 6
32 10
90 61
12 1
82 62
37 21
90 1
47 15
91 90
99 45
87 86
40 19
73 8
90 41
54 17
82 79
77 64
82 40
65 32
40 2
64 47
83 4
97 96
50 15
45 12
95 22
65 42
62 7
85 80
98 4
89 87
39 28
61 1
87 30
90 75
49 25
89 24
64 20
88 27
72 25
72 57
98 37
75 74
18 8
90 73
67 9
99 36
84 19
59 55
16 15
61 43
82 45
52 19
39 4
24 0
39 29
29 8
91 2
66 7
97 77
68 34
86 79
61 42
99 30
71 29
61 28
67 31
28 4
77 12
77 69
26 21
94 34
83 65
52 11
16 1
94 29
77 33
88 64
60 46
99 78
77 15
96 84
84 45
99 75
12 4
38 1
36 35
93 59
42 40
65 14
11 5
96 26
75 6
92 76
61 14
55 27
86 28
84 56
90 15
49 26
60 50
24 3
47 7
96 4
28 25
10 0
47 13
62 35
70 52
53 17
44 42
13 5
69 29
57 37
84 44
81 37
88 86
35 11
66 4
95 73
66 49
96 78
42 1
64 32
36 21
31 12
62 55
85 65
30 16
78 8
78 30
89 62
32 15
59 9
76 8
82 20
79 40
87 23
64 23
42 34
39 18
93 92
76 51
49 29
55 0
32 11
94 41
51 11
68 23
96 6
81 52
82 44
52 27
37 11
72 14
57 19
87 47
63 39
90 70
14 4
27 19
46 12
88 32
56 38
71 68
70 69
89 85
70 9
46 22
76 56
74 1
43 34
25 17
48 42
60 28
79 31
76 52
83 29
92 20
87 77
43 14
77 50
81 2
60 9
46 31
66 16
44 38
93 81
197 53
156 93
81 9
214 208
201 183
300 181
230 180
304 97
305 261
222 128
145 62
209 191
99 44
291 99
296 52
161 65
216 43
304 234
305 134
174 60
306 278
247 166
208 207
164 111
198 73
21 1
276 210
261 25
210 48
207 87
247 137
281 9
200 162
135 39
115 80
308 215
208 153
219 212
139 77
261 106
246 57
124 93
226 15
263 246
117 14
203 139
293 128
219 79
163 63
295 202
304 169
305 204
253 39
119 55
183 163
283 30
209 102
268 215
142 6
111 28
82 66
136 13
250 166
117 20
319 11
100 98
305 231
305 11
301 3
262 225
142 97
151 47
142 116
315 163
206 36
89 61
291 88
209 2
317 83
111 59
129 82
312 58
223 31
213 1
225 85
230 177
76 43
242 118
21 3
314 271
240 150
220 54
117 80
151 12
236 172
144 128
257 109
285 202
296 160
225 63
110 89
62 20
215 181
293 3
106 71
185 86
181 48
275 272
279 38
236 30
65 8
156 56
286 210
172 63
312 44
103 97
200 170
229 36
278 99
287 51
65 17
188 185
264 262
278 140
104 63
303 116
285 155
164 85
253 118
129 4
162 131
308 24
199 171
318 96
235 140
251 245
278 49
265 162
292 183
251 190
302 144
273 118
93 1
296 28
309 127
254 27
111 15
150 10
142 139
286 36
305 300
314 69
200 105
256 6
271 0
293 8
106 84
191 121
210 94
265 15
147 38
148 11
255 48
314 214
314 46
203 122
304 204
301 18
94 22
237 142
160 119
277 246
288 0
76 72
257 87
236 6
262 103
193 48
187 107
68 21
208 152
151 109
50 32
43 23
220 77
188 67
194 20
170 131
260 161
217 84
318 145
217 27
277 254
132 85
265 260
151 23
319 25
298 207
278 131
121 4
176 92
231 192
247 4
317 128
236 165
158 103
111 10
137 122
311 105
238 150
207 105
293 82
144 95
129 25
289 210
87 32
81 27
135 7
244 122
229 63
154 102
240 89
35 8
196 5
230 44
195 149
299 151
286 16
271 68
291 214
114 38
286 263
213 70
93 64
249 234
50 1
308 279
135 23
221 71
291 212
304 51
124 95
216 204
99 9
286 126
286 175
226 190
209 104
266 175
306 164
231 204
131 55
241 18
149 117
174 68
271 195
68 36
84 72
186 7
313 299
270 113
260 100
161 61
281 92
281 65
53 37
148 43
172 6
77 31
229 56
220 3
311 103
94 39
305 171
141 36
97 78
149 103
130 122
98 24
147 7
230 167
234 129
258 60
267 200
270 131
278 206
291 271
280 30
31 2
246 97
76 13
226 66
175 46
291 222
163 23
253 45
312 151
318 110
247 126
288 281
81 72
89 38
258 30
120 15
278 47
220 120
297 141
244 76
216 211
124 51
128 25
90 70
247 129
319 254
203 29
169 119
263 13
274 174
170 140
126 72
282 14
211 41
203 37
292 62
237 118
173 155
159 111
211 98
266 154
117 82
178 96
292 140
174 121
260 229
253 190
270 19
104 8
308 155
224 174
266 85
59 14
316 240
217 39
133 127
81 44
303 93
275 128
263 41
133 74
301 141
231 33
252 123
313 293
282 1
196 89
115 63
100 77
305 178
135 88
287 129
309 149
314 265
131 69
251 215
278 71
265 186
280 114
40 16
255 102
269 174
119 101
284 110
193 150
171 110
266 164
295 264
117 65
293 70
301 65
262 1
240 54
311 191
270 141
94 7
87 5
203 55
130 100
260 217
292 154
299 126
179 149
311 10
223 220
287 110
148 81
98 92
31 26
94 9
264 49
287 229
278 51
155 52
194 119
289 252
106 66
143 48
108 5
197 138
225 144
190 52
243 138
294 204
217 54
140 2
250 36
289 52
301 67
211 76
203 42
301 12
265 52
271 126
228 141
194 170
276 171
255 224
279 231
158 78
254 93
258 257
42 26
277 110
150 126
165 101
304 84
209 49
303 36
299 205
226 12
296 167
214 9
113 5
138 49
263 236
277 80
268 154
199 182
243 128
315 152
239 182
73 22
286 74
234 177
302 28
315 55
314 106
234 212
310 22
232 190
311 149
182 176
171 74
243 146
281 113
290 162
192 153
149 65
282 63
304 85
254 206
293 158
210 156
228 62
201 109
159 105
169 132
56 55
301 157
191 38
292 239
244 150
224 157
164 103
220 204
172 41
264 43
137 6
39 18
286 182
310 238
299 177
57 0
193 31
236 173
45 29
246 190
284 13
272 238
212 203
208 69
197 181
178 128
175 3
240 19
214 85
305 197
191 58
256 118
109 105
299 143
24 0
83 32
246 5
198 136
199 85
109 25
79 75
164 2
99 34
247 221
152 123
73 50
106 82
261 129
303 3
299 21
197 94
255 202
237 52
301 214
262 113
217 116
145 15
192 113
228 22
159 21
279 233
143 42
182 106
252 238
250 48
298 275
144 18
122 57
203 44
234 156
263 78
271 27
213 203
104 76
131 67
224 195
253 159
81 36
235 120
219 163
94 1
312 131
227 133
194 45
228 103
306 86
177 173
192 1
251 113
233 142
172 10
247 89
243 165
214 88
219 218
313 75
239 158
174 133
248 88
279 9
219 126
292 125
291 35
156 65
138 56
269 253
140 42
229 137
298 16
231 31
276 96
269 209
204 12
286 71
172 103
251 49
144 59
133 51
304 235
102 24
317 124
60 20
319 66
259 232
125 47
259 89
39 24
299 270
38 0
60 27
291 198
266 86
153 111
163 77
265 250
245 197
302 297
143 85
81 38
246 220
217 150
291 228
299 70
158 2
120 114
180 97
294 283
48 26
192 93
264 241
239 16
242 157
243 207
304 1
183 140
158 114
62 58
225 49
314 12
278 246
272 204
239 220
265 71
278 89
86 15
278 207
307 242
226 215
124 96
168 89
228 200
168 100
94 67
285 158
176 0
227 27
46 20
226 78
216 4
61 32
32 17
169 55
287 7
253 26
260 66
85 75
317 257
134 118
211 106
170 14
133 44
312 42
223 53
319 317
187 175
276 167
248 23
287 95
226 82
246 36
176 66
202 5
261 250
319 108
244 200
25 14
236 18
256 33
158 3
210 14
214 72
291 164
95 65
261 0
107 103
206 178
251 77
319 280
276 135
184 22
242 13
212 131
135 129
144 66
206 55
157 107
209 78
200 19
176 17
262 73
190 153
188 183
314 246
195 127
192 120
295 195
309 102
283 131
241 200
300 108
216 173
113 80
207 178
271 114
294 84
224 215
189 75
97 89
191 101
298 20
100 58
294 215
189 154
43 21
263 120
149 82
169 124
106 24
277 255
275 19
272 249
214 157
312 168
180 169
204 40
237 71
99 96
276 260
100 42
38 8
110 17
140 62
148 59
115 2
200 33
247 194
283 212
217 58
253 173
198 33
34 6
258 171
302 256
78 74
298 109
86 68
317 228
220 197
268 200
26 16
310 215
154 107
100 21
283 274
276 53
200 40
181 134
135 92
171 76
242 98
261 109
315 305
83 78
270 192
256 209
293 272
305 252
250 33
272 141
296 220
253 49
221 167
181 103
299 269
256 40
242 191
250 218
45 27
310 214
232 199
297 109
302 90
116 77
228 179
228 206
253 64
143 53
213 80
170 0
206 133
132 60
234 37
287 26
277 199
215 148
150 110
282 246
60 52
97 92
302 51
244 46
311 269
304 19
300 266
129 7
174 53
73 25
178 107
271 67
158 44
104 14
165 56
304 71
206 146
186 47
287 119
173 89
280 213
67 1
304 50
163 21
175 14
260 139
319 68
242 82
259 157
318 51
289 219
41 1
14 1
82 58
124 116
251 38
87 42
213 197
217 130
102 88
208 49
309 35
265 155
253 150
292 155
186 125
202 181
313 185
252 169
224 161
282 139
224 163
307 22
259 129
228 157
309 157
165 39
121 71
186 57
107 93
315 267
101 39
310 220
267 121
154 17
256 123
47 15
214 132
274 17
299 263
201 46
220 205
98 36
245 239
228 215
212 28
236 127
272 57
244 231
276 9
221 62
314 208
299 243
274 97
174 24
167 3
312 261
312 19
89 63
155 150
185 26
248 145
71 31
248 164
197 44
175 51
206 85
88 82
91 81
296 44
307 263
311 121
120 62
53 36
67 11
299 222
126 30
286 4
219 33
160 55
72 69
130 119
279 108
296 278
309 93
304 119
280 273
191 120
254 205
230 213
222 166
98 84
147 144
273 108
182 24
152 34
279 88
227 18
253 169
304 107
257 153
227 106
85 16
78 8
270 78
133 46
229 201
292 270
196 167
29 24
265 220
186 61
139 99
98 18
86 60
239 63
208 3
203 10
89 54
304 105
101 86
296 265
140 27
253 229
269 202
193 21
143 131
221 159
192 116
253 92
271 120
276 130
211 59
272 202
261 116
163 161
125 59
128 1
28 12
76 70
79 14
66 44
81 13
313 208
292 121
288 28
125 45
319 69
210 120
184 134
233 113
235 67
153 75
180 29
145 16
95 60
169 62
308 84
77 25
244 166
40 32
315 168
145 26
280 13
218 168
254 41
295 276
278 7
67 37
294 242
311 195
307 83
226 200
138 53
168 91
293 184
217 22
297 264
308 107
80 2
170 122
112 91
85 79
91 84
172 123
11 3
258 34
149 142
312 36
269 46
49 14
216 15
186 159
254 3
251 248
132 46
264 233
308 15
271 149
134 74
279 217
300 253
232 116
111 70
238 96
263 140
291 258
265 101
271 148
80 41
272 236
257 48
294 151
303 260
124 57
101 46
235 80
210 5
277 31
274 8
296 261
103 55
137 32
310 39
314 192
180 82
289 267
23 16
243 212
190 123
154 118
184 29
285 237
232 71
251 191
187 40
44 4
295 205
113 17
79 28
291 129
85 29
316 198
277 25
296 269
258 40
312 185
163 68
119 84
317 44
79 13
285 84
142 10
131 46
238 9
127 96
217 179
317 223
213 136
283 86
166 157
67 53
251 65
238 217
291 94
264 83
47 23
223 21
196 101
90 7
289 10
238 204
243 2
164 74
65 0
313 211
277 82
134 78
290 5
39 20
209 103
15 6
292 99
305 224
133 66
215 24
77 62
257 249
258 93
316 36
226 125
311 52
250 125
174 35
197 103
258 215
107 70
207 138
151 61
297 10
189 187
201 33
172 98
284 175
169 7
257 18
245 6
198 175
181 66
297 235
110 58
86 56
108 29
182 58
270 149
270 187
254 201
283 138
86 23
303 60
275 13
273 31
262 250
43 13
94 54
302 96
189 174
258 51
235 183
298 80
247 123
303 6
256 51
256 240
260 169
170 163
269 45
307 7
313 32
223 196
274 118
181 56
114 102
316 200
209 79
147 59
271 127
261 32
175 63
274 161
140 100
306 94
271 208
85 62
66 20
276 250
43 7
212 109
236 73
236 7
306 209
233 78
278 43
308 239
218 84
193 15
118 83
205 159
190 44
220 167
164 34
294 46
244 175
258 42
91 72
246 121
135 20
294 257
98 7
139 0
149 86
163 87
222 187
297 255
241 27
315 71
238 111
265 195
92 82
223 130
178 37
118 61
202 195
208 39
138 92
249 151
303 38
268 2
290 255
231 213
86 9
211 129
205 204
151 114
120 58
238 201
74 54
75 62
129 19
247 86
183 142
221 209
212 164
281 122
303 288
302 127
211 136
267 262
308 264
77 71
311 212
237 164
267 205
113 2
274 147
48 42
164 99
308 170
264 225
166 74
289 135
71 65
88 56
204 15
156 51
266 243
294 68
169 26
220 201
287 25
146 16
265 141
195 38
310 187
217 66
121 22
236 40
180 150
96 87
288 212
290 146
187 145
177 4
299 265
268 81
160 99
290 0
181 101
316 213
277 163
198 8
105 89
306 49
276 28
124 47
232 29
267 58
296 64
207 143
243 43
286 6
290 249
189 114
245 47
60 2
275 171
281 183
270 130
236 175
170 38
214 127
280 85
93 85
273 112
203 133
314 196
150 92
233 162
296 247
264 121
180 62
270 108
257 181
304 17
276 267
59 24
264 156
247 68
61 42
115 7
151 54
181 160
250 116
311 107
297 11
298 204
179 9
306 286
103 19
264 130
318 29
241 191
284 181
286 221
156 16
197 5
123 41
120 11
221 27
254 221
287 249
262 227
279 194
272 187
251 159
279 191
171 38
58 6
231 68
107 27
122 103
302 106
15 11
105 30
305 269
223 90
225 99
192 185
305 68
64 4
306 215
277 67
270 244
269 82
318 156
292 276
249 211
118 10
241 109
138 69
194 56
215 123
76 3
196 164
168 88
80 25
299 240
144 120
285 204
260 174
235 28
271 199
262 153
312 255
184 102
178 122
239 178
307 303
124 88
295 270
201 90
152 73
222 112
82 48
147 78
193 68
245 198
90 11
284 96
187 61
300 274
182 40
156 141
233 216
249 222
269 180
118 86
145 39
112 50
198 57
303 278
240 117
125 25
260 163
193 0
214 12
206 184
227 137
189 12
288 247
253 211
273 82
264 162
293 223
264 185
295 89
260 135
311 246
228 105
204 178
147 94
265 3
289 108
288 147
181 83
148 19
142 115
131 61
285 1
244 141
144 7
270 225
221 177
227 13
99 82
195 21
153 73
316 294
117 15
64 60
311 122
240 237
138 29
148 51
223 79
223 100
208 109
232 138
52 26
112 19
235 185
150 95
296 111
177 38
275 259
51 20
203 126
92 19
264 63
253 192
284 161
252 99
180 176
229 14
294 120
103 26
284 280
263 33
91 87
265 241
170 108
305 40
212 133
153 98
180 170
126 39
221 173
94 8
140 55
80 37
280 32
312 263
149 137
138 32
254 208
195 27
288 18
100 2
294 287
112 56
282 20
210 193
196 192
260 164
182 31
123 85
283 185
159 95
231 219
191 154
130 99
155 87
284 65
240 132
79 12
213 69
281 2
167 72
244 49
313 112
152 56
259 52
158 66
218 173
160 103
184 26
249 1
245 95
313 235
276 70
280 246
307 79
110 56
284 90
230 120
237 136
283 169
52 31
317 268
185 136
307 283
289 209
264 135
263 10
114 74
250 75
129 96
315 67
87 30
165 95
122 110
296 96
294 38
206 123
318 157
162 55
218 161
241 105
240 238
196 166
319 90
71 24
176 99
137 132
308 173
226 214
215 195
165 138
121 49
100 64
160 61
178 139
229 23
260 236
252 49
308 6
254 231
317 179
246 239
311 170
261 18
80 21
95 55
158 15
195 60
260 101
218 203
118 46
288 26
206 114
141 21
167 159
127 97
206 11
295 220
177 82
296 182
307 140
110 29
264 148
89 3
319 283
121 63
266 166
301 159
156 71
112 82
26 6
289 11
182 85
247 58
219 147
83 41
264 27
212 134
120 92
207 88
37 21
170 68
210 79
214 136
188 63
111 34
217 77
186 78
180 162
298 259
242 79
273 258
310 276
171 102
269 230
105 74
64 26
274 55
295 191
193 77
77 60
300 13
225 167
221 104
167 87
230 50
293 81
278 60
79 26
255 54
91 14
85 52
300 38
264 5
304 44
194 25
280 174
307 110
193 8
188 118
176 74
5 4
87 3
128 14
261 183
269 18
150 124
292 199
279 115
118 103
275 89
221 57
294 80
201 13
315 238
259 27
283 35
148 102
293 178
189 106
157 65
271 50
272 133
262 226
267 251
139 71
180 35
87 76
209 9
133 72
194 42
256 21
251 189
287 79
265 84
217 119
251 151
205 155
272 138
277 48
228 120
212 46
96 74
259 12
215 77
288 284
195 12
255 161
304 22
181 112
118 66
227 162
246 53
201 120
194 64
204 192
300 111
229 203
186 48
213 76
139 137
209 97
316 88
236 217
134 52
227 95
298 82
168 83
216 120
78 33
317 238
139 136
230 172
194 130
206 37
311 250
124 29
238 100
242 92
280 113
186 110
284 101
67 14
274 177
111 60
148 48
81 40
209 89
45 24
312 198
220 192
319 211
279 136
193 104
267 184
193 33
115 16
53 30
301 154
316 171
201 169
280 160
133 62
300 149
318 52
177 147
226 84
314 37
205 127
272 218
154 50
263 65
267 64
58 30
276 242
195 183
252 157
279 36
254 165
268 203
267 162
56 36
264 52
274 121
130 63
281 214
75 64
250 196
190 33
319 282
235 201
232 22
182 157
33 32
256 237
114 72
68 31
235 220
172 102
241 140
126 46
230 222
108 85
274 242
261 248
175 62
116 113
193 189
196 67
33 18
39 36
304 15
267 23
224 118
296 233
303 198
232 164
247 169
278 16
139 120
180 52
254 213
227 69
251 9
294 100
155 5
300 145
241 76
306 212
224 198
252 183
237 86
309 107
173 69
297 155
226 131
189 163
230 196
162 77
259 211
120 42
267 49
222 90
255 9
247 163
318 250
152 58
270 134
264 89
311 14
235 74
136 67
227 110
170 144
288 112
135 54
305 301
149 92
77 41
293 241
208 55
311 125
150 98
226 55
110 99
300 195
144 102
194 156
128 66
291 56
200 164
202 63
194 177
253 241
277 43
293 211
263 260
171 0
301 239
318 258
255 208
262 40
177 17
142 23
236 81
269 60
222 38
267 25
226 31
177 124
264 38
268 140
210 198
55 20
204 1
265 181
199 87
122 79
148 122
246 16
189 64
307 77
261 239
49 7
318 72
252 104
301 8
119 41
138 89
54 42
287 269
183 124
290 73
317 149
32 26
102 64
278 156
83 42
248 42
273 96
265 85
222 213
267 252
204 43
253 100
205 196
261 213
180 107
176 1
57 39
158 119
211 159
268 127
143 38
315 261
152 128
317 26
235 231
26 7
271 139
128 5
191 117
184 137
195 136
93 19
251 67
197 130
237 40
257 133
155 41
194 162
311 112
236 20
169 155
276 72
194 164
271 265
290 108
112 27
220 138
289 277
310 234
197 163
218 122
155 137
174 29
198 108
166 142
289 110
112 70
242 136
258 170
120 16
244 133
281 105
124 67
282 172
297 204
223 17
300 275
131 62
186 153
232 226
168 80
192 165
257 167
243 173
290 173
191 139
49 33
207 90
261 161
252 101
273 145
172 144
270 11
293 201
140 52
276 229
157 75
55 46
155 48
303 201
258 27
318 259
147 11
147 41
275 14
287 35
77 27
302 44
307 240
161 23
239 34
194 117
307 184
258 7
294 234
140 73
188 170
212 190
80 5
248 35
60 35
287 62
211 61
315 127
218 186
270 90
243 79
202 104
225 138
254 159
234 115
27 8
87 70
302 177
313 218
280 210
157 151
288 73
280 41
186 170
261 196
226 77
282 162
270 22
280 123
317 304
146 40
110 87
280 53
273 188
310 180
103 79
98 45
282 54
26 21
217 163
236 32
150 115
63 41
280 101
188 115
209 144
246 180
218 202
99 92
226 62
308 69
244 87
305 206
120 89
186 31
214 31
238 231
182 17
309 172
258 107
121 1
202 47
42 14
170 5
123 8
67 54
260 155
218 20
217 90
287 146
261 220
216 154
209 186
271 133
87 50
241 9
127 7
153 96
190 21
251 114
215 179
275 241
138 134
178 1
39 17
146 99
263 192
47 31
188 19
91 26
283 142
151 141
5 0
85 21
261 22
285 143
273 155
308 166
181 76
162 72
221 117
169 160
210 19
260 39
148 77
292 259
138 54
248 143
267 118
310 145
283 29
159 52
278 126
92 14
314 0
269 27
152 124
211 96
258 243
63 57
100 46
314 47
224 99
261 26
308 82
139 132
229 110
249 152
225 30
207 51
211 29
288 240
204 124
300 173
148 9
158 152
156 151
247 175
231 193
199 195
159 108
231 116
287 85
222 177
309 190
170 16
169 37
317 259
54 19
196 118
169 31
272 26
251 168
301 258
210 104
300 45
279 125
217 50
186 79
224 189
309 303
133 95
288 156
176 26
282 53
308 113
288 223
195 115
293 204
209 7
166 78
188 42
298 199
284 142
262 13
201 10
281 180
318 223
214 99
316 114
258 67
123 38
315 174
244 137
177 52
156 41
30 12
148 95
210 167
219 201
112 46
247 233
278 267
181 137
245 92
232 125
218 159
75 50
145 13
121 80
270 27
308 42
253 138
189 99
230 86
218 67
187 154
102 10
277 93
157 56
210 53
280 134
269 251
104 84
262 232
231 98
295 53
260 17
254 251
198 59
279 35
258 23
141 90
143 11
252 201
235 197
284 94
152 91
319 219
82 80
221 32
54 34
221 142
245 72
227 170
110 5
291 34
29 7
177 62
235 232
89 34
270 46
125 53
312 259
270 103
249 65
307 244
135 60
258 189
211 42
169 79
228 10
26 5
181 8
192 55
317 274
291 22
218 215
300 196
197 106
248 39
83 59
91 82
240 59
100 23
234 2
185 43
252 26
295 172
203 119
227 113
119 70
319 277
243 54
158 30
49 24
229 138
313 219
29 25
262 166
111 87
143 135
111 24
202 41
306 162
249 201
189 81
275 273
54 40
178 14
268 224
107 43
144 64
308 167
264 70
294 221
309 129
260 51
186 182
125 61
260 199
258 98
241 126
285 180
313 303
263 23
312 10
297 289
287 34
228 101
293 55
210 162
28 4
272 107
50 10
232 173
265 197
123 56
143 63
82 20
234 198
279 202
313 256
233 207
315 134
216 35
220 174
277 130
313 141
81 56
290 245
162 152
79 18
116 36
242 183
280 252
285 133
58 41
210 160
52 23
240 48
247 55
92 84
156 0
272 260
127 87
131 85
243 85
285 249
115 73
134 80
240 154
78 29
154 49
299 261
253 171
193 103
244 0
271 194
306 258
52 12
216 183
158 54
180 129
222 111
5 2
246 143
177 160
227 199
233 3
315 234
192 47
280 137
91 34
201 128
181 142
186 28
309 270
211 67
65 30
262 51
317 162
186 54
264 42
249 66
286 51
298 115
223 16
218 206
300 28
199 175
207 74
165 136
127 48
111 88
218 113
141 55
318 313
218 216
245 160
66 35
109 19
300 54
289 138
233 65
244 201
212 8
305 223
198 119
216 203
305 212
182 152
84 57
162 119
215 162
259 175
198 4
308 86
130 30
223 165
213 49
223 195
251 152
292 182
135 119
172 87
268 68
316 133
277 21
300 179
155 68
132 31
191 25
301 158
284 189
174 6
306 74
222 127
71 19
298 111
70 57
192 159
154 100
239 195
80 31
46 14
114 53
297 63
191 35
226 124
206 68
294 279
158 131
296 201
146 85
226 207
108 16
146 118
174 139
304 270
122 91
