220 660 240 2500
182 54
49 14
85 23
123 47
187 185
201 138
192 112
199 121
18 11
126 41
88 51
207 203
27 10
111 82
134 51
153 141
53 38
132 15
200 23
181 92
126 116
122 7
218 42
68 40
162 39
63 29
79 59
209 109
141 135
199 15
118 104
158 42
196 22
67 44
190 149
86 16
157 139
215 202
78 50
208 149
12 0
174 18
81 28
160 150
162 118
164 2
210 83
101 84
88 72
23 17
50 43
51 36
162 137
144 24
130 16
128 38
146 11
114 33
118 112
158 148
161 6
134 0
133 68
173 13
203 97
101 78
38 14
8 5
175 116
155 140
165 109
187 4
173 128
57 41
170 88
219 143
162 63
157 8
217 54
106 21
172 133
50 47
158 101
116 46
175 1
202 70
150 69
203 44
96 75
74 57
157 144
208 93
73 32
167 75
134 129
33 27
212 62
68 1
188 120
181 156
176 11
107 49
202 107
209 64
143 50
210 40
155 40
90 44
219 151
113 23
161 33
151 46
11 6
204 191
90 61
181 177
82 62
177 14
142 141
185 108
167 9
187 156
128 84
103 62
185 10
214 119
218 119
177 75
126 20
144 108
174 107
188 170
192 49
103 80
168 125
164 82
122 105
217 35
65 42
102 34
85 80
142 62
104 6
206 201
177 112
166 26
135 92
49 25
191 62
182 13
88 27
72 25
72 57
98 37
157 9
198 8
90 73
183 35
99 36
197 149
155 64
16 15
218 37
124 123
149 90
151 48
24 0
133 65
29 8
91 2
117 95
172 29
175 5
192 6
61 42
185 35
71 29
121 28
116 115
180 37
123 113
209 125
186 164
177 102
83 65
191 148
175 123
94 29
199 103
204 27
194 154
130 110
187 176
96 84
182 106
219 130
197 140
213 126
208 96
217 95
123 61
65 14
141 2
133 129
144 45
147 89
213 98
172 19
86 28
196 133
133 112
49 26
171 45
145 144
183 96
118 107
28 25
130 54
206 144
185 163
151 145
125 72
142 96
122 48
194 140
156 139
107 86
153 54
178 11
200 84
164 75
95 73
66 49
105 16
179 112
199 99
145 120
218 139
171 54
153 103
198 63
194 25
78 30
110 26
135 81
219 9
76 8
216 187
160 132
128 61
165 9
217 30
204 106
202 1
120 25
194 98
176 174
190 37
205 203
51 11
68 23
209 77
81 52
215 123
52 27
188 135
125 39
57 19
148 147
199 172
201 62
144 60
27 19
215 162
117 83
218 177
71 68
215 71
139 107
181 61
46 22
159 44
102 42
143 98
201 177
201 99
153 150
79 31
153 152
144 64
158 14
168 65
183 64
138 123
115 30
161 127
192 181
211 5
192 43
182 73
146 39
200 91
126 59
175 30
54 23
183 8
190 176
183 48
149 103
64 63
151 105
190 101
218 71
172 130
161 93
157 5
149 24
152 136
125 123
68 37
127 104
187 96
216 176
183 74
203 171
178 100
128 109
200 147
150 15
184 13
38 34
22 17
123 2
129 63
20 13
107 39
141 37
115 53
52 31
72 63
116 110
191 5
139 52
215 64
193 120
167 149
136 58
212 101
93 6
187 145
182 3
146 1
85 42
107 45
78 24
116 56
118 66
218 102
196 7
115 71
132 63
189 38
51 14
184 183
168 68
173 99
110 87
172 57
106 64
177 143
218 39
205 60
158 55
208 102
179 157
142 81
207 131
195 179
76 3
109 36
162 135
188 178
94 11
199 26
200 191
184 33
114 56
19 0
217 56
141 12
34 19
139 111
145 142
68 33
42 27
42 29
214 64
187 89
72 64
118 53
129 55
183 37
11 0
163 4
189 58
190 64
202 25
192 45
125 77
186 156
188 154
141 74
194 16
135 118
171 16
26 11
172 122
107 72
213 46
202 49
130 32
194 95
186 33
135 79
206 90
81 54
136 74
125 12
177 123
150 46
82 50
166 142
152 83
193 117
145 96
144 9
179 138
68 15
216 17
209 21
167 73
104 63
109 60
149 123
170 119
218 100
216 61
218 11
171 24
206 114
216 202
186 44
201 162
199 41
193 43
140 14
169 122
179 20
172 38
213 110
133 3
68 45
184 167
106 70
130 86
171 44
116 44
69 23
97 10
194 145
181 178
113 57
207 49
23 18
68 35
56 5
179 108
126 95
185 132
134 99
205 3
125 11
152 51
167 18
196 61
215 45
207 36
207 101
111 17
158 154
129 49
156 36
162 45
155 111
106 40
156 121
81 64
52 30
95 54
172 85
218 211
125 19
195 193
216 20
217 0
88 17
217 18
25 6
150 55
72 28
88 40
183 122
106 75
202 34
96 18
217 116
158 119
184 87
21 16
46 15
160 158
184 29
186 71
151 40
65 34
175 173
217 12
192 130
124 106
138 79
186 185
180 123
192 1
46 42
170 83
89 53
154 113
187 70
145 30
195 68
218 183
109 23
157 74
166 118
62 36
59 13
146 86
217 144
52 12
146 14
195 152
84 70
193 10
154 147
30 25
84 6
111 95
117 94
205 29
92 83
69 47
162 144
219 178
76 44
171 161
41 1
200 93
75 35
127 120
218 17
90 56
133 116
196 39
177 128
137 99
103 37
153 112
80 74
160 104
118 113
173 86
81 22
212 87
135 25
140 64
178 113
158 124
151 12
130 113
17 7
75 10
217 123
161 21
91 60
174 170
164 47
119 95
96 79
161 61
157 151
104 93
84 79
90 64
172 4
105 14
108 83
207 100
198 182
164 38
168 113
180 19
137 50
139 64
202 97
92 30
131 114
158 127
208 170
216 81
202 191
200 104
189 119
210 24
103 26
211 57
198 92
124 114
190 52
209 107
130 18
213 71
117 115
156 31
133 26
112 20
37 7
150 59
159 13
167 31
131 80
183 65
91 76
205 184
156 120
106 84
164 69
71 47
215 108
179 75
112 6
126 108
191 164
131 118
186 29
178 89
191 166
180 3
160 46
194 115
98 18
237 199
45 36
142 55
236 192
233 218
192 169
226 124
161 42
212 21
82 45
41 0
193 119
170 14
198 94
46 14
118 71
144 132
229 65
78 27
67 56
27 0
197 25
213 32
139 88
225 107
164 53
170 46
151 99
189 79
79 10
172 57
214 34
213 190
95 31
158 53
193 98
140 110
169 21
195 161
158 13
170 22
118 47
157 134
195 115
184 25
13 0
145 9
201 89
212 18
145 73
214 78
231 205
184 44
192 139
109 58
86 65
154 67
136 91
186 107
79 15
154 107
220 57
154 36
188 50
151 88
60 13
163 42
114 20
222 85
26 18
217 128
201 125
104 45
167 35
186 79
135 52
217 195
176 119
158 3
201 14
225 122
169 52
231 70
223 30
127 65
226 121
159 105
176 55
176 106
231 31
228 4
96 4
126 16
229 89
83 24
150 50
192 102
230 76
48 27
144 7
237 81
170 157
190 46
100 23
105 15
183 171
224 60
177 149
238 88
43 2
156 73
162 142
77 75
77 59
231 106
70 0
168 81
193 3
153 76
114 48
150 112
228 41
210 182
188 103
214 117
165 76
91 40
208 51
239 133
234 145
204 189
136 58
145 92
225 183
121 59
148 142
133 80
224 210
141 103
124 112
213 14
216 4
183 72
37 5
104 83
96 44
219 127
34 12
114 108
97 18
153 38
101 41
151 68
162 127
147 120
230 229
157 5
134 44
171 50
49 38
133 84
201 155
219 99
142 4
158 152
186 145
89 19
229 95
204 122
223 159
144 53
225 173
213 198
128 18
204 132
201 188
212 14
82 74
159 31
105 96
174 109
148 126
185 51
237 175
229 205
212 99
175 115
86 78
205 121
83 70
77 1
162 131
143 13
186 165
171 84
210 207
203 40
63 53
234 219
225 81
220 94
233 85
153 15
63 42
74 72
210 110
120 26
22 1
222 91
234 168
123 37
112 27
232 206
35 34
165 83
169 139
209 143
140 7
163 90
237 225
186 170
180 107
126 56
98 70
74 32
179 42
90 43
207 156
232 118
215 30
192 126
205 136
178 137
178 93
196 24
71 35
159 13
193 4
210 126
93 40
234 167
147 72
124 120
135 4
79 43
99 24
169 50
202 181
187 14
103 49
231 19
237 86
196 36
181 11
222 88
30 13
222 169
86 17
130 65
122 27
164 67
149 35
158 79
174 86
180 62
176 118
101 52
84 5
192 78
123 64
47 3
96 90
204 38
32 31
132 112
173 36
158 14
140 132
184 119
175 102
107 0
169 6
159 33
78 25
224 142
220 107
227 211
189 125
148 56
187 22
117 89
237 218
171 96
72 57
179 11
131 108
196 31
201 33
206 67
197 195
107 36
181 8
235 59
115 12
234 23
68 45
233 4
227 134
210 75
172 129
144 68
98 72
172 24
221 19
225 3
135 70
58 32
73 4
233 24
202 128
159 119
48 18
221 143
125 124
206 106
230 3
129 10
46 43
171 101
176 102
221 157
169 22
120 39
149 34
200 86
124 30
178 11
58 20
115 47
235 177
203 132
122 15
124 110
130 62
80 77
140 50
79 42
147 16
110 67
161 68
107 47
14 12
87 42
192 143
126 0
169 157
186 83
179 90
159 157
235 11
224 150
70 32
158 140
212 95
166 63
151 24
235 175
235 163
168 111
210 187
177 66
182 50
233 130
106 34
9 5
235 43
104 73
119 89
221 182
163 92
115 2
211 59
86 63
203 124
238 135
222 31
237 34
230 17
231 67
216 57
235 76
190 29
213 127
238 186
120 86
141 111
61 50
132 102
168 51
231 136
218 132
171 82
141 77
193 88
204 161
210 93
193 160
78 60
113 43
58 49
204 172
184 19
57 47
103 51
187 158
101 68
226 58
132 0
69 32
188 43
231 108
193 64
211 141
163 63
194 29
198 59
107 20
212 32
153 142
43 6
228 209
211 133
209 98
23 14
227 198
203 148
96 92
198 39
203 179
17 14
208 58
134 38
24 19
192 135
139 67
141 3
228 14
31 30
164 57
200 14
65 29
205 128
230 72
238 233
228 40
216 3
162 80
233 84
86 26
106 61
28 7
189 11
168 90
197 32
170 168
225 208
120 75
164 60
229 160
209 14
83 34
83 27
186 125
203 118
165 29
113 84
85 83
187 118
158 142
197 41
129 115
230 184
71 0
118 43
205 194
193 19
142 140
204 168
218 202
167 107
51 27
94 86
147 79
156 27
219 40
180 38
233 7
235 219
187 126
202 199
175 139
188 35
211 177
162 12
188 178
196 119
71 18
195 2
223 199
94 46
53 9
159 101
208 75
117 11
196 138
206 187
49 25
87 18
102 21
199 112
218 126
99 11
165 82
160 65
97 30
239 16
206 2
174 155
207 133
164 41
212 19
106 17
228 8
37 21
192 4
130 119
198 18
72 55
192 61
47 36
166 135
124 1
217 211
209 7
235 101
226 40
227 224
27 15
145 34
192 57
192 186
138 85
192 100
151 65
66 52
139 46
147 130
227 80
217 89
201 28
223 64
190 186
91 15
234 43
228 22
70 43
52 32
228 92
85 18
52 50
188 150
173 26
71 53
96 13
158 137
153 33
150 73
136 117
222 147
158 44
185 106
166 81
192 163
130 101
142 37
213 180
193 118
212 67
208 2
137 117
188 86
233 203
52 17
129 94
90 62
146 84
160 52
139 60
221 108
229 103
195 182
151 29
203 93
171 29
205 92
85 60
234 178
197 60
82 23
112 103
186 146
207 124
235 231
134 85
194 46
184 116
132 13
85 28
120 97
188 9
174 129
217 111
23 20
121 96
171 104
3 2
171 125
215 42
225 131
83 16
180 150
164 7
196 159
230 56
219 194
124 15
127 111
178 148
189 78
195 67
135 132
68 18
196 113
151 112
58 10
215 55
197 144
216 143
156 115
166 69
203 1
204 133
91 59
130 77
130 90
218 37
206 189
62 30
157 74
237 122
237 183
84 43
190 117
153 152
87 62
188 75
190 146
78 24
220 141
204 118
123 20
167 18
142 22
226 61
198 93
83 68
162 104
57 33
200 192
141 92
101 14
193 37
218 89
239 226
156 92
101 3
219 123
113 83
200 123
42 21
131 130
126 58
164 132
170 24
149 15
136 50
128 70
151 69
201 74
169 91
236 174
114 1
228 170
43 26
176 144
219 98
169 82
83 37
162 60
164 100
218 195
153 130
49 8
145 29
203 122
193 102
198 188
186 96
91 70
160 32
78 49
87 1
204 158
176 70
197 107
205 95
53 43
236 82
101 35
54 37
235 79
232 76
136 73
202 197
128 115
227 94
169 130
182 168
126 32
206 183
76 38
198 85
225 89
130 42
86 4
204 65
58 28
144 122
194 38
205 82
201 57
124 40
223 6
177 102
159 99
219 79
173 91
227 213
200 80
134 9
166 105
234 94
79 50
180 63
202 185
76 7
136 42
150 31
78 74
195 164
155 97
156 120
194 132
185 1
187 93
150 58
222 2
169 155
70 37
73 63
72 61
189 12
197 176
209 164
216 53
223 139
138 84
111 107
209 90
208 25
207 143
128 51
105 37
141 140
97 46
82 8
126 18
156 35
175 35
115 91
143 124
200 11
163 9
96 81
233 125
229 104
196 108
167 123
145 15
131 58
43 22
232 217
162 26
151 57
134 121
190 69
69 26
183 173
207 73
173 111
200 119
223 83
77 58
163 52
204 173
147 137
102 82
86 85
203 3
202 70
150 140
66 23
200 183
150 83
148 110
219 74
170 159
216 167
146 124
155 42
134 34
223 84
190 172
193 91
237 115
160 66
116 51
79 66
198 79
134 86
213 6
87 70
229 108
178 168
175 28
61 34
224 22
195 157
206 186
165 120
237 98
120 96
68 4
107 64
94 71
147 145
191 148
103 74
237 217
231 185
122 50
237 88
12 5
230 48
219 45
122 80
145 114
191 186
202 17
237 25
184 49
210 74
89 16
110 28
108 81
215 62
169 134
182 21
209 122
166 53
160 90
162 61
69 9
88 57
157 89
189 63
107 11
126 61
160 67
153 90
182 161
219 212
129 101
107 56
28 12
130 120
217 161
193 9
198 32
165 136
230 166
180 164
229 112
211 159
186 131
89 76
209 126
156 34
211 27
136 5
87 68
234 95
228 185
68 1
216 11
114 36
138 0
199 71
179 49
37 20
126 69
68 62
200 111
66 54
100 92
118 6
208 22
145 132
132 86
157 96
207 89
195 40
52 35
213 87
136 72
178 52
88 22
67 25
183 174
76 17
215 101
209 170
215 108
131 32
235 124
67 20
191 37
232 190
37 36
181 68
25 9
158 87
86 5
170 138
130 64
97 39
197 156
42 25
222 176
79 22
141 10
233 219
198 145
146 6
212 110
112 55
211 175
58 43
130 6
105 43
43 5
239 149
206 13
83 36
170 89
182 65
208 159
176 113
238 111
232 182
207 182
227 44
127 123
225 55
107 48
206 159
139 125
176 48
149 138
233 213
127 83
200 114
227 131
180 121
130 15
224 4
153 12
227 28
226 12
193 147
201 111
229 206
227 111
179 163
206 23
151 67
165 66
232 200
92 34
189 166
185 67
182 47
140 79
156 108
146 47
76 27
107 41
74 37
208 126
204 19
182 115
197 151
219 32
35 14
24 7
74 67
183 144
235 216
224 27
219 129
170 140
101 55
54 26
204 138
207 48
191 108
238 151
146 11
126 62
129 122
183 96
134 19
114 100
106 18
147 77
185 180
173 122
126 4
182 45
198 57
163 30
212 188
111 35
157 65
180 60
108 24
159 37
77 39
121 8
140 37
205 143
77 16
113 59
168 125
183 68
222 115
155 137
159 43
233 1
60 56
83 47
190 56
187 79
220 92
74 7
214 100
165 75
128 120
80 59
189 113
55 43
167 78
187 2
224 190
51 38
235 221
150 12
200 51
164 94
228 38
213 158
30 26
142 52
67 30
151 18
128 80
202 130
106 32
197 192
104 94
170 75
84 44
138 7
62 4
105 83
176 90
93 92
89 58
141 63
89 39
217 78
172 39
176 32
52 51
195 25
64 10
210 163
219 198
211 109
75 40
104 3
193 52
100 2
179 4
163 23
121 75
97 88
186 118
32 7
238 144
197 1
114 77
184 76
230 220
234 192
167 157
85 73
217 183
235 161
36 33
118 96
130 122
207 131
205 189
220 140
101 72
190 107
180 14
142 16
119 114
209 61
170 82
101 29
226 113
186 13
143 60
144 110
238 164
54 50
237 39
220 54
124 6
164 159
201 61
52 14
217 171
56 37
148 128
200 99
150 120
43 36
117 34
153 29
56 52
165 46
222 132
179 59
214 83
199 181
94 60
239 234
221 73
231 1
43 7
6 0
153 94
178 117
228 10
117 2
195 69
164 26
91 26
150 56
159 137
221 1
171 21
42 10
237 121
98 52
191 55
172 107
165 132
177 71
50 4
234 77
218 190
208 193
227 61
113 67
160 2
68 14
236 169
205 93
224 126
114 15
151 38
229 168
121 110
165 12
190 17
121 73
64 11
167 130
127 17
213 157
154 32
95 93
217 66
216 104
200 7
174 37
203 36
135 42
204 41
227 199
49 22
228 104
238 223
198 196
184 157
185 107
156 32
17 5
101 46
83 17
80 52
48 29
205 130
206 99
121 95
209 128
117 115
217 185
194 67
176 62
50 2
117 33
132 128
179 138
103 12
229 203
157 48
227 226
222 134
221 125
239 208
99 93
31 14
170 84
201 133
197 170
169 96
109 26
194 141
221 109
237 91
232 53
54 49
92 79
206 83
188 111
198 38
119 35
92 26
112 30
235 118
172 82
107 85
215 21
139 23
216 200
117 80
155 135
57 56
192 0
233 193
178 72
146 74
152 35
12 4
198 64
110 53
183 48
161 70
32 10
231 22
136 123
150 19
177 142
221 167
211 183
228 69
160 139
116 4
217 209
238 142
239 73
214 110
173 168
225 172
52 46
40 18
224 99
111 92
216 211
152 42
200 65
168 23
176 5
137 114
219 75
217 146
157 109
148 52
86 74
97 85
235 147
118 85
151 19
233 141
150 126
211 125
149 0
120 21
135 19
232 119
96 46
104 12
234 127
179 15
154 130
234 34
239 39
96 91
99 9
209 121
218 171
199 66
35 11
94 42
202 46
178 136
187 99
210 157
231 68
63 0
230 228
204 12
173 119
206 21
65 3
185 36
100 48
237 15
108 73
170 163
192 121
219 218
232 214
176 66
174 36
177 164
61 55
77 23
223 179
237 132
114 80
105 97
156 1
185 138
155 108
237 130
49 29
225 37
126 79
233 83
137 14
170 13
166 26
172 88
37 9
27 20
24 4
186 81
228 67
188 161
238 210
181 43
178 177
107 8
93 32
170 70
182 84
140 64
80 66
230 192
173 145
217 206
232 171
89 65
154 116
174 1
164 140
236 23
239 47
166 19
96 57
194 15
204 116
221 138
145 121
90 73
212 43
168 41
229 11
183 54
152 61
71 59
186 51
196 92
39 34
207 155
74 0
209 59
208 197
157 56
170 111
114 46
140 55
194 153
132 63
53 51
171 16
157 149
219 66
150 63
177 120
164 151
230 103
107 39
117 59
223 216
145 136
239 77
104 47
103 34
125 104
178 112
34 14
190 68
188 11
170 58
138 91
163 138
162 0
71 15
134 75
111 73
119 102
101 8
218 200
234 155
211 115
225 41
232 139
238 118
152 128
185 130
176 53
66 14
210 112
201 92
65 9
100 81
126 106
220 207
103 77
123 77
123 48
191 0
91 6
129 123
234 80
235 190
91 0
116 38
99 23
101 83
124 98
68 55
180 76
142 87
222 200
31 5
203 0
17 12
165 42
220 75
165 53
144 76
202 158
89 25
201 95
87 12
128 49
90 42
181 24
148 82
98 32
236 129
118 69
140 34
109 105
233 33
155 126
206 168
136 125
227 106
175 12
54 7
220 167
188 102
161 103
201 77
171 121
238 91
237 209
124 111
207 203
237 126
238 157
209 83
199 80
202 30
178 171
238 165
44 23
155 58
128 0
234 221
204 112
211 79
126 9
169 99
214 157
144 44
115 26
145 49
231 6
211 153
226 128
115 3
238 162
172 138
146 49
214 148
224 31
232 154
161 154
158 28
182 29
238 232
154 10
71 65
55 15
236 167
230 185
157 106
221 4
92 81
94 50
238 197
232 225
157 50
143 77
157 141
19 5
77 47
160 110
94 23
69 24
178 35
199 85
83 44
228 23
177 109
190 135
172 120
222 9
168 115
95 70
152 65
165 143
161 71
179 115
74 25
166 2
70 57
148 100
175 142
186 5
191 50
63 33
238 3
137 15
179 99
31 2
217 164
188 183
237 194
153 92
187 97
166 116
216 90
183 27
216 107
185 93
228 205
223 221
169 146
138 113
157 94
96 21
17 15
123 30
149 83
238 98
126 115
221 124
169 149
176 33
145 50
122 83
89 72
138 39
180 17
161 156
145 25
191 162
162 5
103 76
89 6
44 12
44 30
208 121
194 41
116 16
209 118
166 140
33 27
239 232
229 88
126 23
157 93
42 37
22 11
23 8
165 89
63 26
239 49
56 20
53 47
137 122
59 39
50 22
234 60
135 127
194 92
202 119
157 57
237 159
139 91
144 58
217 115
230 227
127 51
46 33
97 43
220 99
143 16
185 167
99 49
106 21
60 34
44 24
78 23
182 140
72 16
31 27
198 121
52 37
214 207
157 47
118 29
205 87
197 166
51 3
209 6
61 21
134 61
203 177
119 97
216 82
87 73
2 1
224 127
187 139
147 85
231 33
199 84
101 74
154 31
217 91
172 171
191 149
128 94
187 122
178 5
199 59
97 40
149 107
120 67
69 6
204 197
106 80
52 40
127 103
122 59
233 171
188 34
126 17
185 21
118 100
238 87
193 170
201 0
86 43
138 86
88 7
226 180
198 195
51 4
180 20
157 143
70 54
41 12
193 188
109 49
119 91
81 31
115 61
106 46
236 229
51 39
186 37
115 93
233 94
204 3
150 76
221 97
217 98
209 100
201 73
25 16
114 53
161 1
55 41
159 35
213 16
235 155
133 124
196 72
94 61
170 136
194 1
76 75
106 39
100 91
211 8
76 56
62 46
92 13
239 58
131 10
227 27
72 15
119 39
129 79
178 176
118 101
189 109
141 83
189 89
109 92
205 105
74 59
155 124
142 128
227 207
104 36
192 156
103 70
108 94
235 138
131 62
202 183
126 5
232 228
204 156
151 81
102 36
158 4
79 36
225 75
220 35
171 38
190 183
213 96
107 34
204 159
220 59
90 7
96 82
204 200
102 94
133 132
212 126
145 113
225 114
214 37
195 7
99 61
204 166
190 86
196 82
90 70
197 165
207 3
187 36
35 18
79 41
39 2
133 103
214 202
156 31
171 141
62 42
202 41
220 16
124 122
181 23
174 130
136 121
207 126
117 13
200 8
45 14
193 35
151 131
230 90
147 61
121 77
127 23
76 50
116 101
233 206
104 54
206 100
167 73
187 168
190 158
204 95
182 62
216 123
167 148
104 44
236 219
204 75
79 31
79 29
89 68
167 94
100 80
108 2
85 78
218 63
234 169
175 145
174 12
116 36
198 3
98 57
158 11
40 10
162 135
170 23
141 102
196 29
234 70
102 60
139 120
193 187
139 133
93 47
209 144
90 83
117 71
167 8
116 48
163 17
175 75
63 7
204 143
229 58
167 139
63 11
157 104
222 140
108 107
194 11
220 146
161 74
224 55
70 34
127 91
162 40
120 40
15 8
220 13
234 194
210 10
90 3
237 14
36 12
231 132
171 100
168 26
224 203
144 101
197 158
120 35
234 170
54 10
134 70
83 59
94 84
73 49
206 103
95 84
220 67
221 139
85 42
236 44
61 47
230 194
143 112
61 20
221 149
191 39
222 144
172 131
152 51
230 85
37 4
179 152
117 26
122 119
201 174
136 63
216 160
162 7
233 224
160 34
57 55
228 137
118 58
180 48
203 24
78 5
215 72
92 9
100 27
180 163
181 118
215 39
162 94
114 70
13 11
227 104
85 59
69 61
111 61
130 1
200 112
122 45
194 150
136 53
96 34
171 26
161 63
210 62
204 85
216 37
111 94
183 159
217 11
84 55
175 127
183 143
179 133
155 76
224 180
126 43
99 25
5 1
41 27
78 75
162 88
97 42
222 150
168 21
157 17
77 63
190 177
144 48
88 48
233 159
168 119
23 11
202 62
120 74
190 119
158 41
188 109
151 90
123 109
138 65
84 81
70 53
93 62
205 158
171 163
213 193
198 127
148 115
221 93
129 14
174 144
60 28
62 11
171 170
88 63
212 183
85 46
128 63
128 37
182 160
200 67
198 26
161 43
229 109
234 198
126 86
133 34
199 100
164 73
185 79
134 7
177 22
188 149
194 176
205 59
140 60
233 54
138 137
196 58
231 204
163 104
227 50
187 119
132 108
201 184
88 37
180 140
123 8
125 76
223 196
76 8
219 92
91 48
222 19
226 153
137 13
91 55
133 78
204 178
111 100
239 143
140 129
221 26
170 167
128 45
128 13
59 55
128 59
199 15
152 32
202 87
207 149
121 97
195 173
130 67
232 201
136 65
216 81
140 100
152 82
192 167
126 11
155 105
212 72
136 59
144 2
141 100
135 68
75 5
217 25
183 71
236 68
164 86
84 74
108 76
92 0
237 27
204 186
228 128
198 138
233 232
128 96
154 141
101 92
120 68
164 68
202 60
131 103
178 156
229 226
157 14
84 41
162 44
78 3
167 13
218 15
216 66
152 54
188 110
152 134
178 25
192 131
222 149
136 119
155 52
225 71
194 76
202 49
42 8
222 67
201 119
179 3
193 0
232 54
190 113
112 4
185 45
115 108
204 136
188 126
181 92
193 163
142 114
108 65
238 54
112 43
47 41
14 9
133 13
95 82
9 6
202 88
225 47
89 71
239 46
123 38
154 153
225 36
168 79
149 71
97 77
196 144
148 31
184 178
143 113
158 93
213 110
162 55
74 58
201 153
53 45
184 101
105 24
210 152
68 27
177 158
176 18
189 171
151 8
236 227
239 98
213 144
35 13
201 97
231 221
239 37
234 16
105 21
192 13
238 48
182 68
214 130
144 35
95 51
232 36
151 120
227 208
207 93
209 44
196 192
73 5
171 23
155 80
122 68
180 148
167 32
179 122
235 27
222 136
164 118
228 112
147 7
191 32
156 97
82 71
57 9
174 102
93 53
163 154
152 116
150 116
163 36
51 35
92 25
186 185
122 30
137 68
213 139
105 41
111 12
133 114
116 28
200 64
176 19
125 16
94 3
229 133
176 17
109 23
190 11
187 56
133 110
203 16
54 16
110 63
221 39
116 104
118 82
158 57
144 37
29 8
151 95
132 28
200 150
175 42
150 79
98 61
179 24
103 3
204 44
192 30
103 25
225 119
218 189
100 60
178 88
168 122
214 69
103 29
214 176
19 2
155 68
173 89
88 19
155 46
207 32
190 187
115 49
182 154
210 95
217 204
157 103
128 7
230 77
119 109
201 58
137 93
228 129
155 128
140 115
152 102
180 75
229 190
159 108
73 26
180 122
77 66
116 83
158 43
104 9
177 101
208 128
153 103
213 210
186 28
99 48
231 186
181 80
226 159
214 57
239 228
186 54
170 1
147 40
109 69
219 26
231 77
112 100
88 27
119 49
203 117
230 174
187 173
136 98
110 52
198 197
164 1
125 4
171 20
239 93
157 131
72 39
135 69
130 78
112 23
82 57
237 77
168 123
208 131
218 165
35 2
222 187
75 13
220 213
174 48
202 126
181 174
238 192
225 154
180 70
66 30
217 144
65 58
224 209
216 152
163 22
222 50
222 213
215 159
162 157
211 35
226 170
176 4
165 152
220 88
76 34
216 165
56 6
212 205
134 11
225 135
39 23
193 149
39 17
164 152
167 77
206 204
232 37
59 34
212 57
18 16
70 4
179 1
59 25
161 139
213 142
101 37
109 25
114 54
183 90
56 44
135 17
94 87
200 44
234 174
157 124
177 138
49 0
152 141
180 108
68 11
198 167
141 110
188 44
204 174
187 186
212 176
180 159
211 25
197 18
50 19
102 11
234 108
209 181
143 44
184 20
217 21
157 64
149 68
169 4
190 136
189 88
172 37
91 77
229 138
91 52
169 65
196 158
125 113
239 120
234 193
198 112
231 162
