520 1560 300 2500
297 201
227 68
490 474
424 380
446 371
317 115
192 112
496 363
233 87
256 7
313 273
315 310
27 10
408 132
447 413
372 292
501 475
483 435
464 351
181 92
384 63
122 7
218 42
68 40
516 343
453 325
471 258
209 109
311 41
264 103
487 2
324 87
253 134
67 44
391 369
86 16
457 440
499 362
514 156
472 45
279 96
174 18
495 437
437 11
307 284
429 288
210 83
485 145
442 180
493 345
455 370
51 36
507 365
308 31
340 216
430 196
376 152
443 323
426 294
493 77
393 113
220 63
480 95
508 496
258 50
101 78
445 391
322 270
175 116
498 117
165 109
267 183
482 43
57 41
484 352
261 42
281 27
476 96
401 211
311 305
238 132
50 47
509 350
359 17
306 289
292 124
447 94
203 44
429 251
400 110
435 276
518 303
492 474
289 202
134 129
266 118
464 161
68 1
438 351
181 156
244 34
328 13
363 64
347 272
457 310
291 113
259 99
346 106
317 219
274 257
349 168
265 78
402 77
314 68
494 264
408 20
439 2
177 14
432 123
270 189
167 9
436 292
128 84
511 399
487 57
336 328
446 38
301 98
126 20
144 108
295 25
262 74
259 64
303 91
420 172
164 82
415 56
317 169
313 235
493 110
447 271
142 62
104 6
511 438
177 112
166 26
515 391
423 94
260 237
483 208
292 43
476 26
387 135
495 46
401 21
252 115
90 73
240 120
427 56
371 237
276 246
469 178
375 275
459 273
377 179
310 75
493 69
321 316
460 211
91 2
517 204
344 269
313 1
244 90
482 263
185 35
71 29
286 283
511 452
306 292
313 253
299 137
383 7
472 281
444 153
499 150
175 123
497 243
353 242
369 7
497 108
130 110
187 176
322 228
182 106
437 243
476 237
489 142
208 96
217 95
506 284
65 14
343 338
487 71
416 7
400 78
435 208
172 19
368 25
432 76
366 86
363 80
375 362
459 153
273 109
444 405
325 25
130 54
206 144
501 380
513 485
384 336
376 4
379 248
388 116
156 139
472 392
458 118
310 193
233 219
469 342
468 9
66 49
418 396
498 322
199 99
145 120
448 403
476 352
460 17
198 63
333 286
317 232
110 26
468 253
285 223
252 88
344 331
160 132
128 61
434 26
475 14
269 245
357 351
378 132
472 336
365 358
506 12
205 203
358 222
487 432
209 77
357 147
215 123
52 27
477 163
286 153
57 19
421 303
499 149
358 51
276 253
265 256
270 215
261 61
314 121
259 155
398 285
139 107
280 61
301 215
420 370
102 42
310 218
258 143
326 93
326 274
507 18
474 371
144 64
158 14
466 210
505 386
472 429
451 243
377 72
192 181
211 5
362 185
507 210
242 56
434 172
516 478
438 204
258 166
238 131
395 141
432 290
242 226
349 297
151 105
377 190
373 83
370 176
326 117
488 267
321 292
348 288
340 233
350 4
462 349
246 53
498 464
309 261
499 439
490 332
303 223
495 199
440 34
333 261
38 34
22 17
347 274
300 276
20 13
485 361
358 243
393 290
474 149
402 258
314 140
395 198
240 86
346 304
272 3
372 237
136 58
335 238
402 106
318 58
182 3
250 54
486 418
509 391
435 8
493 398
420 246
464 13
374 295
474 119
475 415
424 383
429 194
494 259
442 273
477 299
340 158
411 155
317 259
412 346
365 323
439 230
390 107
444 88
179 157
406 186
372 113
195 179
442 96
504 236
366 8
466 424
317 76
266 194
262 28
435 285
319 256
500 66
217 56
335 219
34 19
334 170
145 142
404 47
341 312
42 29
372 180
187 89
412 172
458 209
427 122
513 117
456 0
413 289
443 276
190 64
320 135
223 165
369 346
186 156
290 268
256 20
487 449
293 32
309 211
441 305
405 264
457 316
298 90
421 319
414 39
476 126
363 238
480 57
391 341
424 399
481 311
125 12
441 301
488 446
436 316
344 30
152 83
424 307
402 148
384 315
296 166
425 291
261 258
360 125
310 65
468 44
516 257
407 317
503 240
502 269
466 298
218 11
277 14
368 105
469 305
516 424
396 286
284 133
193 43
396 111
254 215
333 125
412 181
478 383
404 99
486 459
339 105
427 270
311 21
432 23
504 4
69 23
276 121
406 16
247 72
113 57
221 86
338 334
222 193
426 210
341 282
506 143
303 200
476 244
231 174
247 239
415 120
316 220
453 103
454 439
502 470
502 477
499 223
158 154
220 169
280 123
321 97
417 186
414 60
517 222
233 20
308 253
254 196
234 127
518 145
449 359
474 70
216 20
352 302
386 166
409 245
25 6
304 288
514 141
482 61
289 166
452 27
278 46
327 98
498 418
303 4
503 76
236 203
323 147
494 134
184 29
186 71
403 3
341 108
490 371
232 90
388 308
124 106
138 79
354 57
384 162
417 395
464 295
170 83
415 113
154 113
368 85
410 134
402 387
368 92
423 299
306 94
406 296
488 48
292 212
244 68
490 244
236 11
494 250
195 152
422 339
429 418
447 133
427 240
84 6
511 41
279 115
252 18
454 333
69 47
328 240
415 162
76 44
350 262
41 1
312 36
75 35
127 120
420 235
244 131
133 116
438 172
486 353
289 105
361 95
476 426
80 74
391 169
312 172
224 138
81 22
419 268
414 14
361 328
517 62
455 94
468 214
490 15
309 147
512 47
217 123
387 270
251 77
174 170
502 78
119 95
264 39
280 235
436 9
294 30
303 50
409 96
172 4
105 14
328 5
207 100
401 109
445 28
230 206
464 11
478 428
139 64
435 267
229 200
131 114
274 123
230 224
407 286
386 270
200 104
393 81
363 339
417 296
517 215
468 313
124 114
301 206
517 279
493 23
517 367
430 309
392 322
503 179
442 176
398 117
477 12
516 235
239 100
334 31
501 207
292 261
373 351
497 355
438 12
272 215
381 253
395 354
364 54
448 415
403 337
333 155
131 118
400 371
362 84
191 166
434 20
497 293
467 355
254 176
148 76
247 151
477 179
446 417
453 145
276 135
409 364
372 133
383 101
267 26
318 252
460 229
468 203
322 2
349 278
168 92
392 275
278 219
296 237
412 150
400 169
461 250
430 357
482 332
453 165
379 346
432 185
451 59
190 137
315 167
444 281
109 57
505 59
446 167
519 118
499 334
453 308
497 372
392 389
170 5
371 134
216 193
382 318
154 122
490 419
358 335
466 184
129 36
207 47
468 6
452 216
340 295
444 90
498 303
325 78
470 184
130 8
409 54
437 394
456 380
319 37
175 131
205 51
203 23
164 4
383 379
87 56
149 118
480 286
349 207
262 71
514 102
483 225
308 229
345 317
41 0
484 111
266 64
168 166
475 234
213 138
281 61
467 75
237 235
460 16
266 109
345 300
422 265
459 313
496 106
132 114
409 204
367 235
379 360
386 252
513 365
489 91
250 90
227 217
186 157
433 418
277 177
455 118
15 4
495 117
423 135
481 14
408 92
513 492
509 49
264 114
370 280
364 296
451 204
439 424
501 43
250 242
337 302
486 142
237 46
344 327
321 3
457 343
470 223
416 52
179 82
499 290
124 119
460 15
68 19
229 72
320 191
302 136
285 39
386 274
389 72
136 124
270 265
359 33
343 156
446 352
516 232
365 348
395 79
375 179
460 60
441 177
321 290
502 82
260 218
315 103
443 178
493 259
309 275
369 33
397 248
510 6
365 257
409 395
308 51
420 287
298 263
458 64
506 182
363 203
445 48
480 203
374 59
274 264
227 182
429 8
248 208
364 218
375 233
405 330
171 95
515 490
317 86
459 70
256 43
415 372
76 68
488 473
348 305
323 76
325 295
448 405
394 45
494 246
500 473
82 4
429 379
326 182
371 144
505 242
434 247
363 242
225 71
489 98
469 313
421 398
219 158
376 213
250 228
80 9
330 136
441 8
427 410
439 310
495 332
505 1
510 422
448 298
518 413
434 278
409 25
449 427
475 273
226 170
247 157
89 37
285 111
430 21
244 113
381 293
363 334
239 38
392 162
160 157
334 15
417 40
287 84
349 326
342 101
449 287
433 396
368 10
361 177
344 133
289 44
503 323
502 115
436 125
335 44
253 243
397 194
398 180
303 128
210 134
408 113
400 287
294 274
432 216
422 194
114 73
470 172
188 34
408 308
496 377
473 67
496 141
337 191
515 21
140 7
387 9
150 129
205 47
493 176
205 123
444 390
491 103
484 393
335 161
339 180
282 250
353 15
339 213
325 210
435 92
326 155
204 169
112 61
172 151
486 416
322 171
423 151
66 19
322 263
477 23
491 362
357 238
339 150
455 303
254 75
449 179
405 332
182 131
175 7
397 12
342 323
288 239
418 279
214 178
111 88
504 285
258 216
366 353
265 117
244 231
457 421
216 105
284 100
375 369
148 128
245 0
496 215
346 45
381 349
309 106
404 92
485 175
516 148
421 267
279 238
353 254
515 26
414 302
368 290
410 73
332 65
486 411
393 28
359 37
253 100
265 250
404 316
186 177
349 228
158 25
345 227
490 194
288 79
234 221
401 293
512 208
300 203
206 180
317 275
410 231
508 425
288 99
514 103
418 12
493 307
271 131
404 205
462 125
214 25
429 26
361 93
366 135
291 236
222 52
319 221
424 310
322 165
484 422
489 350
285 61
214 3
178 32
497 354
466 194
299 77
496 437
128 39
93 45
429 355
517 33
406 176
250 230
364 45
286 56
417 351
393 203
308 60
386 174
436 346
467 67
466 188
511 496
235 86
135 120
481 29
396 7
294 91
365 297
256 165
461 305
393 30
187 30
408 138
455 190
121 100
256 104
279 119
270 186
303 208
356 46
411 219
164 98
306 286
235 18
377 220
270 216
361 36
501 148
497 258
457 301
45 18
389 185
244 32
345 130
337 81
362 35
290 115
280 167
403 197
492 329
276 263
483 78
456 390
463 419
209 90
92 53
360 251
513 141
346 20
128 26
355 325
503 185
308 139
224 133
163 53
20 5
109 45
508 23
318 201
504 43
391 48
474 246
481 63
246 101
227 158
424 401
259 148
286 144
398 26
509 327
482 131
498 186
519 42
140 81
230 108
500 182
513 200
258 105
389 99
259 52
231 19
275 20
399 240
403 142
215 196
178 81
453 444
475 82
333 276
395 251
75 70
472 375
413 114
328 9
419 59
240 127
517 303
304 277
384 280
341 273
381 89
104 27
230 191
365 27
371 242
210 190
410 272
127 94
418 274
449 368
385 107
174 139
371 232
476 11
515 96
432 291
326 300
475 474
464 233
455 306
314 73
286 105
450 339
360 63
445 399
126 23
515 422
97 38
381 44
503 318
392 130
190 46
271 219
421 146
106 73
451 443
264 224
362 222
163 148
519 21
259 154
308 125
466 273
495 253
236 80
229 87
306 296
484 284
246 55
456 135
511 251
296 252
414 129
365 18
122 32
451 412
338 141
378 240
427 334
466 371
189 122
504 185
336 183
307 35
463 442
336 127
459 281
431 253
339 119
433 133
374 243
456 28
328 10
263 61
367 282
440 331
210 188
457 167
480 204
250 0
457 204
191 40
422 132
200 14
452 285
327 275
435 301
220 8
285 3
177 175
385 260
297 18
477 101
156 75
495 417
361 202
353 149
367 181
504 470
518 152
229 102
508 59
242 186
184 130
170 10
483 330
498 6
468 375
458 261
402 275
319 177
508 353
377 308
502 198
454 393
364 134
122 90
284 107
277 75
179 72
220 211
446 16
98 25
506 194
434 294
264 187
381 40
461 190
416 229
464 403
113 103
508 157
448 308
265 6
172 148
476 345
195 42
508 95
423 163
163 0
393 134
427 267
266 179
264 165
415 99
317 210
398 156
325 181
437 387
374 77
365 184
205 89
515 218
322 203
411 210
500 217
398 92
181 0
170 74
276 84
342 174
501 72
277 235
509 411
373 229
357 231
434 429
408 192
448 124
302 140
134 18
467 72
341 107
223 64
477 74
317 281
159 39
449 222
358 223
330 203
421 257
86 78
492 105
511 237
44 1
236 55
448 4
345 294
514 336
289 102
350 28
272 173
485 93
472 93
265 132
429 58
75 53
496 77
339 125
212 203
461 347
291 13
302 250
322 279
509 50
315 242
429 407
246 177
392 126
259 223
414 229
357 168
348 89
459 296
364 277
322 24
96 14
293 161
129 78
472 69
460 367
75 11
424 324
182 41
385 256
381 235
499 183
193 171
479 114
495 170
277 209
420 60
243 14
55 23
106 4
416 329
279 262
475 301
365 199
68 4
362 143
484 444
465 122
379 317
88 48
103 81
133 23
324 37
289 30
189 178
317 286
450 282
245 56
502 6
513 356
370 342
503 454
379 332
346 156
305 288
458 405
498 392
258 241
465 220
307 141
192 44
500 424
326 293
94 49
439 34
138 59
349 176
456 275
150 122
374 35
275 259
113 52
470 208
473 362
360 116
211 201
226 207
128 72
347 184
454 190
280 271
262 220
504 33
421 338
185 30
195 190
210 35
487 139
351 67
447 317
478 84
491 155
379 145
438 270
99 68
455 156
456 340
191 144
299 41
239 107
394 177
336 165
408 15
360 64
423 208
372 98
336 314
509 27
490 100
344 171
476 394
261 260
301 278
450 104
367 48
355 62
498 329
201 83
407 340
465 429
492 89
328 37
493 277
394 263
408 47
328 162
241 203
424 204
472 345
501 144
161 129
254 76
295 15
392 312
475 264
258 81
228 164
320 2
390 11
282 44
196 171
403 18
444 42
353 95
27 12
446 387
453 136
40 27
167 71
95 7
515 205
312 207
470 167
482 326
501 481
359 171
481 167
388 113
238 67
327 282
515 442
477 133
486 239
384 213
515 382
485 164
199 12
462 17
512 252
427 332
90 74
333 293
197 57
496 449
452 361
248 32
440 55
344 63
171 122
516 454
202 152
311 129
302 225
377 317
496 259
425 231
428 103
176 136
273 87
495 251
433 135
173 18
484 420
495 45
476 456
494 370
439 297
459 419
164 155
228 12
97 6
398 213
171 152
108 35
193 13
411 45
93 2
141 109
158 107
142 95
40 19
245 89
224 55
271 169
134 84
197 143
297 265
96 42
287 115
217 87
211 26
130 10
142 6
59 1
220 218
122 29
250 201
183 8
146 143
261 229
239 84
12 5
142 41
209 106
91 90
270 9
290 219
151 103
55 27
263 13
280 195
214 65
61 44
61 9
263 256
279 253
252 98
178 70
181 18
248 23
205 151
184 109
296 134
132 45
120 19
219 10
219 9
163 71
256 171
299 253
81 72
149 112
265 164
194 48
196 52
269 90
93 39
253 4
250 103
253 151
183 49
257 196
127 88
294 47
294 143
277 160
231 213
175 122
77 54
104 20
271 253
114 71
215 192
266 189
105 14
192 150
180 101
128 20
298 229
279 53
94 27
222 80
263 117
262 123
287 251
225 22
207 17
180 54
96 80
295 60
232 49
297 226
227 104
232 171
275 31
217 207
294 141
261 62
270 186
289 67
272 3
223 144
115 23
186 81
287 20
117 35
173 127
168 112
173 148
201 194
190 34
240 70
67 23
291 185
162 158
270 196
77 6
249 116
273 177
284 239
270 5
142 57
290 218
84 27
183 108
252 166
202 6
231 119
136 2
260 109
182 48
227 48
228 103
192 152
272 211
152 141
250 74
106 89
173 31
174 11
296 67
226 182
171 40
202 194
290 68
262 246
16 4
201 51
81 29
249 145
121 22
280 62
195 85
218 152
120 98
188 37
203 97
259 246
114 51
285 75
279 114
109 84
232 213
294 114
275 13
136 127
136 128
232 55
192 98
262 165
202 124
136 19
157 124
280 186
68 55
203 64
211 119
270 97
118 27
167 45
136 42
136 80
217 51
294 220
147 43
80 14
199 103
278 198
224 220
67 35
151 44
292 277
170 21
60 38
268 165
214 158
191 157
27 1
254 245
61 55
111 51
296 241
226 170
245 224
253 177
267 43
99 2
222 152
273 59
247 183
103 93
257 124
103 26
89 52
216 14
29 12
232 175
268 8
123 5
293 256
207 77
265 120
268 96
147 45
278 239
79 57
207 27
110 35
218 70
78 48
289 223
283 15
202 80
56 28
102 32
271 68
203 62
153 117
213 207
98 93
250 16
229 14
173 111
183 29
252 137
228 13
79 67
121 81
273 257
177 61
152 50
209 203
179 137
295 74
219 155
291 67
122 12
153 54
277 152
235 179
145 52
145 33
104 57
155 9
34 1
115 112
157 100
290 170
169 23
290 13
299 292
205 44
145 80
204 161
264 45
169 119
292 81
176 102
146 16
75 50
269 103
84 73
244 90
226 83
209 74
242 73
274 237
255 207
100 63
102 31
145 139
231 86
243 238
57 16
40 25
193 99
147 0
148 138
233 117
260 182
236 203
145 70
223 175
144 48
221 4
174 68
216 210
291 38
89 82
208 113
128 113
279 18
216 25
288 30
278 105
210 180
250 171
293 13
241 12
285 139
163 106
267 132
97 74
290 10
108 70
154 120
73 59
280 98
169 76
283 32
291 75
77 53
93 67
110 65
196 46
57 17
250 107
203 70
241 110
217 152
157 60
166 131
280 248
266 115
143 88
217 165
294 19
269 114
207 29
139 118
171 79
124 58
270 100
206 182
199 89
220 131
220 91
231 67
155 7
284 43
188 174
107 91
280 63
221 154
27 21
299 252
295 220
142 116
245 45
255 36
203 108
280 192
297 190
232 35
204 9
215 153
288 72
76 46
171 112
207 8
163 2
86 40
291 184
158 44
197 49
168 125
80 9
188 11
133 59
120 33
184 78
94 45
208 127
261 66
239 225
108 90
137 94
290 242
51 23
207 117
81 35
243 203
216 141
224 96
155 68
196 125
225 169
37 29
264 75
32 21
285 175
205 165
224 221
298 219
259 105
233 157
118 57
238 53
158 154
141 104
173 110
71 43
265 197
178 161
234 6
230 102
235 142
184 144
201 131
217 110
124 19
270 71
154 114
185 77
221 120
239 120
251 129
183 131
193 187
289 40
161 14
159 74
265 261
284 137
206 175
182 8
156 41
155 35
253 206
232 170
264 216
205 139
77 14
28 14
291 242
205 87
261 170
193 133
125 26
15 11
268 184
173 114
76 74
177 140
59 44
237 31
167 140
298 144
279 239
296 126
223 186
175 159
263 228
201 101
263 116
273 33
248 237
168 56
123 30
278 145
252 9
284 58
121 84
278 250
124 80
194 66
260 119
295 21
238 51
148 85
294 268
259 10
12 8
199 181
238 209
281 274
270 75
220 99
104 94
279 265
265 56
273 168
197 81
268 111
212 121
235 1
285 257
73 3
190 57
98 15
283 258
90 30
234 25
105 52
243 113
167 147
273 57
152 5
246 126
200 72
224 53
130 66
17 0
284 283
274 121
84 32
282 261
177 20
211 44
158 48
295 66
259 193
267 37
269 58
114 80
232 150
298 44
267 212
185 167
162 89
103 32
184 161
35 13
198 123
130 21
223 188
43 16
296 167
249 6
224 152
239 93
293 30
94 93
101 8
216 123
55 34
23 15
87 39
215 1
169 56
234 67
257 177
229 143
172 62
235 215
293 245
80 49
230 48
268 119
145 99
252 22
236 23
288 36
196 78
113 65
217 94
225 205
275 75
58 25
122 71
246 159
113 94
247 163
265 190
262 182
264 180
254 165
293 110
253 135
244 224
240 89
45 42
206 185
87 35
111 76
162 85
139 81
43 24
243 32
122 77
264 245
176 168
125 23
250 182
114 96
256 161
76 33
209 159
105 44
187 76
283 1
233 231
260 235
237 25
261 217
255 116
185 117
87 49
215 209
279 121
105 51
217 70
287 13
292 13
271 216
270 171
176 61
266 39
65 17
154 129
277 144
284 190
270 86
273 48
249 79
274 183
223 210
253 44
52 0
288 225
171 32
246 116
266 66
196 18
212 45
205 9
293 132
291 41
178 14
248 122
94 73
243 127
198 141
70 11
285 216
119 47
165 74
276 78
73 38
162 65
200 148
210 132
237 141
263 33
94 12
291 207
249 120
231 17
191 186
156 105
291 218
267 48
183 130
269 256
283 12
238 184
248 162
296 129
290 214
226 107
293 200
107 47
121 28
113 72
256 27
108 97
211 103
293 45
198 21
240 87
155 14
298 291
261 143
233 9
151 134
280 5
292 30
296 24
211 203
292 74
232 193
228 29
113 106
253 50
217 41
185 143
280 116
149 79
222 179
263 7
295 237
209 19
292 197
67 66
254 94
271 88
146 65
254 55
243 49
234 65
151 5
227 9
220 174
297 187
219 65
129 34
245 115
271 203
273 65
213 111
190 69
265 153
154 134
272 174
211 142
271 83
270 65
251 110
277 133
255 48
82 62
85 40
172 141
129 26
81 79
130 13
203 95
278 139
206 34
29 10
128 104
290 281
243 141
263 104
230 205
220 165
106 0
266 61
87 38
159 33
84 10
228 155
229 162
156 81
159 93
8 4
193 105
177 163
223 8
213 182
286 3
273 182
240 127
290 25
252 71
187 122
126 46
181 100
263 70
33 14
187 163
278 246
237 160
151 72
214 38
208 100
207 55
256 150
122 46
291 117
214 49
186 5
286 214
222 172
274 64
211 201
253 242
183 38
107 68
250 231
214 160
220 32
76 61
139 134
111 48
146 11
229 5
203 82
219 132
296 48
265 101
291 118
146 130
281 152
117 90
242 56
293 288
292 64
272 118
212 170
119 6
66 54
98 67
292 212
43 29
272 38
149 116
191 126
103 8
81 6
236 145
128 42
284 38
163 89
285 220
112 47
78 44
273 124
195 151
195 181
254 99
297 114
42 31
257 146
120 115
223 20
149 105
129 68
251 117
73 23
295 49
38 31
91 52
210 89
77 41
204 63
203 120
264 70
238 86
286 119
208 82
99 94
289 177
298 214
143 30
258 18
252 131
279 33
193 136
203 42
265 81
122 119
232 99
230 27
272 214
228 26
251 207
239 57
215 204
242 175
291 166
234 40
258 38
243 193
273 78
156 87
225 224
198 101
167 16
122 70
192 162
29 0
272 10
249 240
299 265
298 211
220 115
208 126
224 60
144 57
288 220
158 10
230 43
285 100
236 103
30 0
234 62
227 159
155 6
265 211
16 15
170 168
282 118
275 53
90 0
151 2
280 275
138 15
164 153
84 13
145 38
114 53
267 53
249 77
29 18
231 185
137 103
220 147
293 22
233 152
226 209
96 39
294 42
217 198
183 78
280 141
97 84
45 9
147 4
271 64
72 63
131 87
157 61
291 273
284 260
285 155
116 26
139 107
168 50
255 196
244 183
254 101
241 31
247 229
139 132
250 61
174 67
282 136
299 183
275 215
162 70
228 76
213 189
198 177
191 92
193 145
103 91
172 143
235 199
228 185
287 86
140 123
119 50
238 222
280 52
227 125
68 45
83 77
261 134
188 141
11 5
204 10
168 150
237 44
143 26
115 52
165 53
232 108
178 38
286 210
296 267
223 128
90 73
287 260
277 233
276 14
292 240
156 142
139 129
44 13
224 95
265 128
287 154
294 161
210 157
273 142
227 112
169 29
194 131
277 183
211 94
79 27
288 122
294 146
72 21
211 178
238 210
209 124
279 214
291 227
261 165
232 21
135 108
212 210
266 52
215 44
289 41
55 16
153 61
182 68
115 98
142 5
298 194
273 235
56 29
158 54
172 166
197 38
282 7
231 104
191 156
138 91
183 163
178 81
268 22
219 204
205 142
172 51
289 136
199 112
262 205
176 53
127 69
129 12
205 197
295 111
98 9
85 71
78 10
133 30
270 205
274 200
209 96
294 241
247 224
189 54
285 270
284 56
244 214
151 76
297 292
40 10
236 78
206 82
290 165
131 43
288 54
27 20
188 35
35 6
61 37
25 23
69 3
90 27
121 23
205 148
23 2
89 62
199 111
219 212
280 214
37 21
273 263
132 117
282 259
69 51
246 7
291 42
100 98
150 95
249 176
188 96
296 279
251 229
129 99
215 45
246 152
194 31
175 167
241 162
176 50
147 32
185 103
283 163
147 11
161 112
290 158
257 4
253 190
34 2
102 96
152 151
231 105
279 59
239 59
251 116
240 79
219 20
230 17
210 76
236 156
134 95
247 39
53 45
280 132
264 230
179 56
66 62
206 79
287 11
152 7
221 94
52 16
264 35
176 143
117 108
78 33
244 97
130 59
66 49
84 39
293 113
175 143
52 21
278 194
215 25
207 19
176 20
188 178
139 47
268 115
222 121
231 69
52 32
124 106
274 175
154 109
293 76
166 133
189 22
258 56
174 123
45 15
176 52
283 56
279 122
160 127
150 120
273 221
266 127
247 112
223 177
214 56
240 74
235 98
142 54
151 69
185 127
203 130
209 104
296 219
269 187
279 238
295 227
115 88
135 106
192 41
250 151
180 73
260 107
287 233
237 24
245 130
254 249
252 210
291 136
240 27
173 39
226 132
147 15
137 72
144 7
56 9
224 171
92 27
248 35
232 177
202 176
47 16
255 206
283 101
76 31
78 67
60 25
230 71
199 182
126 116
266 116
139 104
221 169
232 127
287 257
127 64
272 45
265 173
276 35
139 70
147 90
275 114
129 104
227 207
231 172
160 142
164 87
252 101
142 113
188 31
213 103
177 107
125 97
214 64
295 203
275 105
161 86
262 56
260 196
209 101
250 83
156 85
284 255
134 20
157 147
266 102
274 268
52 24
141 122
279 262
294 28
280 265
272 15
284 37
45 12
297 22
63 44
143 55
66 30
297 88
298 252
281 114
128 79
69 11
62 28
164 47
198 170
75 27
196 28
102 70
173 52
209 34
289 111
257 133
198 58
224 8
190 6
155 18
248 146
117 52
293 121
290 185
236 118
231 125
289 228
64 2
174 167
161 120
229 74
100 74
277 13
192 43
54 21
94 19
295 139
84 66
204 145
52 42
220 199
197 131
223 80
116 65
235 110
93 81
232 44
58 17
171 1
175 24
168 79
237 57
295 185
69 38
37 25
238 180
188 97
252 224
165 84
127 29
225 211
150 34
282 246
136 111
274 60
168 124
270 92
189 55
95 64
297 127
250 59
106 52
288 246
192 125
215 173
102 80
268 34
197 193
117 67
273 169
70 36
180 143
290 41
235 206
210 170
58 35
162 51
30 14
158 22
273 6
138 114
271 159
19 14
197 194
103 62
132 61
165 15
131 73
187 101
202 66
196 192
290 157
240 2
155 0
203 179
208 25
278 143
220 31
279 278
268 190
134 113
270 48
210 101
241 231
299 180
248 244
197 190
220 87
271 25
257 94
294 160
276 32
92 87
220 85
271 200
197 141
113 33
269 184
55 31
209 95
254 211
152 53
196 116
223 90
285 248
261 51
144 13
278 161
55 38
198 24
276 248
216 39
77 72
276 42
236 63
160 56
287 74
111 64
181 153
166 71
286 61
128 34
179 79
146 101
111 30
257 16
190 71
197 100
214 181
258 220
70 32
242 157
252 134
193 182
51 45
94 10
161 87
289 63
137 15
272 132
237 161
86 75
226 171
225 173
137 64
102 19
155 110
290 231
283 149
167 134
85 6
163 25
232 188
169 68
279 191
224 214
261 236
180 46
142 110
209 126
205 155
200 128
136 67
125 77
259 170
190 106
269 61
53 21
210 117
242 61
132 91
280 164
114 19
267 114
119 7
232 136
289 38
156 44
155 62
105 79
145 62
207 204
227 107
103 3
194 11
240 10
60 43
270 193
280 56
154 60
282 260
269 229
119 102
296 80
250 166
150 82
238 161
226 157
244 188
283 7
139 44
282 170
260 60
258 209
280 109
261 215
282 55
257 37
290 156
243 169
155 75
146 95
291 256
296 220
250 198
145 91
274 65
174 35
257 244
138 137
252 60
108 71
271 128
262 11
278 63
54 48
229 10
164 6
106 70
95 38
297 132
276 196
263 137
156 152
249 24
270 254
283 244
69 37
295 214
166 52
234 50
157 107
131 85
140 71
252 59
297 215
190 105
248 143
264 94
262 39
120 106
284 150
194 84
187 16
289 65
185 132
268 118
161 68
255 195
231 29
218 149
267 95
145 35
132 111
165 68
126 113
108 55
146 30
293 153
199 142
256 237
99 5
190 13
275 80
159 145
169 39
133 57
229 19
223 60
274 68
166 151
288 4
133 115
292 275
270 204
188 93
208 91
143 29
58 51
167 40
295 292
50 17
152 93
297 84
266 264
246 169
132 39
194 127
263 202
213 183
18 0
184 116
266 92
128 1
183 41
279 203
263 42
169 102
288 159
296 291
285 210
190 130
246 221
177 144
131 6
221 206
245 104
64 60
258 239
173 126
258 93
252 113
124 100
211 78
272 146
242 178
214 175
181 26
157 153
211 189
95 0
269 231
285 96
282 132
181 49
107 24
234 56
287 163
16 10
247 114
275 70
70 45
265 25
25 2
290 146
206 107
285 251
123 78
168 19
230 66
87 54
292 217
209 161
241 95
267 120
82 34
225 70
123 65
272 123
194 95
184 110
150 117
184 33
296 204
264 263
295 81
291 178
253 69
208 20
234 127
105 2
257 145
164 28
29 24
264 153
263 126
27 10
235 129
164 25
179 40
100 4
115 97
212 182
271 44
152 85
54 39
108 53
215 185
97 96
123 41
274 270
171 126
240 23
248 29
148 54
294 254
102 8
292 188
184 179
111 13
162 94
255 202
182 176
289 122
236 100
232 42
114 35
197 187
204 94
153 88
58 55
197 109
171 153
191 99
290 240
194 99
287 175
38 20
191 43
119 94
281 102
287 23
181 107
282 57
167 56
196 144
141 12
256 191
263 99
267 245
249 70
292 96
137 74
144 18
271 98
158 127
210 159
287 217
217 95
241 187
190 169
74 1
128 14
223 141
137 10
184 45
105 7
232 32
288 139
100 89
263 249
179 63
193 161
294 264
290 256
294 245
271 82
184 131
288 88
94 91
212 21
111 59
75 43
155 97
110 104
166 160
242 215
280 87
154 65
297 120
211 147
203 41
70 24
68 49
66 36
111 77
239 149
266 85
159 147
200 67
255 251
117 101
257 7
139 131
201 140
207 71
298 74
156 106
224 21
133 110
208 141
50 24
269 215
250 23
216 193
135 68
285 228
287 270
151 102
254 95
109 34
208 129
232 43
251 183
246 8
217 92
102 95
299 283
151 55
195 114
144 44
248 140
212 88
254 124
200 96
221 142
47 20
75 4
230 115
265 201
236 43
83 40
73 69
273 103
169 67
261 191
234 94
93 62
282 191
242 145
230 118
296 60
185 102
228 102
264 102
51 31
196 155
263 198
299 174
258 78
290 134
210 15
264 106
248 102
258 180
145 111
129 117
246 194
212 203
111 11
242 11
113 54
234 37
206 152
115 78
215 161
288 205
201 180
236 38
140 59
275 34
179 53
202 102
178 169
214 80
231 134
248 101
223 105
216 46
109 89
219 81
103 55
141 107
276 63
268 251
142 134
213 157
140 22
243 47
212 64
268 65
155 86
251 132
274 234
82 56
143 50
242 64
244 203
219 153
192 147
155 95
28 17
95 91
222 187
167 57
158 65
250 77
215 18
227 135
183 180
167 11
183 104
125 56
299 235
287 40
260 129
295 229
167 50
113 91
211 191
126 105
204 118
124 54
194 110
286 221
109 35
251 152
227 87
224 38
279 80
255 157
191 86
106 76
266 182
63 29
216 108
77 12
263 87
276 2
182 12
101 36
175 132
283 80
276 153
127 107
284 221
89 5
87 77
242 221
55 22
228 49
163 69
271 225
253 101
252 79
66 12
238 77
287 97
151 115
223 124
18 1
222 60
265 150
275 196
202 156
215 176
290 167
231 155
119 108
155 60
204 25
247 132
281 239
258 10
254 112
288 208
194 100
237 56
60 15
91 78
71 54
123 109
287 80
157 36
253 6
291 35
246 210
280 86
216 89
289 110
51 38
249 193
192 11
151 127
268 61
299 182
272 233
237 112
67 28
157 80
250 244
100 47
296 274
260 85
178 153
249 147
201 36
210 195
118 65
277 43
259 236
51 16
296 253
201 174
220 112
113 89
214 71
206 190
229 192
275 66
175 125
182 151
212 207
118 97
248 89
219 75
178 110
157 125
158 69
203 37
298 256
233 136
207 97
146 116
80 7
149 47
291 268
259 172
236 41
247 48
150 0
225 167
217 131
278 100
269 248
183 128
121 0
276 114
275 234
201 135
122 56
62 56
141 88
144 26
187 162
139 109
219 34
289 60
161 1
216 186
297 160
280 20
137 17
137 42
260 181
221 6
205 58
268 142
172 99
64 39
190 72
177 108
154 151
278 29
296 278
145 17
156 7
46 30
125 98
193 140
181 8
94 23
157 45
178 37
239 75
178 117
88 28
152 114
263 173
288 59
288 74
86 16
288 190
280 256
200 73
298 292
272 70
101 20
209 3
268 62
112 67
128 30
217 57
285 229
212 204
270 258
216 207
191 14
142 114
82 28
252 18
273 43
252 236
294 200
71 60
255 105
166 4
185 165
101 21
47 46
269 29
191 125
285 200
155 109
157 43
263 242
191 42
131 40
272 270
188 145
158 139
219 47
224 71
114 86
114 76
263 30
295 59
216 179
202 165
297 253
162 99
124 81
268 128
109 86
198 73
189 59
77 21
188 101
30 23
257 11
142 122
295 41
272 53
284 273
295 148
221 136
226 36
219 84
240 165
99 21
34 31
92 16
261 255
76 68
148 93
203 102
160 83
162 109
268 235
216 130
279 209
230 148
273 214
153 49
282 155
262 29
250 0
257 252
290 212
264 222
99 8
200 153
271 67
175 96
283 200
156 25
146 5
139 19
296 16
194 44
104 80
239 222
218 106
247 169
270 165
131 125
92 15
191 29
298 110
95 87
148 83
242 69
183 155
276 107
116 73
110 52
268 202
165 27
198 171
137 113
90 15
166 55
41 13
171 148
85 61
243 144
268 71
286 55
237 73
204 200
153 91
280 81
295 52
223 125
248 214
248 62
250 35
188 136
255 97
72 15
265 176
229 212
47 27
270 215
277 260
283 269
294 197
242 97
224 147
207 104
165 17
286 197
182 73
267 17
87 84
155 16
166 134
232 77
274 67
241 105
166 121
108 54
146 132
232 64
44 30
151 126
221 14
183 148
172 73
244 206
228 36
122 47
289 101
168 159
294 281
156 22
231 4
249 94
154 77
149 40
199 153
299 212
295 100
238 206
249 171
120 60
165 48
130 97
266 30
129 51
272 218
276 82
49 47
232 8
168 83
115 111
170 143
226 102
266 195
246 125
288 254
69 53
220 133
134 105
52 18
187 61
230 180
259 201
279 156
101 59
298 85
272 111
191 73
171 155
240 52
284 192
225 188
284 194
70 18
131 3
216 78
204 149
101 63
256 203
132 109
256 92
202 133
91 85
252 144
170 103
152 82
97 15
248 3
262 16
237 156
249 61
279 134
195 37
281 269
186 124
146 85
130 112
97 52
252 201
240 230
89 64
231 193
132 126
165 158
254 100
95 3
267 66
149 15
296 85
209 17
212 117
204 15
92 65
272 220
226 140
198 158
207 106
288 94
109 45
79 44
138 14
89 42
278 199
103 28
236 11
297 246
235 38
192 118
181 4
217 171
166 78
203 1
83 3
227 20
96 19
261 120
130 93
266 45
177 146
90 32
246 136
137 95
63 7
164 80
187 118
289 117
260 139
280 205
211 76
166 13
115 26
269 264
193 102
207 163
210 201
244 239
238 200
278 222
226 31
247 103
260 174
95 74
169 138
244 179
147 119
155 29
290 101
296 170
220 132
91 55
245 221
217 180
261 18
37 1
220 21
172 128
263 9
109 24
258 193
68 36
198 63
86 22
137 28
220 117
142 103
249 215
234 38
221 127
221 133
269 32
136 64
193 29
283 133
270 64
208 157
120 55
222 35
125 52
130 61
233 95
129 17
184 56
264 49
169 2
288 37
165 126
137 6
152 51
84 42
146 51
200 71
242 111
195 27
81 22
44 37
146 53
70 19
255 161
118 61
72 67
144 102
224 174
270 105
215 71
106 11
202 70
272 80
210 103
202 192
134 50
236 3
205 114
216 37
157 8
112 22
216 63
153 27
279 252
145 51
152 3
241 146
245 4
109 79
230 62
235 62
259 219
163 61
249 196
148 143
65 52
294 64
158 108
284 182
96 43
144 138
294 46
276 131
266 190
243 10
233 197
285 167
240 233
102 79
206 105
297 177
189 180
