160 480 300 2500
146 68
49 14
85 23
123 47
69 54
31 3
38 3
87 13
18 11
126 41
88 51
93 57
27 10
111 82
134 51
153 141
53 38
132 15
101 6
125 40
126 116
122 7
29 14
68 40
109 95
63 29
79 59
58 34
141 135
130 43
118 104
158 42
110 63
67 44
132 116
86 16
157 139
141 84
78 50
118 27
12 0
37 6
81 28
95 28
140 111
114 96
102 0
101 84
88 72
23 17
50 43
51 36
98 11
144 24
130 16
128 38
146 11
114 33
118 112
158 148
106 98
134 0
133 68
86 69
94 27
101 78
38 14
8 5
127 67
155 140
153 35
124 61
134 79
57 41
115 112
132 41
33 14
157 8
100 26
106 21
49 17
50 47
158 101
116 46
133 114
9 8
150 69
124 82
96 75
74 57
157 144
117 96
73 32
90 16
134 129
33 27
119 110
68 1
121 19
130 98
114 13
107 49
83 68
103 99
143 50
105 36
155 40
90 44
36 8
113 23
136 127
151 46
11 6
158 152
90 61
12 1
82 62
37 21
142 141
47 15
91 90
99 45
128 84
103 62
73 8
90 41
54 17
82 79
126 20
144 108
149 63
101 66
64 47
103 80
97 96
147 39
122 105
148 81
65 42
102 34
85 80
142 62
104 6
39 28
144 62
87 30
135 92
49 25
89 24
152 88
88 27
72 25
72 57
98 37
157 9
18 8
90 73
105 8
99 36
139 92
155 64
16 15
61 43
124 123
149 90
151 48
24 0
133 65
29 8
91 2
117 95
153 2
146 24
86 79
61 42
99 30
71 29
121 28
116 115
126 53
123 113
77 69
26 21
94 34
83 65
156 119
16 1
94 29
113 62
88 64
60 46
130 110
131 83
96 84
150 148
105 62
138 31
117 55
146 56
115 31
123 61
65 14
141 2
133 129
144 45
147 89
61 14
104 56
86 28
149 49
133 112
49 26
100 14
145 144
104 24
118 107
28 25
130 54
153 97
112 22
151 145
125 72
142 96
122 48
151 52
156 139
107 86
153 54
116 58
35 11
150 110
95 73
66 49
105 16
114 23
120 100
145 120
31 12
62 55
153 103
30 16
111 4
78 30
110 26
135 81
147 50
76 8
119 38
146 137
128 61
148 19
42 34
155 117
102 3
120 25
155 124
150 33
152 126
94 41
51 11
68 23
159 45
81 52
82 44
52 27
37 11
125 39
57 19
148 147
105 98
123 42
144 60
27 19
46 12
117 83
113 104
71 68
139 61
139 107
70 9
46 22
159 44
102 42
143 98
144 61
48 42
153 150
79 31
153 152
144 64
158 14
154 93
107 41
138 123
115 30
141 48
157 122
66 16
44 38
148 18
146 39
107 43
126 59
63 35
54 23
155 143
85 8
88 44
149 103
64 63
151 105
114 72
143 29
57 48
147 144
157 5
149 24
152 136
125 123
68 37
127 104
92 78
104 54
158 72
140 138
74 49
128 109
77 66
150 15
96 9
38 34
22 17
123 2
129 63
20 13
107 39
141 37
115 53
52 31
72 63
116 110
85 32
139 52
98 95
112 27
140 30
136 58
111 55
93 6
136 126
102 52
146 1
85 42
107 45
78 24
116 56
118 66
114 70
158 132
115 71
132 63
101 60
51 14
97 51
102 54
132 101
110 87
146 131
106 64
40 31
140 33
158 52
158 55
145 111
157 135
142 81
116 94
101 99
76 3
109 36
79 37
116 24
94 11
117 72
146 119
119 4
114 56
19 0
61 2
141 12
34 19
139 111
145 142
68 33
42 27
42 29
22 21
43 2
72 64
118 53
129 55
154 64
11 0
128 126
148 25
156 10
143 80
42 19
125 77
63 52
141 105
141 74
71 23
135 118
136 121
26 11
97 78
107 72
62 45
143 128
130 32
70 10
93 16
135 79
148 119
81 54
136 74
125 12
158 39
150 46
82 50
107 4
152 83
56 46
145 96
144 9
157 32
68 15
31 18
153 134
122 114
104 63
109 60
149 123
93 61
77 71
77 32
26 0
155 46
92 16
114 52
97 40
75 25
129 92
116 61
140 14
119 77
48 10
82 53
111 75
133 3
68 45
63 10
106 70
130 86
111 60
116 44
69 23
97 10
142 72
40 30
113 57
145 66
23 18
68 35
56 5
22 11
126 95
138 11
134 99
288 174
279 178
278 72
242 52
204 62
145 112
221 217
137 7
268 58
188 111
94 43
273 254
296 140
258 129
228 21
265 204
123 5
293 98
191 62
293 81
170 128
136 121
279 270
195 4
281 132
179 120
280 259
240 185
146 142
216 182
132 51
179 159
221 187
61 56
276 232
251 21
295 15
98 94
187 163
203 89
223 0
192 147
64 41
149 89
172 26
267 211
125 61
171 167
266 165
227 140
204 14
181 66
274 143
234 207
294 74
112 4
39 19
285 166
186 124
236 11
129 77
284 16
225 98
240 0
242 148
117 7
246 178
260 143
273 114
290 220
125 99
212 91
103 70
199 159
278 259
221 3
266 256
156 85
107 5
103 11
196 54
206 2
266 196
116 100
151 54
69 17
141 69
288 2
263 39
287 7
194 139
275 160
87 16
148 13
220 4
277 54
246 223
142 133
216 195
222 65
260 72
239 231
252 19
274 208
143 49
250 30
122 29
96 22
241 183
281 27
123 110
284 242
155 20
248 7
265 242
251 212
79 52
164 138
238 17
286 140
112 64
276 33
224 93
278 256
291 113
246 212
129 60
140 47
183 128
118 46
269 104
261 74
242 55
148 64
181 35
136 97
71 55
206 26
229 202
296 44
154 22
183 48
193 39
87 32
111 110
32 3
270 153
222 153
229 90
27 23
261 194
100 61
297 117
265 197
203 113
47 38
261 254
92 8
183 173
263 230
203 149
148 60
21 11
108 59
284 137
55 36
194 121
147 55
227 180
132 21
252 192
292 107
225 0
262 240
187 81
225 122
284 131
171 58
178 107
299 158
294 200
77 24
265 238
235 26
275 136
96 25
290 88
132 107
160 103
176 127
292 281
245 16
281 242
247 120
203 195
168 106
124 6
267 256
109 19
86 60
239 199
221 26
231 76
273 14
166 105
215 38
298 207
241 145
166 61
58 31
197 10
97 56
174 119
200 113
292 56
129 100
191 21
194 69
110 22
177 91
181 58
219 102
282 83
172 66
87 28
266 181
130 72
165 56
297 45
76 27
91 57
285 139
260 95
179 137
86 30
83 9
264 81
26 8
222 59
248 170
47 24
288 235
127 5
204 94
230 77
102 31
246 221
38 19
254 188
62 13
223 17
287 12
281 102
246 198
297 40
227 126
271 238
76 13
273 21
130 87
269 237
234 219
240 59
299 223
209 69
271 143
223 111
276 222
286 258
296 31
215 5
275 120
160 158
222 166
70 57
73 55
290 123
85 65
68 20
275 96
192 171
175 17
204 139
233 123
277 202
179 115
44 18
241 137
190 187
112 37
293 163
180 3
139 102
269 179
175 6
199 154
292 157
285 160
55 52
248 123
193 15
220 3
225 4
86 0
267 170
258 223
150 111
183 104
204 184
224 146
269 136
184 49
299 160
227 72
267 169
204 67
184 73
167 107
155 136
141 107
201 116
57 47
149 116
266 209
239 27
157 62
86 54
169 65
202 137
107 94
294 268
164 101
77 43
279 148
264 107
196 188
252 123
167 20
297 85
291 147
263 248
134 68
213 34
241 4
192 112
277 235
256 128
168 73
131 129
134 67
272 20
260 44
248 86
274 215
179 163
290 196
213 163
250 160
156 101
290 40
224 138
257 47
96 90
270 25
239 190
95 50
291 35
170 154
257 134
244 94
156 1
218 148
157 131
99 77
197 12
152 141
130 11
264 17
125 123
205 85
186 112
285 41
230 194
176 66
157 9
120 75
290 136
280 62
171 41
13 12
288 246
214 111
87 67
112 91
191 173
248 8
274 167
288 84
242 28
257 20
249 175
35 30
267 37
196 75
290 95
203 180
172 159
282 250
289 228
267 233
293 131
271 49
146 16
263 128
168 127
287 134
297 59
274 165
191 144
299 200
86 21
259 151
258 238
174 132
92 9
137 11
285 230
271 161
290 195
299 77
210 154
121 18
287 274
198 119
292 288
191 32
183 9
127 62
177 21
248 15
126 85
269 229
209 90
220 176
286 255
202 22
292 128
191 77
204 131
240 126
68 66
115 55
162 158
269 30
294 163
247 11
55 9
291 71
92 83
181 61
287 270
220 91
254 207
285 113
80 29
207 158
227 33
206 77
277 126
231 149
271 181
224 76
241 216
187 148
251 101
250 89
231 127
153 20
273 226
245 80
178 60
139 115
295 54
213 100
84 4
228 20
245 196
193 145
173 12
140 89
225 65
252 129
61 28
135 90
297 36
272 202
208 136
226 128
280 190
224 106
237 153
109 88
242 170
289 191
150 88
205 94
297 295
104 91
276 139
177 17
206 12
150 142
121 16
31 0
45 7
210 94
250 6
240 199
82 33
193 73
83 38
280 278
217 210
259 176
222 62
247 63
244 115
292 40
245 235
225 192
238 133
272 18
196 153
268 34
277 39
103 88
212 171
182 76
270 258
112 51
195 137
49 14
280 183
292 185
27 19
52 3
183 144
270 180
262 87
277 265
208 91
243 87
52 8
208 163
264 116
150 119
155 124
283 58
106 29
281 246
242 150
263 208
159 48
120 41
172 132
212 186
238 11
245 216
240 139
177 134
134 29
190 28
278 91
262 112
183 96
194 140
278 271
289 169
261 222
77 66
232 77
252 157
278 231
164 32
252 43
266 20
266 238
213 0
203 5
175 56
183 127
251 36
232 47
144 141
173 64
263 231
202 58
296 285
207 11
282 201
62 4
180 175
295 169
161 118
274 86
95 11
201 56
286 93
299 34
210 139
267 3
175 143
248 58
184 133
161 88
235 22
87 65
239 113
212 95
220 55
193 14
284 104
260 33
79 45
290 45
120 85
71 0
35 33
75 11
102 75
164 111
269 252
143 119
228 26
279 180
281 221
28 22
179 8
53 4
183 38
256 155
206 27
265 86
90 71
190 18
254 201
221 211
167 115
170 135
144 103
79 44
279 9
279 220
257 75
148 137
292 45
101 86
183 51
109 48
145 124
205 51
196 100
238 235
218 6
86 12
229 210
151 46
232 80
10 5
146 4
162 149
181 59
173 79
201 106
296 30
63 45
258 70
182 58
266 102
285 193
224 196
255 228
95 64
140 98
90 11
225 141
129 102
171 50
202 138
17 11
278 218
100 14
84 13
220 185
290 31
252 145
141 96
15 2
154 40
231 73
241 87
216 49
73 50
9 2
146 44
252 117
44 34
24 21
159 147
239 18
116 19
175 3
229 38
291 85
215 138
208 149
294 43
294 115
293 23
128 56
244 162
286 21
89 88
24 22
244 146
193 86
120 89
175 171
20 8
146 77
190 48
221 5
152 117
172 126
277 120
142 8
251 186
281 192
275 127
247 114
184 135
284 173
52 38
245 198
243 105
217 16
148 26
102 28
253 223
143 19
227 216
215 55
253 216
166 64
244 81
243 117
284 182
139 25
276 199
224 209
248 181
268 256
87 43
297 157
262 189
174 106
258 151
39 15
291 201
106 80
221 12
142 33
94 25
249 130
132 130
210 63
293 283
282 92
125 84
158 137
280 22
246 228
139 96
261 196
276 251
179 67
196 57
249 55
255 122
112 74
246 153
155 8
30 13
196 43
184 179
253 174
268 55
291 176
293 31
206 168
137 51
158 91
264 149
237 1
154 91
217 92
112 70
150 106
269 69
128 64
287 215
269 187
137 47
220 82
254 143
200 22
284 256
96 31
256 84
251 118
157 48
264 169
207 152
169 164
127 64
84 72
67 60
282 170
248 227
163 11
165 93
272 253
227 223
267 173
192 180
291 210
273 36
277 237
110 92
270 132
176 155
84 60
225 154
273 197
157 72
297 46
175 14
119 6
87 37
295 139
277 60
81 7
55 48
225 102
123 73
278 53
275 242
268 203
193 44
234 158
158 1
219 71
216 186
279 73
193 138
176 160
278 48
277 31
137 71
271 166
174 143
127 4
235 150
127 72
291 93
184 112
228 96
233 40
136 130
266 99
214 201
264 111
68 52
264 99
191 66
268 206
179 91
207 52
282 59
93 40
190 108
132 0
270 28
190 130
262 5
270 237
298 38
210 1
199 28
262 84
185 51
249 80
221 57
140 93
281 51
284 247
258 77
110 41
218 66
282 213
127 13
216 26
236 112
296 216
67 21
161 6
196 44
245 210
285 48
293 85
81 52
248 38
230 76
280 184
276 185
238 93
79 78
267 107
237 179
198 7
285 119
78 37
237 185
164 71
99 38
253 123
73 20
278 204
196 46
269 246
126 121
200 30
126 101
249 123
262 235
194 9
225 132
134 119
223 71
216 120
248 157
125 100
179 154
120 25
214 67
277 266
67 62
93 12
275 223
287 211
176 31
7 1
244 101
203 29
288 115
81 58
203 158
240 159
206 20
273 225
52 33
257 158
97 40
212 36
247 42
164 160
106 23
84 21
230 90
249 120
281 225
201 181
231 107
248 150
223 203
294 27
197 69
108 19
204 140
280 49
131 125
166 5
177 128
112 55
281 162
94 87
248 218
194 106
128 88
272 16
153 72
285 229
225 189
220 50
216 70
299 72
299 98
139 23
185 112
253 91
177 136
296 131
257 161
218 7
158 75
219 146
225 80
251 128
75 69
272 241
115 2
285 163
229 158
180 121
116 65
113 4
207 33
265 142
123 122
291 267
228 97
259 222
247 32
261 20
250 178
272 98
269 106
285 213
289 112
181 92
74 34
92 23
295 79
297 16
262 229
148 106
144 138
297 74
116 53
179 178
274 129
146 57
176 19
240 141
181 33
250 226
246 5
189 174
185 167
219 214
200 96
224 133
299 284
23 19
298 242
199 20
279 226
129 5
189 107
232 137
270 256
47 11
241 113
167 120
272 257
282 143
57 19
174 20
226 134
113 95
284 123
145 130
201 62
220 79
274 125
211 196
280 81
211 195
215 18
165 31
96 4
247 6
120 38
278 168
110 94
279 1
131 106
246 136
114 73
217 43
201 193
188 14
249 21
257 179
106 96
265 1
123 61
271 216
30 21
164 163
195 49
164 47
228 98
131 70
262 174
206 94
230 189
148 14
211 86
148 80
262 88
86 51
209 162
83 41
230 169
126 26
290 125
280 153
209 13
268 46
158 117
91 7
199 105
210 100
188 92
234 150
285 239
230 89
288 38
201 52
127 19
281 5
161 19
245 82
259 51
216 125
209 188
177 168
267 29
54 46
205 65
222 112
90 52
274 268
206 90
119 94
260 123
156 113
202 176
115 6
221 29
286 150
54 22
77 37
100 32
201 15
246 70
180 135
69 67
233 186
128 62
55 45
273 41
213 142
290 268
107 41
299 126
189 85
268 26
157 14
151 107
57 7
231 174
117 98
283 247
208 114
245 70
251 110
297 99
258 208
201 10
261 139
246 214
226 47
283 79
294 207
206 120
172 141
183 21
184 90
254 15
164 34
166 101
251 50
297 246
200 111
145 78
171 102
263 236
265 264
184 153
230 227
194 77
275 78
137 100
212 31
105 32
133 109
215 142
99 66
191 61
210 172
176 125
297 278
86 3
163 108
235 21
203 121
177 48
249 245
299 161
255 208
167 126
227 175
37 36
215 195
283 18
195 144
190 78
181 136
239 96
201 154
273 25
206 7
168 154
287 77
246 122
296 189
96 91
124 31
245 53
226 58
189 19
272 150
192 59
233 159
214 79
149 27
167 34
231 102
295 52
75 40
167 146
199 75
255 20
263 72
197 79
271 176
151 24
164 115
148 141
202 30
100 12
174 82
283 86
257 60
268 159
291 187
280 173
223 150
100 85
131 107
83 78
210 27
286 144
199 122
264 110
215 183
220 122
281 116
211 99
245 110
160 67
172 52
294 192
70 26
292 126
94 55
231 86
260 53
254 12
149 11
263 43
225 57
256 104
198 160
153 108
249 6
204 179
108 94
208 159
278 5
151 97
259 4
97 68
281 146
296 35
204 203
188 64
180 104
154 89
7 5
211 154
155 151
232 97
276 78
230 163
158 151
271 99
34 19
267 52
89 86
140 60
69 52
256 205
115 31
187 25
274 140
256 60
124 58
105 83
214 143
287 8
192 32
274 203
292 0
143 74
209 3
220 21
194 42
43 30
177 90
212 195
213 42
52 48
136 116
242 111
219 69
234 178
179 142
103 59
193 151
241 110
160 76
265 108
287 144
224 95
161 28
285 184
207 127
269 142
56 50
150 125
135 78
294 234
289 51
286 209
296 148
193 24
232 155
139 69
217 135
195 55
172 148
226 103
129 29
222 82
117 47
255 109
276 127
161 58
146 138
221 153
288 261
173 137
224 219
132 83
24 14
169 7
157 65
221 194
195 52
88 74
158 83
178 13
236 98
193 153
239 149
147 118
186 100
262 154
166 143
195 69
46 31
82 81
298 174
170 36
103 57
149 108
115 75
272 1
169 20
177 74
145 33
117 68
97 32
195 87
288 163
41 31
233 78
224 160
127 17
252 18
112 93
240 53
246 196
266 197
142 20
151 111
238 174
183 179
284 63
89 2
218 119
133 29
298 123
207 83
201 44
175 105
235 81
264 218
72 36
295 150
250 191
100 13
218 4
172 147
258 145
219 182
260 239
260 51
148 95
273 214
195 89
283 140
227 146
185 153
190 123
279 231
218 20
252 159
263 126
246 118
276 233
252 49
261 104
135 3
212 162
274 50
215 194
118 89
119 106
29 8
108 83
216 85
242 8
128 115
21 16
266 180
179 132
222 156
212 206
31 10
124 96
297 13
82 37
260 205
280 56
151 108
142 86
207 86
58 14
260 109
192 148
211 45
242 160
79 14
257 242
189 13
109 8
291 81
219 47
111 39
127 124
115 94
196 123
186 31
186 148
139 22
56 21
265 64
233 114
264 52
208 167
231 39
231 62
82 54
109 103
288 282
164 28
47 26
226 177
245 103
201 0
77 63
282 266
298 112
181 133
259 122
197 20
239 136
252 225
219 77
285 181
241 115
267 181
109 92
83 14
278 110
210 201
213 101
286 163
233 184
292 208
218 188
292 52
200 88
266 60
116 54
192 183
288 240
102 34
103 58
226 157
273 249
282 270
290 267
272 266
128 42
201 101
107 60
140 58
255 144
155 119
280 15
135 56
197 84
243 124
273 151
236 187
176 15
63 26
279 47
118 13
164 24
244 143
199 12
180 123
232 176
181 166
154 60
105 39
139 15
220 35
195 43
187 20
180 137
286 61
292 82
176 143
189 3
136 38
295 88
62 37
198 117
297 116
208 205
122 8
247 69
261 16
145 48
231 85
191 171
138 123
95 87
284 249
280 105
257 252
157 120
189 93
87 73
283 88
161 8
133 87
226 40
259 126
285 279
265 164
273 235
286 22
212 86
251 157
126 2
121 13
85 53
243 77
284 200
279 6
262 17
166 122
159 34
138 12
257 130
152 130
218 48
53 6
173 45
156 3
174 122
216 145
145 106
241 37
41 22
268 135
215 182
200 192
221 115
268 92
217 189
76 56
254 125
243 40
278 250
105 79
174 74
233 137
223 16
186 56
127 47
245 91
249 236
288 190
164 150
130 78
142 141
284 118
270 6
243 8
204 176
159 84
272 174
280 92
221 158
287 41
214 64
227 170
120 98
217 147
285 151
163 19
273 64
219 218
269 174
163 97
115 71
178 134
96 35
285 88
264 84
183 157
186 39
203 80
135 111
230 57
245 233
113 13
145 105
37 32
246 193
238 176
255 80
226 79
284 57
229 49
195 113
257 190
215 145
118 45
118 33
146 56
105 11
294 76
246 30
289 157
247 113
202 184
102 69
247 164
221 32
211 22
228 133
132 77
273 67
77 34
106 16
185 52
209 17
139 7
225 15
241 9
165 1
191 159
289 177
140 112
245 115
80 31
268 153
279 257
85 25
180 115
210 47
262 16
283 213
26 13
276 27
298 172
161 133
289 267
213 97
188 67
285 130
206 62
171 151
158 103
189 53
200 45
246 44
286 89
103 62
214 140
208 153
251 204
240 14
241 125
146 61
286 88
274 40
144 13
44 10
254 175
238 209
190 112
295 225
199 92
225 88
98 91
62 43
163 65
180 58
105 84
218 107
196 120
226 73
197 38
211 126
172 156
111 84
87 66
84 17
293 133
277 83
94 71
163 129
77 12
202 133
290 176
135 62
254 51
240 220
268 69
284 132
293 77
208 8
169 3
291 0
247 84
84 20
182 87
287 11
261 29
155 126
188 168
112 103
112 82
195 94
126 22
51 44
259 230
201 190
223 93
275 89
248 226
160 144
125 112
222 24
19 10
25 14
235 35
188 107
271 212
119 10
235 204
216 77
81 64
245 228
244 95
246 100
296 101
81 3
264 261
219 188
218 70
281 112
264 150
265 173
284 7
219 17
285 15
243 95
277 275
293 265
154 31
158 43
141 117
296 144
130 120
291 153
242 119
271 81
265 68
102 96
290 266
155 93
240 165
145 71
159 72
66 35
261 181
283 195
148 98
270 92
287 265
157 75
278 10
259 20
100 88
180 103
296 17
214 20
200 139
260 17
78 41
115 98
255 232
283 186
285 121
286 49
251 150
275 263
108 3
196 27
90 53
257 77
178 142
277 129
196 168
282 25
79 48
143 91
254 166
270 178
235 158
198 13
250 28
229 129
274 26
118 51
298 281
130 60
200 14
280 160
281 254
257 3
186 2
186 176
150 34
289 281
236 211
159 28
260 12
200 41
248 33
226 211
203 186
178 173
99 3
145 144
212 176
177 4
240 214
281 128
202 139
239 51
224 148
163 16
142 11
210 69
214 87
293 27
249 153
66 26
297 142
131 92
64 61
251 15
299 186
97 46
157 16
142 36
267 26
283 106
166 146
210 89
175 167
45 29
253 240
285 76
190 1
204 56
271 160
149 91
282 20
174 145
39 14
256 116
113 98
138 110
282 116
274 119
75 54
177 70
187 14
239 129
142 4
45 21
191 48
116 46
161 18
239 143
279 153
264 159
271 263
254 8
204 28
226 155
261 118
297 121
281 25
149 133
274 73
281 177
235 52
275 122
241 147
127 53
168 129
164 21
203 14
281 184
241 32
277 169
213 84
143 108
243 173
109 22
149 136
166 3
170 5
97 19
117 13
162 124
122 16
176 114
275 267
129 18
138 35
122 89
66 33
202 148
262 238
262 215
63 61
30 17
139 52
210 43
276 110
240 70
181 112
282 126
69 31
132 128
80 25
123 1
186 151
252 65
287 42
289 156
102 87
168 99
175 59
174 43
224 35
225 212
109 60
256 120
159 119
73 40
231 83
263 80
113 89
228 132
241 127
222 72
136 73
271 4
184 50
258 215
269 113
133 84
284 282
238 164
273 203
25 4
119 17
296 222
287 13
253 52
188 155
247 40
182 79
201 29
207 42
281 258
148 96
224 198
259 141
264 184
65 47
61 40
225 180
274 172
146 113
179 145
118 32
247 204
299 86
155 123
271 258
137 10
91 11
267 261
174 39
261 89
233 45
236 132
58 11
98 87
88 9
245 213
165 3
197 8
239 84
165 34
296 231
174 3
105 102
274 219
270 120
278 59
75 50
219 83
78 27
44 15
283 41
244 141
295 126
270 100
289 38
190 171
212 130
278 92
243 57
243 23
263 96
65 59
226 95
282 147
55 31
173 39
228 1
167 15
258 220
130 2
251 27
265 194
293 22
186 130
163 125
259 243
110 69
257 244
159 4
67 7
126 37
112 24
279 248
205 5
16 10
164 68
58 57
190 174
165 79
175 98
292 201
203 77
191 39
250 198
210 208
281 50
188 124
255 40
223 139
240 77
69 12
58 32
236 202
215 76
77 9
270 195
243 49
220 88
236 107
182 127
272 96
244 193
283 281
179 107
294 53
282 175
200 150
180 16
264 25
261 192
147 6
297 150
175 153
67 19
228 193
110 56
283 228
149 114
144 110
177 162
259 180
247 214
177 73
242 96
57 56
242 103
248 97
207 151
179 19
277 201
251 169
210 148
250 218
225 146
197 120
203 35
269 110
110 51
225 166
170 120
139 105
288 32
176 22
84 38
144 66
221 80
204 149
299 268
238 231
163 109
185 143
229 27
246 26
185 6
243 65
268 73
232 28
143 82
262 102
211 127
103 77
291 86
256 87
239 80
273 144
141 26
185 85
178 90
247 162
90 34
201 123
243 46
202 61
278 173
54 40
176 159
223 75
236 58
254 101
68 28
260 102
221 159
181 40
139 112
170 21
102 78
179 92
299 243
90 81
160 107
26 25
176 161
43 38
135 28
258 246
73 63
165 73
209 42
250 136
216 71
21 17
174 153
298 267
143 111
51 48
125 88
266 264
74 69
123 101
129 63
129 25
271 58
135 55
221 50
145 107
277 245
242 218
52 36
281 158
253 86
142 140
205 64
289 218
233 7
278 58
246 78
216 4
163 63
105 46
217 151
150 61
55 11
169 155
42 34
177 8
190 27
255 223
90 47
238 163
132 42
231 75
227 73
184 72
152 102
280 9
92 71
156 25
76 26
216 155
289 206
245 124
167 131
236 86
186 54
139 26
161 60
109 11
174 33
297 149
166 48
178 64
149 112
200 142
292 193
123 102
188 57
111 32
206 195
233 207
283 148
141 86
78 26
214 145
155 135
254 121
202 26
172 168
191 47
148 58
159 30
198 167
246 117
224 210
216 91
291 198
293 10
217 117
246 6
266 70
239 156
238 210
168 59
91 60
296 232
200 131
268 96
136 101
187 55
136 21
198 147
191 93
199 60
219 62
278 184
193 177
261 157
225 158
283 280
267 132
162 55
257 232
192 108
149 128
222 211
151 17
200 56
93 34
37 27
75 1
103 28
212 174
270 223
215 131
165 19
280 24
257 117
208 121
283 268
240 31
141 32
268 168
166 84
212 178
165 102
109 33
213 20
168 4
189 4
188 140
294 285
292 141
237 3
284 233
230 61
259 117
91 75
262 3
264 82
235 214
287 129
166 59
198 31
68 32
90 10
124 37
151 83
281 80
107 57
216 148
156 8
254 124
223 161
181 103
69 56
222 10
284 204
261 42
194 98
76 47
212 109
204 61
287 10
122 100
243 138
259 26
159 58
123 25
256 221
165 67
294 288
229 11
266 121
250 189
115 56
236 166
256 35
212 68
277 77
100 45
294 87
271 256
158 94
262 245
147 107
133 11
250 200
85 83
119 39
221 160
255 23
248 119
281 215
293 242
239 224
189 172
257 142
82 79
167 31
99 76
263 53
122 84
77 41
151 10
292 84
280 230
282 260
288 269
