580 1740 300 2500
297 201
227 68
490 474
424 380
544 25
317 115
192 112
496 363
233 87
256 7
313 273
315 310
27 10
558 129
447 413
550 483
501 475
483 435
464 351
535 266
384 63
122 7
218 42
522 482
516 343
453 325
471 258
572 90
311 41
564 347
487 2
539 267
253 134
67 44
391 369
86 16
558 480
521 196
514 156
472 45
279 96
174 18
495 437
539 116
307 284
429 288
210 83
485 145
442 180
493 345
455 370
51 36
507 365
526 161
340 216
430 196
376 152
443 323
426 294
493 77
393 113
220 63
532 14
508 496
258 50
101 78
445 391
322 270
175 116
498 117
165 109
267 183
482 43
559 233
484 352
261 42
281 27
562 131
401 211
573 227
238 132
50 47
540 66
359 17
306 289
292 124
447 94
203 44
429 251
560 539
435 276
569 113
558 97
289 202
134 129
266 118
464 161
68 1
438 351
181 156
244 34
328 13
363 64
347 272
457 310
521 392
259 99
346 106
317 219
274 257
349 168
265 78
402 77
557 72
538 51
408 20
439 2
177 14
432 123
270 189
555 197
436 292
128 84
511 399
487 57
336 328
446 38
301 98
126 20
144 108
295 25
262 74
259 64
303 91
420 172
164 82
415 56
317 169
313 235
493 110
447 271
142 62
104 6
511 438
177 112
532 516
515 391
423 94
260 237
483 208
292 43
476 26
387 135
495 46
401 21
252 115
90 73
240 120
427 56
371 237
528 475
549 293
375 275
459 273
377 179
310 75
493 69
321 316
460 211
91 2
551 300
344 269
566 386
557 505
482 263
185 35
71 29
286 283
511 452
306 292
313 253
299 137
383 7
569 315
444 153
499 150
175 123
563 128
353 242
369 7
497 108
130 110
187 176
322 228
182 106
437 243
476 237
489 142
208 96
540 218
506 284
65 14
343 338
487 71
416 7
400 78
435 208
561 247
368 25
432 76
366 86
363 80
579 487
459 153
273 109
444 405
325 25
130 54
206 144
559 425
513 485
384 336
376 4
556 510
388 116
156 139
472 392
458 118
310 193
233 219
469 342
468 9
66 49
418 396
545 212
199 99
145 120
448 403
476 352
460 17
578 31
572 464
317 232
530 372
557 222
285 223
252 88
520 433
160 132
128 61
434 26
475 14
269 245
357 351
378 132
472 336
365 358
506 12
205 203
358 222
487 432
209 77
357 147
215 123
52 27
477 163
286 153
57 19
421 303
499 149
358 51
276 253
265 256
270 215
558 13
314 121
259 155
574 93
574 87
280 61
301 215
420 370
565 169
310 218
564 386
326 93
326 274
507 18
474 371
144 64
158 14
466 210
505 386
472 429
451 243
539 498
192 181
211 5
362 185
533 188
521 403
530 237
516 478
438 204
258 166
238 131
395 141
432 290
242 226
349 297
151 105
377 190
373 83
370 176
525 95
488 267
544 16
526 405
340 233
350 4
462 349
246 53
498 464
309 261
577 407
490 332
546 9
495 199
440 34
333 261
549 160
22 17
556 523
300 276
530 438
485 361
358 243
393 290
474 149
402 258
560 306
395 198
240 86
346 304
543 140
372 237
136 58
335 238
578 146
318 58
182 3
250 54
486 418
509 391
435 8
493 398
420 246
464 13
374 295
474 119
475 415
424 383
429 194
494 259
554 338
477 299
568 319
411 155
317 259
412 346
365 323
439 230
544 74
444 88
179 157
406 186
372 113
195 179
442 96
504 236
366 8
466 424
317 76
266 194
262 28
435 285
319 256
500 66
569 242
335 219
34 19
571 131
145 142
558 86
536 498
565 51
557 190
187 89
412 172
551 347
552 230
513 117
456 0
413 289
443 276
190 64
320 135
223 165
369 346
539 418
290 268
256 20
487 449
293 32
309 211
441 305
405 264
457 316
542 142
421 319
414 39
476 126
363 238
480 57
391 341
578 152
577 319
125 12
441 301
543 468
573 140
344 30
540 364
424 307
402 148
384 315
296 166
425 291
552 48
360 125
310 65
468 44
516 257
539 225
503 240
502 269
466 298
218 11
571 164
539 138
469 305
516 424
396 286
554 312
542 309
396 111
254 215
559 482
412 181
478 383
404 99
486 459
339 105
427 270
311 21
432 23
504 4
69 23
276 121
406 16
247 72
113 57
550 108
338 334
222 193
426 210
341 282
541 233
303 200
476 244
231 174
525 84
415 120
316 220
453 103
454 439
502 470
502 477
532 129
555 132
220 169
572 266
321 97
522 119
539 149
517 222
233 20
308 253
254 196
234 127
565 185
449 359
474 70
216 20
352 302
386 166
409 245
25 6
304 288
514 141
482 61
289 166
452 27
278 46
327 98
498 418
303 4
503 76
236 203
323 147
494 134
184 29
186 71
540 113
341 108
532 366
232 90
388 308
124 106
138 79
567 397
384 162
417 395
464 295
578 32
523 343
154 113
368 85
561 359
402 387
368 92
423 299
306 94
406 296
488 48
292 212
244 68
490 244
236 11
494 250
525 363
422 339
429 418
577 197
427 240
84 6
511 41
279 115
252 18
454 333
69 47
578 255
561 503
76 44
570 462
41 1
312 36
75 35
127 120
420 235
244 131
133 116
538 367
527 513
289 105
361 95
476 426
80 74
391 169
523 65
224 138
81 22
419 268
414 14
361 328
526 38
455 94
468 214
560 96
309 147
512 47
534 28
387 270
251 77
174 170
502 78
119 95
264 39
280 235
563 231
294 30
303 50
409 96
172 4
105 14
328 5
207 100
401 109
445 28
230 206
575 204
568 174
139 64
435 267
229 200
131 114
274 123
230 224
407 286
386 270
200 104
393 81
363 339
529 156
517 215
468 313
549 55
301 206
517 279
545 351
517 367
430 309
392 322
503 179
442 176
398 117
477 12
516 235
239 100
565 248
501 207
292 261
373 351
497 355
438 12
272 215
381 253
395 354
364 54
448 415
403 337
333 155
131 118
400 371
362 84
191 166
434 20
497 293
537 386
254 176
148 76
247 151
477 179
539 183
575 461
276 135
409 364
372 133
383 101
267 26
318 252
578 92
468 203
322 2
349 278
576 330
527 500
278 219
296 237
544 326
400 169
461 250
430 357
482 332
453 165
379 346
567 218
451 59
190 137
563 184
444 281
109 57
505 59
527 126
519 118
499 334
453 308
558 525
392 389
170 5
371 134
216 193
382 318
154 122
490 419
358 335
570 556
129 36
576 472
543 105
452 216
554 225
530 347
498 303
325 78
470 184
130 8
526 241
437 394
456 380
319 37
175 131
205 51
203 23
164 4
537 298
566 270
149 118
480 286
349 207
262 71
514 102
483 225
578 560
560 208
41 0
484 111
540 47
540 431
475 234
213 138
281 61
467 75
237 235
460 16
266 109
345 300
422 265
459 313
496 106
563 419
409 204
367 235
379 360
386 252
513 365
489 91
250 90
227 217
527 470
433 418
566 296
455 118
552 13
495 117
423 135
481 14
408 92
513 492
554 390
264 114
370 280
364 296
568 379
439 424
501 43
553 415
337 302
486 142
565 532
344 327
321 3
457 343
470 223
573 77
179 82
499 290
553 74
460 15
68 19
521 99
561 264
302 136
285 39
386 274
389 72
136 124
270 265
359 33
343 156
446 352
516 232
365 348
395 79
375 179
460 60
441 177
545 419
502 82
260 218
315 103
443 178
493 259
309 275
369 33
559 198
510 6
365 257
409 395
308 51
420 287
528 449
458 64
565 139
363 203
558 461
480 203
374 59
577 42
227 182
429 8
248 208
364 218
375 233
405 330
171 95
515 490
317 86
459 70
256 43
415 372
556 336
573 300
348 305
323 76
544 462
448 405
539 451
494 246
550 488
82 4
429 379
326 182
531 125
505 242
550 26
363 242
225 71
489 98
562 198
569 232
219 158
376 213
250 228
80 9
330 136
441 8
523 263
439 310
543 521
505 1
510 422
448 298
518 413
434 278
540 416
449 427
535 198
226 170
247 157
564 478
285 111
430 21
244 113
381 293
363 334
521 240
392 162
160 157
334 15
559 283
524 301
349 326
342 101
576 300
433 396
368 10
361 177
571 123
289 44
503 323
502 115
436 125
335 44
253 243
547 186
547 434
303 128
210 134
408 113
541 478
294 274
565 509
422 194
568 62
470 172
188 34
408 308
496 377
473 67
561 173
337 191
515 21
140 7
387 9
150 129
205 47
493 176
205 123
444 390
491 103
484 393
335 161
339 180
282 250
353 15
339 213
563 272
548 315
326 155
204 169
112 61
559 0
534 71
322 171
423 151
66 19
322 263
477 23
491 362
529 231
339 150
455 303
254 75
449 179
405 332
534 347
175 7
397 12
554 361
529 331
418 279
214 178
111 88
537 39
258 216
366 353
265 117
244 231
457 421
548 32
284 100
375 369
553 199
574 413
579 103
542 51
381 349
537 211
404 92
558 296
516 148
421 267
279 238
524 508
515 26
414 302
368 290
410 73
576 157
486 411
393 28
359 37
253 100
265 250
404 316
186 177
349 228
158 25
558 282
490 194
288 79
234 221
401 293
512 208
300 203
206 180
317 275
529 311
508 425
288 99
514 103
418 12
570 56
523 313
404 205
462 125
536 470
429 26
361 93
366 135
571 434
526 479
319 221
424 310
322 165
484 422
489 350
548 94
214 3
178 32
528 107
466 194
299 77
575 341
128 39
93 45
429 355
517 33
406 176
250 230
364 45
573 381
417 351
393 203
308 60
386 174
436 346
467 67
466 188
511 496
235 86
135 120
481 29
568 252
294 91
365 297
576 414
461 305
393 30
187 30
408 138
455 190
553 368
256 104
279 119
270 186
525 357
356 46
411 219
164 98
306 286
235 18
377 220
270 216
361 36
501 148
497 258
457 301
572 104
389 185
559 21
571 338
337 81
537 31
290 115
280 167
574 153
492 329
276 263
483 78
578 288
463 419
562 544
92 53
360 251
523 395
346 20
128 26
355 325
503 185
308 139
224 133
163 53
520 21
109 45
508 23
566 305
504 43
391 48
474 246
559 372
246 101
227 158
424 401
259 148
531 282
540 270
538 261
482 131
498 186
529 306
140 81
230 108
500 182
513 200
258 105
389 99
259 52
231 19
531 129
399 240
403 142
215 196
178 81
453 444
475 82
333 276
395 251
75 70
472 375
413 114
328 9
419 59
524 185
517 303
304 277
384 280
341 273
381 89
104 27
230 191
365 27
371 242
210 190
561 63
127 94
548 275
449 368
385 107
522 466
371 232
543 239
565 132
574 114
326 300
475 474
464 233
529 508
314 73
286 105
450 339
532 3
576 474
547 383
515 422
97 38
381 44
503 318
392 130
190 46
271 219
421 146
524 515
451 443
264 224
362 222
163 148
556 102
259 154
308 125
533 345
495 253
236 80
565 496
552 220
484 284
246 55
456 135
527 323
296 252
540 250
365 18
122 32
451 412
338 141
378 240
427 334
552 38
577 115
504 185
336 183
307 35
463 442
336 127
459 281
431 253
339 119
541 60
374 243
538 517
328 10
263 61
367 282
440 331
210 188
457 167
480 204
533 386
551 359
191 40
422 132
200 14
452 285
577 224
435 301
220 8
285 3
177 175
385 260
297 18
477 101
156 75
545 526
361 202
353 149
367 181
504 470
518 152
229 102
508 59
242 186
184 130
170 10
483 330
498 6
468 375
458 261
402 275
563 438
508 353
377 308
502 198
454 393
364 134
122 90
521 175
277 75
179 72
220 211
446 16
98 25
506 194
434 294
552 125
381 40
461 190
416 229
464 403
113 103
508 157
448 308
265 6
172 148
476 345
195 42
508 95
423 163
549 181
393 134
537 461
266 179
264 165
415 99
317 210
398 156
325 181
437 387
374 77
523 163
205 89
515 218
576 10
572 40
500 217
398 92
181 0
170 74
276 84
342 174
501 72
277 235
509 411
373 229
562 426
562 63
408 192
448 124
302 140
134 18
467 72
341 107
223 64
477 74
529 19
576 41
449 222
358 223
330 203
421 257
86 78
492 105
511 237
44 1
236 55
529 521
345 294
514 336
289 102
526 77
566 108
485 93
472 93
265 132
429 58
75 53
496 77
339 125
212 203
461 347
536 249
302 250
322 279
509 50
315 242
548 450
246 177
392 126
259 223
414 229
357 168
570 59
459 296
364 277
524 445
96 14
293 161
129 78
472 69
547 514
562 100
424 324
532 198
385 256
381 235
531 197
193 171
479 114
495 170
277 209
420 60
243 14
522 2
543 316
416 329
524 139
536 240
365 199
68 4
362 143
484 444
465 122
379 317
88 48
103 81
577 0
324 37
534 481
189 178
317 286
450 282
245 56
562 421
513 356
370 342
503 454
542 433
346 156
305 288
458 405
498 392
258 241
557 390
307 141
554 200
500 424
326 293
94 49
439 34
138 59
349 176
535 189
546 241
374 35
275 259
113 52
470 208
538 271
360 116
211 201
226 207
128 72
347 184
454 190
280 271
575 218
565 183
421 338
185 30
571 570
210 35
487 139
351 67
447 317
478 84
491 155
379 145
438 270
99 68
455 156
456 340
191 144
561 474
526 227
394 177
336 165
560 293
360 64
423 208
372 98
336 314
509 27
490 100
344 171
548 222
520 272
301 278
450 104
367 48
355 62
559 135
201 83
407 340
579 41
492 89
328 37
493 277
394 263
408 47
328 162
241 203
424 204
472 345
571 401
161 129
254 76
295 15
392 312
567 244
547 154
228 164
320 2
390 11
282 44
196 171
403 18
444 42
353 95
548 515
446 387
453 136
40 27
167 71
531 66
515 205
312 207
540 374
482 326
548 527
359 171
481 167
535 447
238 67
565 311
528 454
477 133
486 239
384 213
515 382
485 164
199 12
462 17
512 252
427 332
90 74
333 293
197 57
496 449
452 361
248 32
440 55
344 63
171 122
528 485
202 152
311 129
302 225
377 317
496 259
425 231
553 134
176 136
273 87
495 251
433 135
173 18
484 420
550 249
476 456
494 370
439 297
459 419
528 35
228 12
97 6
398 213
171 152
108 35
193 13
411 45
500 80
411 113
499 17
425 7
458 291
482 441
24 17
83 81
499 55
321 145
186 128
130 2
164 113
216 179
434 320
153 57
418 343
436 362
494 212
474 91
320 312
544 111
500 280
259 212
537 1
491 337
387 15
221 207
523 468
389 157
432 50
561 341
436 50
71 63
188 29
441 135
461 452
442 39
404 277
306 269
399 385
427 83
529 283
488 131
303 123
502 374
484 455
579 64
238 151
449 44
544 380
461 98
245 222
439 386
269 205
324 156
452 158
355 248
200 185
226 136
487 81
510 477
351 276
348 169
553 497
398 51
340 81
355 223
356 349
544 314
467 174
578 48
149 84
384 277
117 86
570 535
267 37
397 106
279 104
577 43
569 180
295 239
350 179
377 191
244 162
321 272
575 258
164 81
400 96
294 215
195 5
333 301
534 520
524 257
357 165
480 299
400 125
520 482
525 140
468 169
506 240
544 150
484 457
551 315
355 213
285 240
412 319
426 117
466 449
169 30
373 343
240 26
383 53
577 302
519 12
465 91
506 473
302 168
453 76
418 82
372 30
533 475
487 121
547 227
322 235
487 330
406 142
179 62
453 402
524 377
331 203
300 178
574 143
536 227
453 97
296 268
488 41
455 269
539 115
269 227
534 316
276 73
535 388
227 121
514 260
534 206
294 116
457 332
293 207
529 456
272 23
518 100
205 110
468 326
343 94
533 46
527 24
571 466
371 263
302 17
290 76
245 156
289 242
424 29
568 21
219 43
192 20
380 342
87 2
510 97
545 272
379 229
476 33
102 33
178 8
424 3
340 180
246 200
242 205
553 420
219 211
201 83
221 219
118 19
231 89
235 219
247 179
162 154
261 237
240 6
102 56
190 154
293 73
230 42
151 76
178 0
284 5
100 3
277 231
189 63
288 281
202 18
289 180
180 23
282 30
247 33
142 33
279 118
73 38
147 81
87 58
259 37
162 90
179 144
194 55
164 122
216 8
47 13
238 108
197 7
199 90
176 79
150 24
90 15
250 103
176 150
292 128
249 113
258 104
246 28
241 107
219 105
231 53
168 55
247 88
267 31
53 29
243 123
254 233
222 149
293 16
166 4
190 78
247 130
274 124
187 24
297 211
146 24
199 21
233 195
189 182
287 227
103 98
183 148
265 154
294 178
69 36
80 60
284 12
192 36
211 9
137 36
197 154
299 213
151 74
220 89
275 170
157 41
196 43
167 139
286 137
284 133
228 212
299 141
292 28
282 87
221 187
242 136
256 76
262 199
188 32
269 23
247 182
249 123
154 64
88 49
299 207
217 128
150 6
118 72
184 157
271 138
264 55
238 220
236 163
142 83
134 132
278 153
252 123
230 185
174 76
292 72
124 121
260 187
64 46
140 100
229 218
148 53
16 14
118 5
159 6
255 237
178 125
285 96
253 122
258 232
138 117
285 67
148 87
246 208
295 187
210 23
237 127
50 3
273 56
185 2
110 51
229 28
135 5
241 221
256 19
237 125
253 207
291 14
253 174
253 8
167 117
210 111
127 31
217 154
257 43
271 130
84 52
99 62
214 143
167 161
297 125
288 223
156 61
289 222
249 152
116 7
288 91
192 151
89 66
194 38
189 139
260 101
262 104
271 128
149 35
231 20
202 26
256 3
135 98
190 92
240 30
150 70
233 214
244 62
180 33
242 185
293 182
262 188
267 94
122 32
276 37
239 8
148 139
210 124
239 73
145 90
153 0
53 42
87 13
125 20
231 80
263 133
176 21
286 263
258 11
216 102
295 107
293 129
236 69
56 45
82 28
147 141
160 49
296 169
207 169
280 222
190 178
265 67
276 201
264 114
264 155
230 124
96 20
220 46
225 83
172 58
279 206
272 58
281 172
126 14
179 129
270 1
271 99
168 164
137 134
252 6
141 97
114 10
284 143
177 72
187 60
152 24
133 2
264 224
148 71
299 186
200 103
128 64
156 101
242 109
137 93
299 127
292 4
115 100
106 68
233 21
224 82
260 205
45 24
276 170
103 13
141 5
291 137
198 67
247 30
82 13
253 197
285 78
257 67
221 80
274 238
182 48
45 41
140 7
297 215
210 22
274 39
127 40
178 87
191 100
67 32
220 62
170 138
227 38
131 27
102 30
170 61
256 119
123 59
200 163
253 3
241 7
139 32
225 156
130 119
82 4
151 64
218 85
126 4
255 202
294 66
289 224
255 156
36 16
73 58
89 4
274 187
176 101
281 273
110 27
172 16
68 0
246 98
229 0
99 49
198 179
188 2
258 56
106 63
49 47
270 91
225 137
186 86
30 26
126 73
107 106
282 78
183 162
192 37
269 258
240 211
48 13
239 129
99 51
179 44
202 89
169 87
139 62
92 25
277 247
245 130
192 46
84 25
157 131
97 31
293 228
247 62
160 113
269 195
107 45
78 36
292 55
261 155
186 72
204 184
63 57
168 162
221 179
252 18
29 14
279 275
150 31
280 271
189 29
137 123
99 19
176 148
289 67
213 169
263 158
186 136
162 6
267 141
254 179
268 58
212 175
166 120
100 43
154 111
268 243
270 169
145 13
172 2
254 222
256 79
262 6
110 97
214 80
176 34
193 19
219 7
97 82
199 109
130 106
146 52
11 9
277 150
209 175
114 112
266 45
170 132
129 4
136 92
114 90
117 87
193 149
240 63
229 22
209 6
282 137
211 43
122 85
131 24
213 145
222 145
117 72
245 128
191 130
234 107
189 36
271 242
273 65
46 17
96 79
81 72
217 41
220 113
282 152
222 156
258 88
262 112
192 121
216 164
68 64
267 115
128 78
237 7
284 116
30 19
190 14
154 58
242 79
124 71
280 108
206 186
136 64
274 38
97 27
263 122
96 18
165 150
145 55
269 257
275 147
93 52
292 285
255 19
154 19
267 241
264 128
292 247
64 28
249 93
295 5
283 120
254 157
194 9
264 221
261 252
264 106
237 74
231 177
155 90
290 141
134 128
221 190
249 209
128 80
213 27
223 65
191 0
285 22
248 50
282 235
155 0
222 211
235 151
209 162
261 17
168 7
194 144
146 103
265 201
200 83
91 64
213 148
152 25
171 138
293 11
290 136
281 71
232 31
188 39
179 132
277 249
239 47
232 110
58 54
172 128
170 50
195 53
292 56
162 122
227 157
161 18
297 119
161 122
127 69
290 59
248 213
281 117
238 84
72 35
286 83
273 9
233 75
293 10
247 64
136 122
271 78
277 218
221 195
284 150
181 86
236 113
263 209
111 61
204 66
229 2
280 259
112 2
147 94
172 99
226 103
201 25
109 52
256 36
159 4
230 132
251 162
146 51
265 25
60 4
140 84
163 84
192 143
234 114
13 10
106 67
127 33
263 232
281 12
162 70
272 239
276 199
253 92
216 119
163 131
239 126
222 181
45 27
244 68
44 38
216 96
274 177
261 217
234 233
49 13
90 60
162 114
299 119
286 142
145 117
125 72
262 220
184 168
182 4
288 200
263 145
221 41
296 191
153 15
259 216
275 51
102 63
215 101
69 52
289 91
185 172
157 99
145 92
232 16
218 185
195 163
233 204
253 184
142 51
117 31
288 19
252 50
48 3
69 1
290 255
284 157
240 110
251 141
15 0
143 54
217 19
240 11
95 62
117 109
169 118
32 18
241 138
89 80
227 80
152 149
295 157
67 5
61 46
70 49
266 144
156 139
113 50
213 204
87 9
257 15
280 181
210 50
238 166
293 291
142 113
187 129
232 34
260 163
236 179
174 103
246 180
243 205
82 42
115 27
299 16
133 117
228 36
295 161
185 126
187 105
268 173
210 175
261 204
164 4
154 42
174 81
138 115
218 3
194 139
173 29
113 5
214 61
275 25
90 81
284 45
293 80
271 270
91 32
268 21
68 65
226 4
105 55
284 227
266 75
162 14
256 5
272 136
135 27
215 160
222 93
264 215
72 52
266 146
277 21
224 80
284 59
195 136
264 113
256 56
169 85
166 69
288 35
147 28
154 126
272 257
275 30
137 3
263 98
212 23
150 4
271 150
250 177
238 115
56 9
124 49
132 113
212 161
271 121
155 58
148 36
254 86
189 51
189 56
220 86
299 44
241 26
62 31
230 117
58 42
233 210
143 72
54 28
268 39
70 48
141 112
296 237
252 214
273 67
249 41
61 22
73 67
112 15
230 66
64 39
269 208
227 82
93 6
275 118
96 44
100 33
233 169
257 254
251 227
228 60
277 73
231 43
241 108
150 110
216 78
223 184
124 116
168 117
271 24
66 61
72 21
229 15
297 85
176 89
248 94
276 246
66 23
298 272
26 15
158 137
224 172
91 16
122 55
244 203
105 60
145 71
235 180
122 22
297 83
242 88
207 182
227 90
220 217
98 44
278 84
211 204
164 58
161 45
70 6
279 125
281 202
178 136
227 160
108 76
77 28
258 33
297 10
285 45
140 128
244 98
123 73
278 43
92 74
118 66
111 73
237 55
75 15
192 40
42 31
179 100
201 142
221 183
294 176
147 42
235 50
294 61
223 174
256 230
234 7
157 52
258 21
267 124
52 2
231 202
167 54
42 32
274 73
103 33
269 96
226 171
185 169
220 107
157 108
189 53
280 217
231 52
268 101
265 106
128 110
151 32
172 8
263 36
62 14
218 210
71 0
239 95
283 6
263 124
180 79
240 67
123 63
146 11
275 177
81 8
211 42
222 29
60 3
84 5
165 1
110 99
161 4
248 157
148 92
254 7
254 62
15 2
273 187
144 21
103 22
237 51
264 176
174 113
251 77
276 248
266 110
267 151
258 158
38 8
272 192
237 142
204 30
233 115
239 236
168 134
140 65
230 200
106 43
292 194
294 203
157 53
182 29
232 93
62 34
92 45
148 23
254 115
274 103
250 4
233 168
294 201
229 126
155 33
246 230
232 123
298 220
175 71
197 155
295 149
118 98
158 54
162 158
280 14
289 212
111 12
196 86
161 97
202 44
290 133
279 225
281 166
269 25
253 164
296 14
131 98
177 75
120 31
283 135
94 90
231 116
129 125
284 263
280 46
63 34
258 130
234 113
172 19
142 5
124 60
96 51
249 54
108 67
211 35
120 105
134 80
162 21
271 106
73 22
295 127
182 101
293 107
206 57
54 38
144 39
245 148
51 47
263 85
290 77
246 149
266 19
172 143
259 113
221 124
153 95
271 191
241 71
183 129
262 187
158 56
93 62
275 253
222 36
199 178
258 204
236 80
274 30
240 26
22 2
277 131
213 103
260 107
263 64
267 75
254 78
222 177
273 57
235 88
211 131
256 170
252 51
288 274
145 58
271 238
105 92
275 259
133 98
79 46
90 87
60 24
256 190
208 60
163 81
265 164
278 193
129 97
231 19
244 241
205 172
294 239
288 50
295 243
283 10
271 144
151 124
247 204
259 109
132 5
171 149
207 172
150 128
200 6
278 55
164 142
245 226
155 115
189 77
276 116
31 7
194 149
137 39
181 48
248 71
290 24
146 7
126 68
277 214
151 36
123 12
101 93
221 96
198 115
139 77
222 134
109 61
250 227
176 23
276 168
264 22
268 206
74 12
167 114
242 112
56 31
286 167
178 139
95 76
258 173
269 106
231 107
177 164
257 211
238 14
22 13
88 79
211 21
154 149
273 62
52 49
269 193
167 53
271 203
174 19
141 0
208 57
245 30
28 4
278 169
119 58
59 36
211 180
299 184
179 64
195 4
272 66
262 167
234 185
172 93
39 8
123 94
285 124
287 261
257 140
199 177
141 115
207 42
285 150
289 283
226 80
223 209
224 120
268 223
134 87
131 127
245 200
124 45
239 230
204 139
281 157
192 59
197 174
260 100
297 32
281 227
177 6
235 7
201 61
286 244
189 162
261 97
228 89
269 146
151 33
133 51
241 62
186 123
230 137
164 127
149 23
100 47
263 161
252 61
200 87
260 19
224 104
256 235
55 10
15 14
294 67
255 99
193 159
91 44
193 94
123 110
134 14
286 204
277 30
246 88
204 95
138 82
223 124
46 26
195 30
162 73
294 192
186 179
225 190
283 239
80 54
72 33
37 28
275 231
277 11
270 260
212 127
221 136
35 17
141 51
175 7
263 227
45 39
180 153
220 78
157 21
147 4
261 218
152 151
298 91
251 70
195 52
142 95
255 139
265 93
273 251
60 14
135 20
188 53
285 280
75 57
215 154
187 169
60 32
286 183
288 138
243 58
148 10
178 86
275 239
23 19
97 86
237 198
202 17
135 82
88 43
29 17
134 102
299 144
207 167
226 123
214 78
268 99
166 52
214 0
128 113
234 144
224 40
291 189
198 140
183 61
171 139
169 80
265 264
209 149
292 101
210 2
197 74
293 131
202 7
264 60
260 129
242 35
188 75
116 60
45 0
259 129
208 123
248 17
263 21
261 39
247 2
277 17
229 68
293 281
273 4
218 112
116 51
293 262
129 90
269 86
206 141
277 67
249 49
259 36
280 247
158 44
129 75
89 17
200 188
150 76
264 108
165 65
299 7
157 75
166 147
288 218
216 118
122 9
294 30
97 78
238 93
246 236
172 82
298 250
97 19
214 89
146 133
244 110
179 152
100 71
281 23
143 12
177 166
114 2
59 40
211 167
217 68
89 44
156 134
268 253
222 89
261 68
141 93
243 55
148 142
283 81
84 23
253 179
73 10
252 71
267 110
225 165
241 84
281 199
220 35
266 134
110 100
222 136
71 41
269 163
190 131
299 234
262 107
123 38
74 55
240 66
251 224
236 82
250 93
150 57
165 125
259 103
113 103
60 21
240 127
217 51
282 64
155 65
224 65
112 94
299 161
214 82
282 208
260 181
36 13
286 96
143 56
258 93
129 45
213 86
153 45
276 50
185 155
234 228
131 22
286 171
120 110
167 8
159 52
128 116
191 10
75 55
287 225
259 227
257 95
275 89
125 52
281 171
252 142
131 34
256 152
259 49
72 58
289 86
139 66
41 19
212 201
248 24
171 43
217 139
84 47
281 124
273 244
212 13
130 107
261 211
123 39
261 84
242 91
276 82
286 37
270 105
268 210
187 33
270 71
122 50
243 124
153 124
213 22
50 5
277 23
247 12
261 213
186 185
119 47
135 11
245 22
154 61
92 47
57 13
291 37
190 43
239 51
235 220
159 108
171 60
104 5
137 54
215 150
267 168
254 122
282 99
273 242
297 226
208 178
151 128
151 40
238 77
267 58
79 62
196 139
230 153
171 127
290 28
164 6
194 54
249 195
190 18
156 71
220 49
233 183
215 207
207 160
271 69
294 197
263 74
262 31
295 232
231 172
182 86
287 207
176 57
98 96
182 20
201 14
179 6
288 205
159 133
82 29
281 224
134 45
71 10
204 197
248 128
282 200
153 98
149 17
281 183
173 145
143 103
255 93
182 141
167 55
295 204
225 217
285 237
99 95
261 60
212 132
240 232
143 69
18 15
237 100
239 174
210 20
269 196
120 65
250 157
248 3
246 101
285 221
270 265
252 112
274 23
142 89
284 27
291 195
194 77
296 165
266 29
245 20
262 39
283 272
144 142
260 116
296 125
220 206
260 233
277 29
278 124
263 259
217 120
54 19
110 7
142 91
262 196
100 25
92 63
159 33
282 63
135 25
238 125
178 60
21 8
256 11
189 185
285 163
241 74
153 94
221 77
238 172
268 100
114 36
212 124
222 108
92 15
282 261
201 80
269 221
248 238
249 38
296 230
291 198
269 143
65 47
209 45
177 119
263 116
77 2
137 82
272 183
228 75
192 146
172 34
284 267
206 172
247 29
259 210
51 20
87 71
60 11
287 186
222 188
272 206
175 46
243 44
41 27
219 183
262 177
192 84
55 48
237 207
198 174
198 167
109 31
271 157
90 52
275 72
104 83
260 9
279 248
221 139
152 49
272 269
102 54
158 145
220 186
282 174
232 133
207 24
125 77
135 53
167 6
214 96
186 134
286 71
235 25
222 113
148 110
116 110
262 118
294 22
85 84
152 117
273 240
278 16
219 101
291 265
227 189
235 164
98 29
14 1
272 16
258 100
215 36
76 3
206 106
184 109
232 72
89 8
253 96
154 13
131 69
209 25
222 38
136 73
281 191
299 199
176 130
66 60
276 240
266 209
245 24
64 45
272 69
250 76
125 98
193 39
208 149
179 87
200 99
260 45
91 82
235 201
172 90
224 187
291 279
206 122
199 35
177 73
230 134
208 19
135 30
230 56
286 51
255 27
274 52
138 81
276 71
56 29
175 12
163 157
198 128
236 126
258 174
51 10
264 153
217 132
10 6
136 130
219 39
233 228
77 70
130 126
263 104
98 64
261 148
108 41
286 91
190 153
285 235
272 84
284 23
157 110
149 7
226 34
116 6
168 42
203 24
221 59
276 147
164 28
244 129
232 37
249 68
221 36
230 20
109 96
215 67
278 159
191 45
93 40
206 24
267 195
232 59
173 46
271 244
254 125
213 155
271 241
204 50
97 7
219 112
205 134
275 199
81 67
206 102
288 131
94 73
193 87
277 16
206 32
277 174
127 11
270 235
63 17
281 160
124 6
139 3
163 106
270 149
197 143
160 36
158 88
193 2
47 15
226 84
267 188
104 32
169 69
288 240
233 178
42 13
296 276
56 52
175 148
239 165
147 99
116 67
260 36
253 78
266 26
271 105
257 91
115 101
141 76
270 140
212 125
245 105
204 143
270 120
269 4
96 80
293 77
237 44
189 119
138 91
56 7
248 78
277 198
168 126
67 62
166 113
108 62
125 74
272 146
245 80
260 51
241 220
87 85
126 103
265 91
108 80
213 90
264 133
288 183
170 151
228 119
267 66
199 59
12 11
247 37
255 170
174 79
17 14
84 2
76 64
163 155
203 72
176 36
186 115
287 240
284 56
276 14
216 41
220 100
198 161
41 3
232 73
89 13
235 46
65 34
152 38
290 170
294 49
217 177
121 3
23 20
234 38
91 33
265 206
151 137
208 204
260 0
290 30
250 234
264 139
170 3
121 43
136 125
228 22
296 63
81 61
202 107
247 32
275 142
172 38
218 209
288 31
91 73
273 218
98 93
217 10
236 150
130 78
220 82
234 230
173 85
29 25
276 179
50 49
100 48
244 223
280 224
164 46
234 164
132 65
285 227
240 8
294 113
234 98
101 19
201 58
109 0
241 113
252 103
213 118
279 130
261 98
93 69
157 56
221 122
268 151
148 52
285 245
293 31
215 124
291 153
256 127
203 185
150 65
228 191
211 156
263 190
95 54
141 118
299 137
208 203
204 136
287 166
100 10
245 19
289 184
235 213
227 218
278 53
256 123
293 183
286 47
269 209
281 53
212 86
281 257
109 9
287 51
293 148
271 256
140 131
244 112
280 135
266 55
266 143
134 114
66 13
290 254
295 235
221 2
137 102
145 137
260 239
276 257
118 10
234 39
100 31
169 82
229 9
229 185
241 210
285 139
214 34
181 22
283 30
141 75
116 21
136 0
217 90
166 55
248 110
81 23
283 89
152 58
284 279
182 34
86 61
266 36
256 75
165 42
214 48
145 105
173 38
223 105
220 110
270 151
36 26
223 200
218 97
58 50
66 54
245 196
258 58
228 83
211 15
261 30
285 6
270 139
293 133
240 71
105 5
61 45
259 171
284 199
276 98
186 164
233 191
176 125
239 179
271 15
278 90
120 32
292 52
294 103
164 11
113 94
270 46
251 237
186 145
181 107
200 199
205 117
249 122
237 42
240 182
181 53
291 126
204 75
181 69
64 62
149 146
245 124
248 107
262 171
153 44
224 182
195 72
60 43
200 129
276 41
222 103
235 6
141 2
163 89
255 134
285 206
157 35
297 107
138 95
128 67
280 257
191 172
240 2
224 14
28 22
143 125
203 198
125 53
160 82
144 77
293 229
111 94
291 75
206 168
270 95
39 27
276 224
166 84
159 119
105 4
272 44
259 189
129 117
41 21
193 1
200 109
163 92
240 180
195 183
211 107
126 75
114 45
190 129
208 118
276 177
192 160
207 173
164 43
238 221
162 111
55 21
123 31
215 1
41 4
282 32
198 86
189 128
266 218
238 171
283 44
282 44
239 182
217 79
276 239
151 38
15 13
44 35
225 138
270 226
163 35
235 51
257 50
164 114
226 179
176 74
148 7
252 3
207 30
206 123
116 92
156 90
298 172
196 165
124 10
205 88
26 3
293 206
292 85
32 16
265 197
190 36
186 27
60 13
209 187
257 163
206 5
295 19
232 25
46 45
274 265
93 64
196 50
76 31
268 51
261 231
258 73
135 112
289 61
83 59
262 28
265 212
231 10
80 51
167 87
194 193
45 32
275 91
211 168
195 82
136 109
271 169
199 88
156 13
44 24
139 34
114 8
205 82
271 118
147 39
287 3
39 25
293 48
274 227
132 86
200 71
233 84
288 177
94 65
173 74
69 9
280 41
136 43
284 255
275 171
208 162
266 198
115 0
244 101
122 16
204 81
147 48
282 86
242 172
193 104
43 29
60 33
110 96
291 268
126 41
239 122
216 211
229 146
219 128
180 21
159 97
284 10
103 12
240 3
198 153
57 21
253 199
177 25
50 7
224 163
99 58
242 92
253 120
41 39
190 132
274 237
257 231
242 117
290 4
169 13
261 221
246 26
250 56
265 8
134 49
221 107
266 225
167 73
283 20
299 54
40 23
220 169
292 286
171 17
192 14
43 39
249 151
100 28
204 39
290 61
281 186
225 53
293 105
234 18
243 224
246 184
250 162
279 16
278 127
275 58
157 13
109 82
39 4
297 171
249 53
277 177
220 156
183 173
127 2
195 112
299 171
250 225
74 15
242 144
255 86
234 211
179 20
268 72
298 19
293 81
286 243
230 188
110 18
69 10
289 75
158 73
299 196
203 116
260 139
297 290
36 30
173 143
95 69
240 91
255 115
296 175
241 93
227 112
219 140
196 10
180 141
125 43
107 63
295 178
81 25
279 230
127 99
219 9
93 90
288 111
256 193
188 73
230 161
273 64
258 202
284 149
101 0
142 17
296 10
129 3
298 142
181 118
297 63
267 175
262 140
231 124
257 150
276 39
124 95
180 120
130 52
220 88
161 102
214 115
267 113
263 80
274 174
115 43
297 112
273 94
201 68
69 55
69 49
299 43
231 2
255 188
255 55
281 85
99 53
215 41
265 233
263 35
102 92
245 137
247 66
220 103
112 101
85 6
252 85
155 121
251 96
274 59
202 104
262 180
99 15
193 12
95 21
135 113
249 36
95 48
210 103
109 74
275 176
210 26
223 43
28 13
294 180
253 205
210 97
242 54
219 185
192 62
266 130
189 186
195 50
258 7
238 122
237 18
101 11
214 103
196 2
208 38
247 10
108 14
62 9
253 180
199 175
258 84
284 87
165 28
19 14
183 95
205 49
282 171
151 14
168 97
58 14
210 105
83 22
270 86
295 143
249 111
283 21
245 181
170 58
239 75
11 8
120 97
173 9
182 89
104 69
62 17
200 73
203 25
134 99
203 143
204 134
28 20
211 10
101 12
263 184
243 11
89 55
289 2
248 158
277 239
261 171
292 182
123 79
272 235
255 43
259 183
172 52
141 101
166 49
195 33
92 40
281 181
287 114
80 74
146 126
198 74
226 22
291 145
133 122
246 35
210 109
154 104
199 55
296 2
286 184
187 82
184 77
217 176
216 107
191 137
178 14
178 128
102 38
102 28
98 1
140 5
228 150
236 216
276 209
244 239
292 34
158 10
254 243
299 251
91 0
31 24
225 89
259 12
167 35
101 51
188 35
290 120
134 32
248 91
250 73
285 108
257 170
186 153
188 102
231 182
278 1
261 23
112 0
215 69
273 109
57 44
120 36
180 69
219 110
259 83
118 42
109 47
233 29
147 43
296 151
278 112
227 121
211 203
155 12
287 182
186 111
273 116
161 53
292 123
203 192
165 126
260 10
217 174
208 109
290 174
152 22
180 71
268 195
32 8
210 135
242 241
273 49
204 34
192 163
266 119
188 83
269 15
212 79
259 251
245 229
193 155
268 53
151 42
