400 1200 300 2500
297 201
227 68
371 119
247 220
303 75
317 115
192 112
365 353
233 87
256 7
313 273
315 310
27 10
248 13
232 139
372 292
242 10
327 27
200 23
181 92
384 63
122 7
218 42
68 40
316 78
63 29
384 301
209 109
311 41
264 103
380 210
324 87
253 134
67 44
391 369
86 16
306 236
390 278
78 50
208 149
279 96
174 18
81 28
160 150
307 284
164 2
210 83
389 350
358 194
23 17
252 212
51 36
357 345
308 31
340 216
330 303
376 152
362 106
315 193
158 148
393 113
220 63
133 68
274 106
258 50
101 78
38 14
322 270
175 116
380 349
165 109
267 183
342 192
57 41
340 45
261 42
281 27
364 106
227 18
311 305
238 132
50 47
389 354
359 17
306 289
292 124
299 148
203 44
96 75
289 282
268 222
232 121
73 32
289 202
134 129
266 118
374 6
68 1
371 76
181 156
244 34
328 13
363 64
347 272
143 50
291 113
259 99
346 106
317 219
274 257
349 168
265 78
292 218
314 68
378 366
366 156
374 129
177 14
142 141
270 189
167 9
187 156
128 84
296 265
264 160
336 328
350 197
301 98
126 20
144 108
295 25
262 74
259 64
303 91
300 237
164 82
387 278
317 169
313 235
342 299
85 80
142 62
104 6
378 188
177 112
166 26
235 101
278 188
260 237
182 13
292 43
319 170
387 135
98 37
157 9
252 115
90 73
240 120
99 36
371 237
276 246
387 369
375 275
396 87
377 179
310 75
245 99
321 316
315 228
91 2
117 95
344 269
313 1
244 90
61 42
185 35
71 29
286 283
116 115
306 292
313 253
299 137
383 7
332 123
299 46
191 148
175 123
276 120
353 242
369 7
366 125
130 110
187 176
322 228
182 106
219 130
339 190
328 232
208 96
217 95
336 56
65 14
343 338
321 136
144 45
376 2
213 98
172 19
368 25
196 133
366 86
363 80
375 362
145 144
273 109
393 70
325 25
130 54
206 144
270 62
387 357
384 336
376 4
379 248
388 116
156 139
107 86
153 54
310 193
233 219
304 55
95 73
66 49
259 92
347 194
199 99
145 120
379 64
360 293
225 27
198 63
333 286
317 232
110 26
305 273
285 223
252 88
344 331
160 132
128 61
165 9
217 30
269 245
357 351
378 132
361 111
365 358
190 37
205 203
358 222
68 23
209 77
357 147
215 123
52 27
188 135
286 153
57 19
336 22
322 112
358 51
276 253
265 256
270 215
261 61
314 121
259 155
398 285
139 107
280 61
301 215
159 44
102 42
310 218
258 143
326 93
326 274
283 157
315 249
144 64
158 14
168 65
230 85
138 123
115 30
377 72
192 181
211 5
362 185
378 239
242 56
200 91
381 62
175 30
258 166
238 131
395 141
225 223
242 226
349 297
151 105
377 190
373 83
370 176
326 117
234 192
321 292
348 288
340 233
350 4
329 137
246 53
216 176
309 261
286 240
178 100
303 223
384 192
150 15
333 261
38 34
22 17
347 274
300 276
20 13
273 262
358 243
393 290
253 218
382 298
314 140
395 198
240 86
346 304
272 3
372 237
136 58
335 238
263 57
318 58
182 3
250 54
351 274
107 45
78 24
359 306
118 66
218 102
374 295
362 120
132 63
235 125
287 230
304 74
254 7
381 110
340 158
319 312
317 259
177 143
365 323
351 91
390 107
333 189
179 157
328 46
372 113
195 179
365 110
312 115
366 8
188 178
317 76
266 194
262 28
184 33
319 256
381 9
217 56
335 219
34 19
334 170
145 142
398 25
341 312
42 29
372 180
187 89
72 64
282 216
346 268
231 45
368 248
354 352
375 151
190 64
320 135
223 165
369 346
186 156
290 268
256 20
194 16
293 32
309 211
330 184
285 148
107 72
298 90
387 147
380 42
194 95
363 238
246 70
391 341
375 37
136 74
125 12
267 28
150 46
349 82
344 30
152 83
266 17
362 207
384 315
296 166
360 1
261 258
360 125
310 65
231 54
337 333
149 123
343 304
218 100
216 61
218 11
277 14
368 105
323 44
362 170
396 286
284 133
193 43
396 111
254 215
333 125
290 33
213 110
337 136
383 336
339 105
380 85
311 21
311 107
333 255
69 23
276 121
254 46
247 72
113 57
221 86
338 334
222 193
56 5
341 282
339 157
303 200
300 222
231 174
247 239
256 214
316 220
196 61
222 0
351 24
336 96
285 159
158 154
220 169
280 123
321 97
155 111
106 40
270 103
233 20
308 253
254 196
234 127
372 281
299 232
195 193
216 20
352 302
386 166
394 93
25 6
304 288
72 28
368 39
289 166
106 75
278 46
327 98
367 237
303 4
334 159
236 203
323 147
160 158
184 29
186 71
373 221
341 108
374 226
232 90
388 308
124 106
138 79
354 57
384 162
192 1
46 42
170 83
89 53
154 113
368 85
286 258
393 327
368 92
322 226
306 94
372 249
271 239
292 212
244 68
304 31
236 11
370 227
195 152
279 118
343 172
154 147
383 184
84 6
364 124
279 115
252 18
92 83
69 47
328 240
251 107
76 44
350 262
41 1
312 36
75 35
127 120
218 17
244 131
133 116
196 39
382 37
289 105
361 95
153 112
80 74
391 169
312 172
224 138
81 22
212 87
135 25
361 328
339 215
378 230
151 12
373 323
309 147
285 172
217 123
387 270
251 77
174 170
346 280
119 95
264 39
280 235
385 301
294 30
303 50
286 205
172 4
105 14
328 5
207 100
301 124
260 132
230 206
312 267
331 121
139 64
344 150
229 200
131 114
274 123
230 224
216 81
386 270
200 104
393 81
363 339
227 146
237 101
198 92
124 114
301 206
393 262
262 67
213 71
386 177
392 322
306 192
112 20
398 117
343 104
346 196
239 100
334 31
328 45
292 261
373 351
384 229
353 203
272 215
381 253
395 354
364 54
269 196
276 157
333 155
131 118
333 226
362 84
191 166
374 342
326 63
373 126
254 176
148 76
247 151
292 3
298 283
399 40
276 135
330 58
372 133
383 101
267 26
318 252
264 216
167 92
322 2
349 278
168 92
392 275
278 219
296 237
182 63
136 5
394 33
238 104
369 64
225 113
379 346
310 294
200 126
190 137
315 167
134 127
109 57
307 109
329 144
251 240
184 105
348 240
396 32
392 389
170 5
371 134
216 193
382 318
154 122
82 58
358 335
383 340
129 36
207 47
333 249
381 339
340 295
152 150
332 163
325 78
395 173
130 8
297 139
246 165
386 87
319 37
175 131
205 51
203 23
164 4
383 379
87 56
149 118
174 89
349 207
262 71
294 217
175 93
308 229
345 317
41 0
363 361
266 64
168 166
155 105
213 138
281 61
266 2
237 235
229 142
266 109
345 300
262 183
192 136
381 231
132 114
168 18
367 235
379 360
386 252
335 179
124 74
250 90
227 217
186 157
292 77
277 177
386 143
15 4
323 9
296 189
141 22
335 301
123 70
374 106
264 114
370 280
364 296
371 279
88 14
327 32
250 242
337 302
211 180
237 46
344 327
321 3
104 29
349 313
194 52
179 82
240 52
124 119
322 114
68 19
229 72
320 191
302 136
285 39
386 274
389 72
136 124
270 265
359 33
343 156
270 220
266 159
365 348
395 79
375 179
364 240
357 327
321 290
130 101
260 218
315 103
399 68
100 3
309 275
369 33
397 248
85 55
365 257
234 168
308 51
226 23
298 263
184 39
367 280
363 203
340 85
338 127
374 59
274 264
227 182
27 4
248 208
364 218
375 233
281 181
171 95
139 1
317 86
221 17
256 43
344 162
76 68
200 61
348 305
323 76
325 295
228 9
394 45
324 35
315 160
82 4
74 47
326 182
371 144
318 293
388 128
363 242
225 71
386 110
327 159
284 275
219 158
376 213
250 228
80 9
330 136
361 264
322 163
320 131
307 292
112 48
117 11
193 188
202 148
241 169
158 81
245 244
284 123
226 170
247 157
89 37
285 111
374 121
244 113
381 293
363 334
239 38
392 162
160 157
334 15
274 57
287 84
349 326
342 101
324 201
279 176
368 10
361 177
344 133
289 44
366 77
311 108
158 115
335 44
253 243
397 194
398 180
303 128
210 134
36 27
17 13
294 274
305 269
307 148
114 73
329 107
188 34
351 59
77 31
165 63
390 145
337 191
202 157
140 7
387 9
150 129
205 47
173 14
205 123
370 222
366 167
188 158
335 161
339 180
282 250
353 15
339 213
325 210
358 86
326 155
204 169
112 61
172 151
357 241
322 171
342 186
66 19
322 263
385 106
365 165
357 238
339 150
248 192
254 75
140 51
364 196
182 131
175 7
397 12
342 323
288 239
282 158
214 178
111 88
214 2
258 216
366 353
265 117
244 231
277 227
216 105
284 100
375 369
148 128
245 0
378 91
346 45
381 349
309 106
304 229
381 333
388 89
374 150
279 238
353 254
180 169
69 64
368 290
39 33
332 65
304 170
393 28
359 37
253 100
265 250
283 8
186 177
349 228
158 25
345 227
75 47
288 79
234 221
268 120
318 270
300 203
206 180
317 275
231 6
359 216
288 99
204 40
273 132
227 188
271 131
369 163
264 179
214 25
162 42
361 93
366 135
291 236
222 52
319 221
108 45
322 165
257 61
385 145
285 61
214 3
178 32
259 102
155 53
299 77
316 156
128 39
93 45
208 56
361 323
218 160
250 230
364 45
286 56
126 71
393 203
308 60
386 174
127 49
371 201
346 345
271 1
235 86
135 120
375 244
396 7
294 91
365 297
256 165
355 17
393 30
187 30
397 10
169 13
121 100
256 104
279 119
270 186
303 208
356 46
373 310
164 98
306 286
235 18
377 220
270 216
361 36
319 124
223 161
263 118
45 18
389 185
244 32
345 130
337 81
362 35
290 115
280 167
284 86
81 30
276 263
387 260
62 8
362 325
209 90
92 53
360 251
237 78
346 20
128 26
355 325
331 5
308 139
224 133
163 53
20 5
109 45
245 58
318 201
109 1
391 48
386 217
292 14
246 101
227 158
279 59
259 148
286 144
398 26
191 112
222 146
291 99
323 221
140 81
230 108
323 47
167 129
258 105
389 99
259 52
231 19
275 20
399 240
224 125
215 196
178 81
370 67
203 2
333 276
395 251
75 70
199 91
225 171
328 9
255 212
240 127
317 290
304 277
384 280
341 273
381 89
104 27
230 191
365 27
371 242
210 190
235 146
127 94
287 69
123 114
385 107
174 139
371 232
316 187
332 71
357 35
326 300
128 48
358 2
349 132
314 73
286 105
337 48
360 63
218 165
126 23
387 109
97 38
381 44
230 14
392 130
190 46
271 219
325 26
106 73
43 22
264 224
362 222
163 148
395 333
259 154
308 125
321 147
128 58
236 80
229 87
306 296
370 255
246 55
308 210
145 95
257 102
272 25
203 80
221 69
79 49
216 138
276 192
178 105
160 100
46 5
232 36
198 15
192 137
205 21
270 33
175 126
291 88
250 249
169 111
292 251
188 38
29 19
130 22
242 1
183 63
115 69
262 41
294 97
234 34
253 70
124 55
240 124
167 95
242 37
119 113
105 39
205 144
74 44
189 45
224 111
219 75
270 183
260 85
257 56
123 7
171 92
278 208
175 18
97 59
173 82
273 91
295 50
264 141
280 57
90 12
291 245
186 63
148 131
79 34
231 137
204 162
198 36
275 273
237 195
266 173
170 127
299 92
135 34
281 221
135 40
251 68
258 23
204 173
120 6
192 55
232 13
123 26
221 174
149 121
211 101
37 27
234 202
256 235
96 82
270 173
142 61
134 5
279 241
266 140
250 106
161 154
289 80
211 180
157 118
83 48
127 97
8 3
58 52
157 106
49 29
61 2
165 153
161 89
77 44
155 2
182 91
206 148
252 53
215 185
183 147
142 50
286 243
158 146
268 16
65 44
139 105
285 82
193 127
253 198
281 231
89 63
43 1
87 43
298 76
91 11
89 52
250 208
255 68
217 15
155 35
180 162
209 77
160 98
70 35
52 40
103 47
261 241
222 18
247 208
233 45
163 6
297 108
196 100
258 48
156 130
297 60
243 213
206 68
262 59
149 66
288 5
298 49
220 36
257 73
260 249
220 141
269 146
140 16
242 210
161 153
116 31
280 178
71 63
266 188
210 187
159 149
246 235
83 9
244 30
114 2
53 20
64 59
211 188
271 243
230 79
257 225
297 249
273 92
160 145
232 74
219 22
217 196
245 216
247 78
247 115
164 90
222 48
268 171
173 140
220 14
294 266
135 18
285 4
267 62
260 4
68 54
254 102
282 43
154 152
91 4
281 81
113 104
234 62
168 165
231 143
153 111
202 26
19 7
237 138
47 31
285 16
230 137
125 116
236 108
155 100
124 85
201 100
227 58
165 61
258 37
131 43
162 33
292 138
262 87
276 176
251 93
74 45
217 107
259 224
224 195
138 112
173 23
55 20
265 260
289 284
107 41
285 61
227 67
221 176
49 24
192 9
190 24
191 188
159 137
101 96
195 150
295 44
290 230
110 40
243 110
215 118
86 5
135 93
276 0
52 4
40 31
291 239
139 116
240 170
108 91
235 16
254 253
185 166
112 99
163 100
233 53
66 5
198 25
275 65
181 118
123 105
161 136
277 147
197 30
262 199
108 93
268 191
284 124
233 132
105 82
171 123
243 104
275 46
188 13
250 23
226 67
258 66
276 18
164 32
10 8
144 53
216 41
55 25
77 5
32 5
252 23
258 55
123 48
151 35
248 167
109 3
93 34
194 144
243 119
239 155
233 189
274 64
208 183
284 198
295 268
218 118
168 80
130 25
298 150
215 189
257 65
234 59
139 96
210 46
262 256
289 46
261 5
177 40
276 59
198 97
252 212
298 180
154 36
75 63
233 159
77 38
195 59
282 46
102 9
244 83
76 46
201 61
273 196
234 77
272 234
231 63
228 154
208 42
175 17
251 226
286 266
216 195
213 100
274 229
244 205
198 166
144 101
161 71
80 38
133 35
253 141
204 95
230 190
280 139
286 11
228 103
267 198
124 120
147 10
174 56
98 20
238 185
262 101
267 99
296 44
53 42
230 111
281 93
59 2
47 45
251 243
245 206
228 196
157 130
234 189
298 24
146 131
288 140
118 56
268 13
244 69
229 42
158 6
208 92
275 8
152 95
276 214
289 279
285 42
292 119
185 109
296 197
291 153
298 249
211 54
191 173
244 2
211 65
211 2
88 35
117 60
296 161
294 164
293 147
145 118
226 64
213 20
296 36
187 145
125 41
85 47
170 113
241 47
177 145
299 288
296 186
173 90
270 35
269 238
214 86
183 81
59 7
213 54
246 20
84 21
242 111
139 58
278 86
261 171
208 174
299 199
35 24
179 141
46 21
289 132
88 41
283 165
192 26
70 67
297 13
260 49
155 63
158 16
249 74
67 22
234 3
295 3
188 143
277 197
232 203
78 55
117 72
139 136
217 186
239 93
203 144
288 172
293 272
137 41
150 0
136 98
278 45
212 118
289 145
222 121
229 100
184 30
218 177
276 240
250 3
232 1
172 25
225 12
288 85
84 33
182 151
270 192
281 236
217 28
263 174
63 61
256 104
157 51
152 77
170 3
95 37
179 110
182 168
263 56
287 274
240 189
296 229
231 186
159 82
248 117
202 200
168 75
291 86
263 57
197 134
194 111
251 62
206 59
175 68
292 47
273 168
268 22
193 30
136 34
56 20
240 67
184 119
129 22
277 55
141 68
265 191
266 142
140 122
229 97
260 45
10 5
113 22
250 231
223 93
202 17
175 128
77 7
175 48
203 99
138 26
231 107
213 68
236 197
223 164
252 191
42 29
237 134
222 156
47 20
85 43
274 244
90 82
149 19
209 174
105 104
97 85
139 10
250 175
251 141
123 57
151 139
171 86
69 30
268 64
251 203
232 8
178 64
43 24
57 48
216 16
276 27
277 56
288 262
49 13
239 101
200 119
220 163
297 31
243 65
254 243
241 25
3 2
87 35
253 33
282 139
188 75
51 37
163 16
247 62
172 66
282 198
265 88
231 84
220 76
130 18
196 167
236 83
161 50
169 160
226 212
190 102
87 54
185 23
230 182
275 0
248 20
296 239
269 162
188 113
248 168
285 39
107 77
290 3
27 22
200 164
127 103
239 212
197 44
298 25
196 166
260 152
215 31
210 2
249 218
261 199
115 71
260 133
196 174
290 255
97 56
235 115
229 127
184 63
132 121
34 0
83 8
120 80
239 111
52 46
256 121
155 121
76 54
258 49
248 231
246 45
188 124
209 180
210 170
239 63
242 71
258 91
142 25
162 2
199 23
91 84
90 2
181 106
290 115
188 96
151 8
250 146
227 199
217 77
51 33
238 61
245 106
200 107
249 104
146 123
150 57
120 98
81 32
195 165
276 132
45 32
64 2
261 139
209 148
200 109
137 13
144 2
246 149
177 37
292 266
291 144
289 43
268 141
144 30
173 29
145 124
43 38
125 97
297 201
274 103
242 115
272 112
278 228
248 118
149 58
263 83
126 102
203 149
159 16
218 47
110 73
223 151
293 215
254 190
200 61
109 102
268 226
286 16
157 122
284 266
280 41
235 134
259 255
163 20
190 179
141 8
289 278
179 117
79 37
273 104
159 2
110 16
217 13
260 227
274 126
229 4
122 120
75 54
176 153
140 114
292 210
261 180
280 165
298 16
224 188
86 11
73 30
298 261
105 93
81 38
227 17
197 110
116 42
275 168
221 200
257 53
252 150
239 57
295 32
243 2
86 61
229 192
280 85
201 184
185 158
208 123
181 0
250 24
287 81
278 250
154 71
260 204
246 176
52 51
221 85
131 7
56 19
262 192
285 12
229 56
297 153
166 122
288 84
230 226
133 29
96 54
93 26
249 14
267 125
241 96
290 35
227 167
43 13
136 80
181 121
114 105
201 2
254 28
241 174
151 105
129 96
214 81
139 35
291 67
106 39
111 23
291 39
192 116
204 170
142 101
213 64
157 91
67 52
293 138
217 166
267 183
159 49
218 124
243 184
213 2
95 22
142 42
230 103
293 286
266 74
144 107
221 22
278 15
258 127
149 148
251 27
102 53
207 40
186 153
86 51
264 95
281 43
172 24
165 122
157 20
192 105
209 136
263 58
276 147
260 76
280 29
268 260
88 53
118 83
239 32
180 54
212 98
236 78
192 57
115 86
130 112
244 45
257 242
264 178
290 131
200 93
34 15
91 8
201 42
75 39
216 58
258 183
217 53
43 16
254 208
236 36
270 210
114 58
174 154
279 84
226 174
272 126
205 190
236 190
109 98
146 47
215 109
67 59
282 113
199 38
71 7
77 54
294 167
138 72
296 70
111 84
293 18
232 7
189 138
235 154
296 54
263 66
177 126
266 61
78 19
158 111
180 91
182 62
283 280
223 179
243 220
117 115
249 66
295 58
109 77
236 62
238 175
296 28
121 6
153 64
141 63
245 174
143 18
154 43
140 33
173 165
274 109
127 7
252 160
289 180
207 80
240 238
45 0
263 44
158 39
243 9
263 52
207 71
299 171
164 5
95 13
182 129
284 78
231 46
167 142
134 101
269 52
226 133
291 264
150 29
119 33
199 56
183 108
43 28
87 85
123 75
115 29
123 13
241 185
271 196
290 134
296 37
221 214
149 116
114 61
206 95
113 77
245 213
139 1
71 16
107 30
173 72
279 137
197 38
179 65
235 170
147 43
210 57
217 74
283 226
156 150
186 175
210 159
292 15
142 104
288 139
264 227
231 30
260 237
266 175
256 218
285 263
282 55
296 43
211 183
234 151
33 18
170 99
289 130
109 2
174 138
247 154
206 84
92 54
65 13
253 216
109 107
201 171
282 232
218 83
149 120
242 197
182 114
212 103
133 8
291 271
103 29
163 78
265 235
173 85
199 178
242 186
199 46
261 22
187 168
292 222
129 18
132 125
200 148
252 138
201 53
278 246
211 107
187 60
292 272
277 250
224 11
208 153
286 23
240 175
201 3
66 1
226 6
292 99
126 67
235 149
233 118
194 2
45 14
228 198
245 13
50 39
247 41
188 14
283 70
181 25
297 94
266 184
110 36
149 106
197 84
198 128
223 39
109 31
262 153
251 157
204 76
280 235
82 41
223 131
184 14
132 38
217 163
152 33
60 56
194 88
204 100
265 172
296 281
112 58
32 21
255 123
164 68
271 95
97 91
224 66
55 39
264 200
273 132
275 170
142 59
216 43
236 171
264 122
164 10
215 81
281 277
252 47
204 53
297 231
271 53
214 4
299 18
221 146
229 146
117 62
125 28
151 115
273 50
81 31
124 73
185 112
263 23
185 165
294 286
278 140
260 42
162 55
287 73
248 220
164 45
289 121
165 111
273 227
267 86
244 208
167 103
78 27
169 6
94 33
205 121
165 141
292 94
173 109
146 94
238 79
295 288
287 273
236 172
127 87
117 23
291 155
278 35
223 12
254 39
171 89
273 29
253 173
271 6
244 228
206 53
187 139
216 145
145 25
224 43
182 124
159 14
216 198
266 229
260 156
93 61
209 1
201 72
128 13
98 36
296 217
196 42
294 177
167 145
252 125
156 60
262 14
198 133
283 40
152 24
253 200
39 26
280 203
296 279
132 97
257 24
194 1
177 21
94 22
260 34
255 57
265 147
216 31
129 11
296 192
298 223
268 164
183 126
147 144
42 18
130 40
108 39
283 221
265 218
212 111
296 277
226 98
233 62
179 31
223 204
232 115
205 34
287 11
138 76
141 45
78 75
130 67
181 97
167 120
204 96
280 251
225 184
297 120
248 77
176 4
268 46
275 94
270 231
94 0
161 1
259 22
289 230
2 1
181 14
123 17
211 198
70 43
286 235
143 69
38 16
212 167
39 12
231 168
287 243
266 69
267 223
263 128
137 88
259 242
194 129
233 201
204 194
197 40
185 110
210 138
184 171
109 106
243 227
275 66
255 46
270 154
84 17
188 52
176 68
280 227
160 81
57 10
208 16
146 106
170 133
236 159
296 230
119 50
221 66
134 106
295 74
273 267
156 151
164 122
250 193
138 85
129 90
182 96
254 26
227 8
69 48
292 207
74 72
292 198
241 147
216 190
277 219
156 7
171 164
186 8
159 102
262 54
268 24
189 102
210 99
123 61
123 121
294 185
245 211
244 54
255 216
244 184
129 111
104 88
285 211
255 142
130 23
144 39
21 15
159 65
185 177
208 39
133 69
160 5
281 245
275 158
299 273
255 207
257 167
112 5
185 120
213 202
206 63
268 43
155 105
66 14
224 38
120 38
209 190
251 171
163 53
222 161
143 87
176 102
135 20
237 149
117 13
173 78
172 145
216 205
259 17
226 60
198 52
268 149
162 8
169 114
60 54
289 95
161 9
259 220
287 79
231 176
31 1
236 181
101 81
123 36
219 68
203 81
294 52
264 179
206 108
32 16
115 22
210 123
219 28
201 60
145 142
296 241
188 174
230 200
183 182
140 113
277 41
289 215
262 46
158 27
107 53
183 27
176 46
70 66
223 18
175 133
211 98
132 131
228 19
266 112
228 68
200 165
195 155
180 102
279 98
105 83
255 208
187 93
261 95
129 49
226 8
299 143
210 34
204 157
137 120
165 131
292 126
241 117
122 83
125 76
243 43
131 61
272 54
236 57
109 12
189 108
25 24
230 49
57 19
173 106
225 203
202 111
282 29
128 116
291 44
262 135
149 5
148 82
140 67
134 6
158 70
172 138
281 121
249 16
232 116
224 15
194 141
120 59
252 110
50 48
222 57
283 160
207 41
176 76
159 95
137 109
209 33
197 102
112 87
105 48
295 81
235 166
172 151
167 143
142 78
272 108
186 100
296 177
174 104
229 2
24 14
187 73
254 93
216 211
226 97
183 41
268 242
274 130
117 37
106 59
295 132
281 192
297 110
166 61
147 127
264 225
188 94
232 41
195 126
254 177
271 240
225 182
255 241
43 29
299 256
157 119
209 75
179 136
191 113
16 9
269 193
132 113
293 101
165 68
114 16
263 4
58 12
264 63
297 96
283 174
247 27
138 64
8 2
278 81
231 189
208 161
253 94
277 47
236 127
85 33
69 57
215 209
195 173
214 33
265 212
241 73
297 275
242 196
244 39
175 61
208 189
294 70
262 133
59 39
246 105
207 109
248 69
102 72
235 49
249 121
180 161
298 19
107 9
258 239
192 15
113 94
227 193
241 44
293 180
283 37
209 202
230 32
182 42
195 64
288 102
235 129
125 100
238 140
241 232
235 161
279 258
200 129
199 81
273 233
118 22
199 65
152 22
252 195
69 43
138 49
125 20
268 179
186 57
52 19
281 185
109 58
174 146
146 83
234 42
203 156
259 145
219 10
187 118
224 163
148 129
207 105
290 225
127 33
202 28
150 110
207 106
297 197
265 81
121 25
172 40
271 98
148 49
165 34
129 125
199 28
293 166
178 113
274 150
205 85
51 31
220 106
298 274
199 59
265 54
204 19
243 149
166 49
174 15
148 103
86 26
273 133
170 93
218 141
218 45
45 38
290 24
115 10
267 5
97 29
171 135
208 171
143 105
263 49
149 4
184 167
275 107
185 176
280 205
217 11
247 146
247 88
109 11
95 26
116 8
232 6
137 87
46 40
189 146
265 169
219 32
163 132
282 110
238 101
256 116
64 37
280 162
149 139
199 184
240 131
245 179
158 52
249 37
199 131
200 178
202 79
109 93
84 26
153 139
296 75
275 32
41 20
247 149
267 49
80 66
296 223
203 180
153 12
241 191
214 51
76 22
158 74
201 181
274 91
211 87
68 8
65 33
52 44
268 232
159 91
144 0
213 208
204 63
218 97
220 194
131 72
228 145
70 19
219 114
291 96
239 163
268 45
238 123
233 198
214 87
67 34
286 63
35 30
161 26
279 55
268 108
104 29
100 86
237 57
294 150
205 139
182 120
147 103
228 78
61 11
268 99
256 41
176 89
165 10
283 20
197 177
66 26
245 238
205 148
260 160
284 273
165 58
244 176
251 240
276 225
191 48
221 101
128 32
123 18
202 194
251 89
163 149
251 197
237 144
205 193
217 79
73 63
171 40
135 123
278 55
129 108
218 212
212 92
276 242
246 200
228 137
289 102
229 173
181 107
236 145
218 147
163 12
291 169
218 66
95 7
277 117
227 221
170 35
253 144
59 57
280 91
108 103
181 21
231 216
141 89
94 51
201 130
156 138
178 53
115 90
255 230
281 122
27 6
239 141
215 117
79 77
284 208
215 173
139 55
179 78
230 142
170 26
147 16
56 45
149 137
239 171
112 68
219 183
242 214
256 190
203 168
245 117
199 99
257 36
178 79
223 20
143 121
262 114
126 118
194 173
178 80
273 26
266 68
147 102
290 130
206 171
172 159
93 49
281 15
170 125
186 182
97 18
270 127
177 39
164 1
60 8
287 117
280 191
202 125
283 75
118 58
262 138
246 62
193 38
215 205
294 214
180 133
130 12
43 7
102 26
193 52
274 99
230 22
229 184
114 113
187 13
236 232
223 220
37 12
117 18
179 107
235 121
286 232
81 78
283 101
222 165
239 237
267 165
152 120
16 15
77 30
238 199
222 58
259 90
229 20
82 56
221 137
299 239
252 232
288 210
237 66
240 62
284 114
278 145
251 174
257 94
298 73
223 161
258 24
129 61
107 32
198 58
253 27
17 13
158 85
171 103
162 152
48 30
296 193
202 9
208 125
74 18
245 154
98 63
229 49
177 23
286 135
173 92
237 88
268 233
83 28
159 63
221 194
220 67
264 127
193 118
267 119
257 87
266 254
127 26
274 189
271 21
95 17
182 34
134 3
115 76
141 51
267 13
279 206
295 167
263 171
242 56
132 33
234 111
62 55
268 60
216 12
138 127
188 132
222 95
260 217
144 131
198 27
272 258
140 128
245 204
173 5
25 2
294 236
220 159
226 36
208 82
236 154
98 19
135 56
299 54
250 13
268 180
242 72
206 113
185 172
198 22
253 48
279 221
213 107
131 26
161 27
179 142
295 215
33 29
293 246
159 142
272 120
180 155
250 214
155 43
160 95
257 208
289 167
213 1
298 1
258 148
284 127
184 141
282 115
286 279
97 12
203 122
165 152
79 61
266 75
169 21
202 59
268 113
260 230
184 80
156 116
91 82
290 133
199 44
172 111
103 50
279 149
299 114
257 126
284 65
182 148
237 162
168 130
249 133
139 22
204 174
55 44
157 117
177 33
262 244
193 131
296 33
199 88
294 51
240 57
219 191
229 200
187 151
183 174
160 13
293 285
63 48
257 177
291 145
102 59
277 189
120 93
235 71
167 137
208 50
133 9
221 124
268 76
192 39
169 28
175 102
286 29
184 72
159 43
201 49
295 17
247 13
252 166
150 54
228 47
85 53
259 37
281 213
282 21
229 213
262 129
217 142
167 116
211 136
216 159
132 73
154 137
65 53
135 116
169 66
155 147
181 18
182 76
272 138
192 182
274 164
121 63
296 40
191 115
70 14
259 161
55 6
295 59
252 24
277 249
206 20
196 56
267 221
218 179
104 86
272 147
245 139
191 137
174 61
158 14
164 81
130 38
96 71
154 14
128 30
128 81
205 124
248 163
242 184
276 75
32 6
237 85
282 171
211 9
79 35
178 101
296 226
277 87
261 208
159 6
277 166
239 107
222 10
112 85
118 84
57 9
267 95
161 92
99 65
129 29
252 87
183 89
62 50
119 77
210 142
287 225
199 188
208 9
232 128
222 141
294 193
203 125
288 36
152 45
270 106
270 113
286 22
288 179
135 97
36 9
214 57
101 51
229 30
191 138
71 18
250 229
299 31
77 8
31 25
170 62
153 73
204 108
137 116
175 135
270 105
89 84
287 4
136 14
215 196
268 130
231 133
185 101
34 30
233 144
271 111
284 171
255 89
99 12
241 120
99 52
252 177
235 59
124 2
104 22
161 70
185 175
206 7
244 209
288 229
84 19
185 58
45 35
245 32
267 245
62 17
294 101
172 36
149 13
291 3
135 79
131 70
253 156
140 31
132 10
124 29
286 204
284 183
146 122
253 178
66 55
254 51
286 30
226 48
270 178
289 162
181 136
163 143
265 90
260 39
291 199
271 138
71 66
162 103
156 56
115 50
269 139
184 36
200 187
127 31
191 13
103 86
187 89
265 165
96 42
188 145
137 77
177 57
100 63
197 155
171 145
211 35
179 57
230 131
240 172
279 168
171 155
134 89
293 38
171 166
238 120
222 9
262 161
245 168
190 43
143 67
231 27
143 97
154 125
64 6
288 217
199 193
237 74
267 242
259 130
271 149
255 39
245 228
256 224
284 224
261 1
209 20
217 80
123 70
152 116
295 203
133 0
262 2
295 199
152 118
250 68
224 141
266 151
284 0
33 22
265 8
103 27
156 1
286 259
259 228
196 49
186 54
191 102
55 41
282 279
172 143
178 112
237 143
193 135
230 123
129 24
230 225
43 21
117 109
271 154
91 83
106 98
229 154
200 171
238 148
266 187
218 55
209 35
225 104
272 182
278 112
114 24
274 238
128 92
297 158
213 7
136 75
250 20
278 7
239 35
264 187
287 258
235 153
292 189
228 105
199 36
288 275
287 240
260 192
200 114
217 99
218 41
187 21
147 51
144 74
50 12
225 2
194 124
149 107
151 15
48 43
227 184
274 257
236 90
260 83
171 0
269 54
79 27
215 192
286 145
284 152
222 199
282 42
109 68
91 90
280 2
179 67
259 78
83 34
289 23
186 11
264 194
212 99
214 148
277 63
202 86
230 3
181 44
65 29
62 33
248 191
149 122
297 168
280 34
83 64
128 35
77 76
233 105
171 65
169 145
69 19
72 0
66 62
154 116
222 77
92 15
73 43
289 60
115 100
200 98
228 49
153 102
274 106
183 160
271 210
210 67
177 13
155 15
252 64
157 149
41 25
170 143
140 134
183 22
221 219
87 30
145 6
207 97
113 70
251 179
122 54
280 220
177 19
136 59
93 46
288 270
268 135
159 114
130 27
272 175
282 230
134 60
243 178
289 263
131 25
53 3
34 29
233 76
62 12
239 138
246 74
212 71
287 283
129 105
266 181
239 199
263 247
195 33
23 19
291 140
292 79
145 134
299 277
286 207
257 234
186 147
202 10
210 83
295 24
245 44
265 83
202 146
191 170
271 104
147 139
197 60
264 113
135 87
216 91
140 137
132 95
171 51
167 121
248 49
160 22
236 163
188 10
248 34
97 84
197 54
265 41
291 121
79 7
232 10
245 185
268 162
229 21
297 117
217 148
267 149
290 165
256 48
257 81
195 109
56 50
271 176
153 141
18 16
225 34
122 57
117 22
174 88
171 161
147 15
261 101
291 75
267 177
191 190
297 232
221 147
234 134
218 217
254 110
240 51
121 88
194 138
242 188
259 152
147 124
191 7
222 96
291 20
175 141
146 68
290 22
263 11
231 6
206 160
229 198
228 56
227 164
261 97
133 90
249 53
249 28
167 156
118 30
217 126
240 181
283 117
215 212
134 122
126 55
144 124
231 228
188 25
238 192
211 23
223 201
94 56
245 142
280 121
291 198
146 28
118 114
284 85
173 19
252 82
101 26
240 114
215 172
