240 720 240 2500
182 54
227 68
85 23
230 97
228 215
231 192
192 112
199 121
233 87
231 107
88 51
207 203
27 10
111 82
232 139
153 141
228 63
132 15
200 23
181 92
226 25
122 7
218 42
68 40
162 39
63 29
79 59
209 109
229 225
199 15
118 104
229 210
196 22
67 44
190 149
86 16
238 226
215 202
78 50
208 149
12 0
174 18
81 28
160 150
162 118
164 2
210 83
101 84
88 72
23 17
50 43
51 36
162 137
144 24
130 16
220 36
146 11
114 33
118 112
158 148
161 6
220 63
133 68
173 13
203 97
101 78
38 14
238 149
175 116
237 189
165 109
187 4
173 128
57 41
170 88
231 4
162 63
157 8
227 18
106 21
238 132
50 47
158 101
116 46
175 1
202 70
150 69
203 44
96 75
74 57
232 176
232 121
73 32
167 75
134 129
33 27
212 62
68 1
188 120
181 156
232 201
107 49
202 107
209 64
143 50
226 124
155 40
90 44
228 185
113 23
161 33
151 46
11 6
204 191
90 61
181 177
82 62
177 14
142 141
185 108
167 9
187 156
128 84
103 62
185 10
214 119
218 119
177 75
126 20
144 108
174 107
223 58
192 49
103 80
168 125
164 82
122 105
217 35
65 42
221 52
85 80
142 62
104 6
206 201
177 112
166 26
235 101
49 25
237 146
182 13
88 27
72 25
72 57
98 37
157 9
198 8
90 73
183 35
99 36
197 149
155 64
16 15
231 115
124 123
149 90
151 48
24 0
133 65
29 8
91 2
117 95
222 129
175 5
222 3
61 42
185 35
71 29
121 28
116 115
180 37
123 113
209 125
186 164
177 102
83 65
191 148
175 123
94 29
239 112
204 27
194 154
130 110
187 176
96 84
182 106
219 130
197 140
213 126
208 96
217 95
123 61
65 14
141 2
133 129
144 45
220 173
213 98
172 19
86 28
196 133
133 112
49 26
220 181
145 144
183 96
118 107
28 25
130 54
206 144
185 163
151 145
125 72
142 96
122 48
239 238
156 139
107 86
153 54
178 11
233 219
164 75
95 73
66 49
226 183
179 112
199 99
145 120
232 162
171 54
225 27
198 63
220 197
78 30
110 26
135 81
219 9
76 8
216 187
160 132
128 61
165 9
217 30
204 106
202 1
120 25
194 98
176 174
190 37
205 203
51 11
68 23
209 77
81 52
215 123
52 27
188 135
125 39
57 19
232 54
199 172
201 62
144 60
27 19
215 162
117 83
218 177
71 68
215 71
139 107
181 61
46 22
159 44
102 42
143 98
201 177
201 99
230 148
220 23
221 82
144 64
158 14
168 65
230 85
138 123
115 30
161 127
192 181
211 5
237 132
182 73
146 39
200 91
126 59
175 30
54 23
238 131
190 176
225 223
149 103
64 63
151 105
190 101
218 71
172 130
228 71
234 192
149 24
152 136
233 106
68 37
127 104
187 96
216 176
238 176
203 171
178 100
128 109
200 147
150 15
184 13
38 34
22 17
123 2
223 141
20 13
107 39
141 37
115 53
52 31
72 63
116 110
191 5
139 52
215 64
193 120
167 149
136 58
212 101
93 6
239 158
182 3
146 1
85 42
107 45
78 24
116 56
118 66
218 102
196 7
115 71
132 63
235 125
51 14
184 183
168 68
173 99
110 87
172 57
106 64
177 143
218 39
228 133
158 55
208 102
179 157
142 81
207 131
195 179
76 3
109 36
162 135
188 178
94 11
199 26
200 191
184 33
114 56
19 0
217 56
141 12
34 19
139 111
145 142
68 33
42 27
42 29
214 64
187 89
72 64
222 139
129 55
231 45
11 0
163 4
189 58
190 64
202 25
223 165
125 77
186 156
188 154
141 74
194 16
135 118
171 16
26 11
172 122
107 72
220 41
202 49
130 32
194 95
186 33
135 79
206 90
81 54
136 74
125 12
177 123
150 46
226 99
166 142
152 83
193 117
145 96
144 9
179 138
68 15
216 17
209 21
224 14
231 54
109 60
149 123
170 119
218 100
216 61
218 11
171 24
206 114
216 202
186 44
201 162
199 41
193 43
140 14
169 122
179 20
239 185
213 110
133 3
223 155
184 167
106 70
130 86
171 44
116 44
69 23
97 10
194 145
181 178
113 57
221 86
23 18
222 193
56 5
179 108
126 95
185 132
134 99
231 174
125 11
152 51
167 18
196 61
222 0
207 36
207 101
232 231
158 154
220 169
156 36
162 45
155 111
106 40
230 219
233 20
52 30
95 54
234 127
218 211
125 19
195 193
216 20
217 0
88 17
217 18
25 6
150 55
72 28
88 40
183 122
106 75
202 34
225 167
217 116
158 119
184 87
236 203
46 15
160 158
184 29
186 71
151 40
65 34
175 173
232 90
192 130
124 106
138 79
186 185
180 123
192 1
46 42
170 83
89 53
154 113
187 70
145 30
195 68
218 183
109 23
157 74
166 118
62 36
59 13
146 86
217 144
236 11
146 14
195 152
84 70
193 10
154 147
30 25
84 6
111 95
117 94
205 29
92 83
69 47
162 144
219 178
76 44
171 161
41 1
200 93
75 35
127 120
218 17
90 56
133 116
196 39
177 128
137 99
103 37
153 112
80 74
231 36
118 113
224 138
81 22
212 87
135 25
140 64
178 113
158 124
151 12
130 113
17 7
233 112
217 123
227 57
91 60
174 170
164 47
119 95
96 79
224 22
157 151
104 93
84 79
90 64
172 4
105 14
108 83
207 100
198 182
164 38
230 206
180 19
137 50
139 64
202 97
229 200
131 114
158 127
230 224
216 81
234 28
200 104
189 119
210 24
227 146
237 101
198 92
124 114
190 52
209 107
130 18
213 71
117 115
156 31
133 26
112 20
37 7
150 59
230 197
239 100
131 80
183 65
91 76
205 184
156 120
106 84
164 69
71 47
215 108
179 75
112 6
126 108
191 164
131 118
186 29
238 43
191 166
180 3
229 192
194 115
98 18
148 76
150 87
177 18
174 90
165 56
224 191
105 31
125 103
216 62
122 58
232 71
29 15
167 92
233 123
219 144
168 92
143 96
158 37
235 40
182 63
136 5
76 31
238 104
205 66
225 113
205 133
129 20
200 126
190 137
68 62
134 127
109 57
216 215
129 42
227 113
184 105
104 57
236 88
114 34
170 5
221 87
216 193
73 33
154 122
82 58
123 68
189 82
129 36
207 47
144 39
230 154
207 148
152 150
226 184
69 37
134 103
130 8
199 44
105 6
163 34
132 40
72 41
146 51
150 17
195 108
230 62
157 127
226 179
158 62
128 20
221 64
233 162
98 48
217 107
178 22
193 173
233 86
176 30
80 64
227 80
183 168
199 11
71 40
199 171
223 111
180 87
216 79
92 24
118 112
236 147
169 167
199 177
223 177
213 169
72 4
158 101
210 108
190 143
219 145
183 124
214 65
42 9
229 51
187 144
205 70
139 80
215 26
181 74
108 11
201 177
210 39
183 140
228 27
229 172
207 114
165 20
226 64
123 51
159 66
190 20
162 71
201 176
196 73
197 22
193 73
204 130
177 100
28 5
225 202
220 5
127 50
173 97
167 78
115 105
173 147
77 62
239 72
233 117
98 16
55 39
212 122
65 42
70 59
212 199
158 79
123 111
161 67
68 14
106 65
171 81
179 143
54 8
202 124
236 37
175 3
231 112
237 62
186 124
115 19
122 31
139 49
114 104
201 179
92 43
238 198
221 92
194 182
190 102
52 43
127 106
234 3
221 151
205 182
220 108
133 73
210 34
21 1
100 97
152 117
129 33
178 116
205 0
218 133
223 20
161 94
132 45
104 88
226 51
159 58
71 14
151 67
165 96
112 43
133 24
145 120
215 124
151 47
115 38
79 14
82 3
47 10
161 154
167 99
151 11
172 2
223 29
48 42
201 43
164 156
172 5
84 56
75 29
207 119
116 3
209 170
216 188
238 17
219 160
171 135
197 70
91 16
145 13
102 62
174 106
220 149
77 55
153 21
230 114
237 121
237 192
129 46
208 124
149 138
194 140
223 126
102 31
171 83
158 140
143 122
232 79
210 98
130 60
193 76
203 14
60 52
210 113
193 118
112 1
100 28
202 89
185 9
226 183
187 24
193 19
47 35
127 69
97 35
235 38
97 23
135 129
198 137
152 36
95 13
213 137
131 86
209 201
93 57
181 38
202 152
184 112
205 133
177 56
88 55
148 130
202 108
35 15
232 16
183 81
176 15
137 37
163 116
215 89
72 67
128 67
52 20
41 28
190 87
179 155
231 48
114 65
153 35
184 42
81 28
91 62
165 71
127 111
180 17
211 152
127 32
131 100
162 58
27 2
180 20
156 78
227 63
118 61
135 30
155 137
194 127
89 85
228 54
178 158
199 26
166 159
235 124
136 60
218 186
193 31
89 66
181 5
36 13
61 51
163 109
204 175
159 14
88 16
91 41
198 106
169 162
214 164
124 91
227 99
187 182
77 67
82 72
105 104
235 198
235 189
113 82
206 54
111 1
134 93
41 14
115 87
170 17
149 10
107 56
140 111
220 112
224 4
190 126
228 7
233 58
107 7
94 39
201 149
200 95
217 74
40 0
39 31
157 78
65 38
217 199
71 45
213 116
201 57
103 43
234 225
209 64
199 114
165 97
166 46
223 204
98 2
227 24
114 49
171 106
229 137
169 120
192 88
113 5
84 17
164 103
225 101
234 75
187 53
168 96
231 82
186 137
197 132
56 44
33 5
224 59
204 82
198 115
213 73
65 46
116 43
71 52
44 2
55 16
198 64
93 89
169 3
152 80
99 23
79 12
204 53
154 124
200 51
212 185
106 84
133 20
236 221
172 121
238 181
68 52
234 108
81 37
73 57
35 11
225 111
112 0
68 12
72 65
210 9
227 116
108 72
42 15
74 13
237 232
21 6
238 205
132 59
230 51
197 186
99 26
146 56
184 160
219 99
234 45
187 98
178 174
229 2
108 42
65 33
201 184
59 16
185 47
197 78
189 129
103 77
162 3
204 201
208 68
203 188
70 61
147 47
93 0
74 52
231 182
144 38
156 134
234 22
175 88
194 76
185 116
173 24
201 63
80 51
95 40
211 138
216 208
37 3
108 12
145 78
223 55
81 21
167 38
103 87
203 186
177 164
126 85
218 16
235 150
64 40
35 13
200 74
206 195
38 2
193 115
185 184
84 79
226 112
231 107
238 209
198 13
143 98
225 199
185 31
200 122
87 10
229 20
119 93
211 106
171 117
175 172
45 37
148 125
139 70
99 34
231 149
130 49
143 4
110 61
50 0
172 52
223 137
200 46
125 78
203 7
157 5
201 109
164 8
128 13
162 108
222 159
227 31
186 128
227 37
47 11
81 76
140 83
179 43
207 22
231 74
222 90
54 25
208 164
204 91
122 18
180 68
137 97
158 33
206 188
207 129
202 194
234 137
231 212
45 27
75 46
190 154
34 7
39 6
146 13
148 14
154 25
175 122
152 136
231 116
143 97
205 200
194 26
148 102
157 74
183 44
120 59
83 40
190 137
169 21
118 105
93 16
90 1
215 67
192 81
196 176
189 117
238 162
111 78
133 59
109 84
182 85
223 35
108 57
224 167
163 135
107 11
222 64
207 166
125 61
170 80
228 103
154 99
67 30
195 194
214 181
201 159
219 83
205 77
237 159
234 63
199 150
166 103
115 70
159 86
81 72
230 199
225 72
196 5
201 52
86 17
122 92
230 21
224 71
220 188
173 158
188 4
155 14
67 43
78 77
181 151
35 12
118 65
178 90
146 46
51 45
119 56
186 60
77 65
106 102
153 75
216 82
173 102
178 140
148 65
203 129
48 11
66 25
213 139
127 10
233 207
144 125
210 142
141 51
125 3
124 103
135 39
173 120
85 79
226 67
78 50
80 33
127 26
64 41
179 156
201 147
102 69
168 54
166 40
171 68
164 54
64 37
106 79
159 13
171 27
167 36
99 14
149 67
212 64
234 37
86 50
189 57
60 12
163 155
187 62
200 162
179 116
165 124
203 65
200 175
216 124
97 67
157 65
166 140
127 5
129 105
231 16
188 2
195 142
58 8
48 5
216 41
225 71
47 3
188 1
149 109
212 66
134 77
179 92
213 44
115 100
74 15
119 46
228 101
231 120
175 123
81 29
163 124
218 6
192 12
145 112
236 220
139 99
130 82
98 64
180 71
205 175
222 194
234 135
136 13
62 29
220 56
98 71
157 0
206 81
183 13
178 13
203 86
220 45
229 140
224 103
146 100
85 49
182 61
215 199
206 135
175 8
116 24
56 42
162 2
74 31
90 53
128 119
237 122
137 91
181 34
218 202
200 47
107 8
178 30
182 44
190 70
161 11
162 103
238 88
68 38
214 199
238 226
205 135
116 57
136 35
229 194
142 55
232 200
172 0
81 23
150 5
217 71
118 19
180 14
162 23
99 55
227 55
58 27
89 13
221 130
57 16
146 90
213 176
186 165
209 50
135 83
229 198
119 84
234 196
223 37
217 130
123 96
29 26
139 77
149 81
211 91
181 144
188 34
186 171
163 6
95 48
157 60
173 106
232 196
225 19
100 77
131 80
210 160
101 63
217 111
207 184
215 49
145 125
168 29
96 64
200 57
180 24
104 44
142 125
208 175
88 84
150 27
81 40
138 70
116 29
118 55
207 64
227 138
197 60
173 108
179 147
230 48
214 131
97 69
210 190
162 87
173 88
109 89
208 205
144 60
159 61
174 74
73 7
175 148
110 106
196 150
87 32
105 62
159 101
195 169
120 117
185 144
155 108
70 51
92 65
179 33
191 105
47 41
218 153
186 7
87 77
184 109
195 155
138 62
210 134
74 67
131 73
191 41
192 23
239 25
124 53
202 186
210 207
161 116
216 137
89 11
207 102
73 29
209 102
184 162
153 109
113 112
140 43
121 108
224 33
110 10
188 165
74 38
69 66
158 60
119 45
212 33
236 72
188 153
165 157
130 15
141 99
162 129
183 104
65 8
232 62
72 30
172 15
180 147
166 121
196 180
223 104
149 68
164 61
189 161
204 66
112 86
185 26
82 81
91 24
59 8
86 25
211 168
108 94
236 61
233 102
235 162
199 149
196 17
182 59
222 171
115 5
153 146
194 191
211 119
235 71
185 107
133 29
151 33
224 1
230 170
195 104
160 24
144 87
238 102
135 110
66 9
124 9
65 30
192 11
120 84
31 24
198 16
213 89
77 71
134 9
164 82
196 6
154 136
142 40
87 23
231 216
169 83
239 214
221 175
146 35
92 7
152 147
138 134
191 10
50 48
129 122
96 91
96 51
142 94
218 111
209 19
204 144
179 153
196 29
171 53
212 97
194 109
187 155
219 202
157 43
75 42
203 114
118 26
220 101
156 5
226 103
138 31
206 125
77 56
212 14
206 102
171 156
176 72
230 31
217 77
131 117
137 136
110 98
109 66
220 88
144 118
199 64
114 42
43 26
107 60
113 102
168 127
72 22
230 38
144 132
189 130
84 47
48 18
178 80
236 0
185 181
141 55
74 30
211 66
187 75
153 10
124 80
70 17
145 40
232 224
92 12
183 103
205 54
101 0
72 51
61 11
37 8
182 101
186 33
69 17
171 126
218 110
176 141
221 185
145 23
190 27
202 106
147 9
168 39
144 75
206 44
81 66
51 30
224 110
167 68
135 130
69 11
109 43
69 39
222 47
80 2
177 115
150 62
205 120
171 159
237 199
222 153
116 15
88 11
52 16
188 169
130 84
77 17
142 45
194 144
182 50
181 1
220 217
155 57
215 213
143 64
201 195
141 3
195 178
214 29
186 109
142 108
155 83
215 5
119 49
142 96
88 9
186 10
137 104
149 58
214 51
39 37
182 157
208 111
210 131
144 116
219 120
140 36
119 38
201 168
100 33
156 12
236 36
220 36
125 113
223 51
154 100
222 101
135 121
143 126
238 112
222 21
145 41
151 37
153 83
96 0
211 185
135 27
137 129
181 18
201 93
132 23
234 13
218 85
203 147
160 77
177 103
37 19
186 49
218 161
13 12
209 61
32 9
235 180
144 105
239 202
180 178
208 116
186 153
158 124
215 113
176 103
214 7
63 8
127 6
206 112
141 41
213 69
19 16
167 83
222 182
148 129
194 33
56 3
195 141
200 114
234 169
224 195
148 131
228 67
96 18
190 42
192 70
192 145
158 119
226 158
54 52
229 197
221 59
170 95
202 129
232 73
158 16
170 64
102 37
225 43
214 197
190 16
185 132
231 135
167 162
194 7
184 100
210 185
70 48
135 82
188 49
109 55
166 35
165 85
171 22
212 16
142 39
206 129
230 192
44 42
148 20
127 94
143 74
121 109
183 108
115 44
116 88
205 93
170 131
153 45
212 1
218 18
105 32
231 154
234 226
66 49
215 63
115 81
129 107
88 15
185 97
178 98
214 175
148 55
196 167
146 110
160 62
33 24
203 190
115 71
51 26
205 114
170 103
205 89
133 125
237 223
143 30
163 160
111 39
64 50
104 51
138 115
166 41
200 194
92 47
51 37
123 55
229 192
40 19
188 123
224 173
130 87
226 129
51 10
203 82
99 97
238 75
65 61
51 2
227 200
179 128
165 86
236 228
176 52
75 49
187 138
94 56
218 114
222 91
189 63
122 34
228 126
132 128
113 99
54 21
180 89
117 4
131 42
97 64
39 33
152 113
151 116
90 49
145 36
172 80
211 150
108 18
173 79
212 24
230 66
111 52
76 59
194 3
205 101
164 110
159 76
154 153
74 63
47 22
7 4
154 151
209 132
92 17
172 120
120 79
98 41
191 89
233 191
219 71
211 204
204 194
151 104
232 30
187 137
140 61
237 217
219 162
119 51
152 61
33 1
53 50
173 23
180 60
195 157
117 66
113 69
161 89
194 56
231 111
126 23
212 210
110 76
137 54
128 103
203 149
153 69
71 36
134 103
211 115
141 61
147 81
131 89
222 82
127 70
76 64
196 86
95 6
61 35
215 85
156 149
158 54
143 62
47 34
182 152
176 160
115 67
166 105
220 150
67 4
45 39
212 102
173 125
233 158
184 170
189 180
70 29
145 110
226 59
208 82
181 53
236 187
232 167
196 143
217 167
79 66
134 122
207 88
180 157
224 31
211 77
77 41
183 65
229 223
224 35
109 12
213 172
66 55
196 78
194 136
196 178
186 64
108 43
182 115
153 4
233 217
131 31
83 51
126 39
206 22
124 35
216 195
154 95
234 1
195 145
150 122
169 14
133 23
119 82
120 89
120 87
146 49
177 119
225 181
211 47
63 39
223 102
229 153
185 43
106 96
185 56
98 65
210 41
160 153
149 116
88 5
89 20
104 100
120 8
196 119
237 13
174 98
219 199
180 25
239 18
225 91
93 71
183 53
62 12
157 96
138 72
141 90
48 17
191 33
173 49
187 64
58 33
56 29
217 82
130 78
105 22
153 143
189 163
179 100
164 36
199 119
209 176
161 48
211 95
132 127
102 80
220 156
46 11
136 117
208 42
51 44
113 19
181 16
91 55
225 18
116 63
206 65
85 4
86 13
205 78
168 41
124 122
97 81
140 57
222 210
122 90
176 137
117 105
134 87
230 109
168 164
133 121
225 49
205 190
221 160
112 12
45 28
239 221
45 43
116 112
203 159
58 49
170 75
169 62
207 45
159 114
181 161
183 163
138 77
191 158
98 17
190 19
166 25
232 83
195 179
97 78
221 121
214 117
217 183
166 117
123 74
206 47
238 89
47 6
183 91
231 220
85 1
204 75
219 70
148 97
161 115
29 0
172 102
237 147
122 46
80 38
133 45
70 66
238 2
146 120
94 47
238 134
191 68
33 16
139 100
61 46
217 143
162 11
199 27
222 85
152 150
223 81
116 95
176 147
123 106
54 10
140 23
76 38
127 96
100 75
147 33
187 152
195 146
151 0
207 111
155 19
176 76
151 39
154 110
217 161
234 116
64 59
226 18
103 53
154 28
192 164
129 5
178 45
227 76
43 28
20 13
97 26
170 129
131 75
177 84
72 34
185 76
50 44
111 20
163 28
229 77
104 21
180 124
202 62
150 82
118 43
74 73
95 10
159 7
182 95
210 89
226 53
239 131
232 153
192 21
177 29
163 32
194 107
99 72
187 44
126 37
129 52
6 1
223 5
173 21
189 167
30 7
185 134
145 113
124 120
123 32
73 48
111 80
159 30
176 48
65 26
133 104
213 190
216 113
197 104
176 119
88 61
200 66
207 151
201 173
194 151
220 103
213 183
224 82
107 40
233 19
188 40
69 46
68 10
147 104
172 145
155 146
234 85
156 43
208 151
133 82
39 22
161 4
212 114
172 91
208 10
187 8
201 160
101 29
225 130
168 130
219 156
233 37
205 191
138 124
108 82
144 77
163 150
196 149
230 214
52 9
187 37
105 93
142 99
168 66
142 133
212 10
230 173
189 5
117 62
218 52
119 85
204 136
100 20
131 101
54 53
206 7
190 152
225 200
170 125
200 137
65 12
191 58
127 21
191 48
47 4
185 35
20 0
131 103
173 109
236 47
234 180
138 128
155 35
191 112
162 142
147 56
217 113
163 36
91 48
151 94
121 79
185 57
150 76
98 59
128 53
143 125
162 29
193 57
52 4
151 54
210 163
92 87
190 13
174 36
114 24
101 39
116 16
233 115
129 90
104 72
213 186
204 119
172 94
61 59
172 144
213 142
200 129
175 21
212 87
238 143
207 82
174 68
226 122
153 121
192 111
66 23
183 63
157 129
189 39
207 41
190 158
192 133
193 89
139 107
225 47
187 178
167 67
198 176
239 86
195 134
90 57
188 90
100 78
117 72
106 22
114 52
121 37
189 87
215 136
152 41
202 77
208 99
184 172
128 35
140 59
192 27
184 121
226 196
174 46
198 40
26 14
204 78
214 191
236 180
197 102
90 30
184 47
134 69
125 26
61 13
116 81
121 23
19 1
193 142
162 145
191 145
117 91
115 82
203 3
206 12
213 115
198 193
195 85
201 137
31 11
172 62
180 121
228 196
118 46
217 49
98 27
237 58
167 125
133 110
61 15
153 93
220 1
120 16
95 80
179 35
173 28
76 18
213 42
202 32
226 135
88 7
222 201
159 82
151 42
175 26
167 164
168 157
182 65
219 197
71 23
93 23
71 0
228 98
110 8
178 118
222 169
131 37
239 63
189 143
216 54
207 172
85 82
210 33
149 92
239 59
17 11
201 187
204 55
71 64
237 210
103 39
126 83
86 40
116 27
232 57
184 82
194 160
91 59
124 36
100 59
119 67
153 136
157 137
150 45
145 8
209 8
232 74
150 54
67 53
198 10
231 6
117 65
93 74
238 36
191 124
141 138
177 143
192 127
218 136
198 109
124 49
228 203
111 23
114 84
232 127
165 49
233 1
92 75
80 66
22 5
188 128
201 139
184 15
178 151
231 33
106 30
205 194
172 103
222 92
120 38
154 48
207 176
103 84
130 66
49 34
223 199
85 68
33 18
228 162
146 117
218 71
90 32
208 104
185 103
191 35
197 91
173 92
236 150
120 5
112 107
179 3
118 24
165 152
58 0
225 221
165 100
231 79
158 145
144 40
235 114
36 28
132 109
42 20
204 147
197 105
124 32
227 62
43 29
204 45
121 44
150 68
203 36
168 56
84 39
56 15
89 65
207 50
161 147
57 1
151 113
195 49
88 3
104 10
227 216
190 150
211 84
213 121
205 52
66 17
146 124
179 31
237 114
221 197
166 83
134 125
91 87
143 91
139 108
65 39
230 16
119 112
48 40
75 25
190 148
124 93
215 176
133 5
184 45
223 112
101 20
85 30
58 13
175 157
149 34
76 50
73 42
155 25
134 57
131 102
228 13
165 103
210 48
34 1
210 46
75 65
196 172
106 11
173 166
156 51
232 193
212 2
166 91
101 60
225 147
107 10
168 76
189 109
202 119
174 162
144 59
188 179
90 71
170 144
131 88
137 81
98 33
229 133
92 84
235 87
211 174
201 16
226 134
118 22
84 4
210 10
140 129
145 43
89 18
79 55
97 44
187 73
135 38
202 191
110 44
205 126
231 99
165 129
228 62
213 157
202 159
103 75
109 103
208 206
228 187
230 112
224 106
203 172
162 125
97 0
147 91
237 136
231 190
124 14
188 48
166 70
81 44
223 77
119 96
208 145
148 56
98 74
216 154
116 60
89 2
61 44
139 78
188 164
218 195
127 23
224 37
228 145
205 103
229 152
155 125
161 139
203 88
71 63
184 149
99 80
82 39
105 11
139 39
235 214
114 98
111 55
148 141
62 51
82 75
172 50
131 63
14 7
188 139
225 3
227 191
229 161
81 38
223 57
167 124
148 46
238 60
97 89
89 79
162 92
239 155
150 31
217 142
227 187
89 23
205 74
178 17
73 47
141 32
210 29
182 169
71 44
201 96
198 120
103 96
98 61
90 42
93 11
146 41
216 94
130 9
218 156
160 138
133 3
175 133
206 138
102 29
204 153
122 85
149 69
202 180
160 5
147 84
208 0
120 77
179 135
221 153
189 17
180 37
230 221
147 131
210 192
190 175
166 146
201 183
185 112
206 92
208 181
238 204
164 159
130 3
112 69
192 53
75 37
153 62
143 32
196 85
92 77
19 13
235 17
154 43
113 3
227 72
167 87
202 151
70 54
191 95
120 65
149 17
35 20
74 39
154 149
197 68
58 19
156 117
140 48
120 62
97 73
200 29
221 136
141 73
54 17
111 25
154 109
22 6
205 161
155 5
116 33
232 87
159 60
198 138
163 113
148 67
161 160
32 6
214 78
103 98
233 64
161 109
92 90
81 70
152 14
28 17
230 23
65 17
183 114
133 63
116 54
192 59
209 143
220 4
153 78
238 55
188 170
112 95
121 49
150 1
220 219
204 154
105 36
140 29
196 25
57 0
222 181
144 113
75 57
154 52
225 188
192 187
222 97
223 91
191 93
71 30
68 61
239 60
146 122
182 148
236 82
33 8
143 14
125 70
124 29
238 171
223 90
158 21
206 175
157 134
217 83
214 123
207 12
131 83
49 40
136 51
211 118
108 51
220 7
119 116
237 150
145 95
213 177
239 136
127 125
211 18
238 57
48 7
204 56
115 2
235 111
96 25
180 140
78 3
172 98
179 4
210 5
55 7
43 32
91 10
183 172
109 34
162 49
103 91
76 60
147 54
163 158
185 118
198 2
166 145
88 13
146 115
200 73
157 12
164 90
195 115
70 38
215 79
115 89
151 141
23 13
210 181
103 26
146 47
111 40
150 32
123 86
212 109
206 121
215 20
175 85
144 49
208 170
125 30
208 148
235 21
184 126
28 3
122 0
233 32
74 1
234 125
82 54
202 10
223 17
194 125
225 118
106 2
123 71
163 162
152 135
102 52
199 48
144 13
161 132
198 103
69 1
165 11
47 40
85 27
136 126
149 27
194 50
222 218
231 1
188 14
128 90
161 88
202 139
174 49
106 28
154 67
49 45
151 26
171 109
230 215
224 54
187 177
45 41
215 60
230 67
51 17
95 65
163 99
145 109
168 82
126 7
87 35
131 53
191 97
123 48
92 3
84 14
65 20
166 20
189 28
164 78
105 24
221 6
204 25
188 92
202 51
125 43
236 19
143 41
222 10
182 105
236 26
178 164
173 80
208 113
220 171
237 163
75 55
235 133
149 85
212 136
143 100
55 34
170 107
54 40
229 58
176 51
52 23
226 121
229 27
199 98
143 29
156 100
234 145
228 119
140 110
232 225
119 24
230 172
235 188
43 24
70 58
235 141
130 62
236 160
150 137
99 1
60 51
217 104
112 89
236 166
225 51
222 69
185 58
208 44
207 31
147 65
181 159
180 6
226 181
134 123
223 71
206 59
43 1
119 81
57 49
116 1
204 108
227 67
233 119
187 10
203 90
85 63
195 184
164 133
102 13
163 71
207 163
175 142
110 57
182 3
58 34
227 41
159 55
184 60
129 84
140 62
109 107
187 141
97 30
118 50
30 0
166 97
194 161
114 61
216 135
67 27
219 187
176 134
166 8
230 50
146 86
234 124
41 29
217 188
145 91
186 35
171 47
219 23
108 67
95 57
177 69
55 51
81 30
165 21
200 5
149 42
115 90
232 114
157 29
182 62
133 28
16 9
86 38
125 58
184 124
109 46
145 42
128 21
218 128
46 25
192 60
170 74
136 63
174 134
164 121
70 45
94 27
122 47
209 72
134 2
127 78
175 108
85 53
77 23
209 28
198 11
50 40
150 120
160 63
103 65
164 125
130 19
210 56
214 144
169 121
176 171
123 110
197 181
210 97
79 64
239 27
182 86
163 144
139 7
159 139
175 33
103 3
107 53
221 217
222 34
221 144
128 92
142 13
200 14
193 168
223 94
92 79
208 30
221 95
203 116
198 132
188 30
197 131
226 69
177 140
172 133
198 70
183 24
186 73
208 57
