240 720 300 2500
182 54
227 68
85 23
230 97
228 215
231 192
192 112
199 121
233 87
231 107
88 51
207 203
27 10
111 82
232 139
153 141
228 63
132 15
200 23
181 92
226 25
122 7
218 42
68 40
162 39
63 29
79 59
209 109
229 225
199 15
118 104
229 210
196 22
67 44
190 149
86 16
238 226
215 202
78 50
208 149
12 0
174 18
81 28
160 150
162 118
164 2
210 83
101 84
88 72
23 17
50 43
51 36
162 137
144 24
130 16
220 36
146 11
114 33
118 112
158 148
161 6
220 63
133 68
173 13
203 97
101 78
38 14
238 149
175 116
237 189
165 109
187 4
173 128
57 41
170 88
231 4
162 63
157 8
227 18
106 21
238 132
50 47
158 101
116 46
175 1
202 70
150 69
203 44
96 75
74 57
232 176
232 121
73 32
167 75
134 129
33 27
212 62
68 1
188 120
181 156
232 201
107 49
202 107
209 64
143 50
226 124
155 40
90 44
228 185
113 23
161 33
151 46
11 6
204 191
90 61
181 177
82 62
177 14
142 141
185 108
167 9
187 156
128 84
103 62
185 10
214 119
218 119
177 75
126 20
144 108
174 107
223 58
192 49
103 80
168 125
164 82
122 105
217 35
65 42
221 52
85 80
142 62
104 6
206 201
177 112
166 26
235 101
49 25
237 146
182 13
88 27
72 25
72 57
98 37
157 9
198 8
90 73
183 35
99 36
197 149
155 64
16 15
231 115
124 123
149 90
151 48
24 0
133 65
29 8
91 2
117 95
222 129
175 5
222 3
61 42
185 35
71 29
121 28
116 115
180 37
123 113
209 125
186 164
177 102
83 65
191 148
175 123
94 29
239 112
204 27
194 154
130 110
187 176
96 84
182 106
219 130
197 140
213 126
208 96
217 95
123 61
65 14
141 2
133 129
144 45
220 173
213 98
172 19
86 28
196 133
133 112
49 26
220 181
145 144
183 96
118 107
28 25
130 54
206 144
185 163
151 145
125 72
142 96
122 48
239 238
156 139
107 86
153 54
178 11
233 219
164 75
95 73
66 49
226 183
179 112
199 99
145 120
232 162
171 54
225 27
198 63
220 197
78 30
110 26
135 81
219 9
76 8
216 187
160 132
128 61
165 9
217 30
204 106
202 1
120 25
194 98
176 174
190 37
205 203
51 11
68 23
209 77
81 52
215 123
52 27
188 135
125 39
57 19
232 54
199 172
201 62
144 60
27 19
215 162
117 83
218 177
71 68
215 71
139 107
181 61
46 22
159 44
102 42
143 98
201 177
201 99
230 148
220 23
221 82
144 64
158 14
168 65
230 85
138 123
115 30
161 127
192 181
211 5
237 132
182 73
146 39
200 91
126 59
175 30
54 23
238 131
190 176
225 223
149 103
64 63
151 105
190 101
218 71
172 130
228 71
234 192
149 24
152 136
233 106
68 37
127 104
187 96
216 176
238 176
203 171
178 100
128 109
200 147
150 15
184 13
38 34
22 17
123 2
223 141
20 13
107 39
141 37
115 53
52 31
72 63
116 110
191 5
139 52
215 64
193 120
167 149
136 58
212 101
93 6
239 158
182 3
146 1
85 42
107 45
78 24
116 56
118 66
218 102
196 7
115 71
132 63
235 125
51 14
184 183
168 68
173 99
110 87
172 57
106 64
177 143
218 39
228 133
158 55
208 102
179 157
142 81
207 131
195 179
76 3
109 36
162 135
188 178
94 11
199 26
200 191
184 33
114 56
19 0
217 56
141 12
34 19
139 111
145 142
68 33
42 27
42 29
214 64
187 89
72 64
222 139
129 55
231 45
11 0
163 4
189 58
190 64
202 25
223 165
125 77
186 156
188 154
141 74
194 16
135 118
171 16
26 11
172 122
107 72
220 41
202 49
130 32
194 95
186 33
135 79
206 90
81 54
136 74
125 12
177 123
150 46
226 99
166 142
152 83
193 117
145 96
144 9
179 138
68 15
216 17
209 21
224 14
231 54
109 60
149 123
170 119
218 100
216 61
218 11
171 24
206 114
216 202
186 44
201 162
199 41
193 43
140 14
169 122
179 20
239 185
213 110
133 3
223 155
184 167
106 70
130 86
171 44
116 44
69 23
97 10
194 145
181 178
113 57
221 86
23 18
222 193
56 5
179 108
126 95
185 132
134 99
231 174
125 11
152 51
167 18
196 61
222 0
207 36
207 101
232 231
158 154
220 169
156 36
162 45
155 111
106 40
230 219
233 20
52 30
95 54
234 127
218 211
125 19
195 193
216 20
217 0
88 17
217 18
25 6
150 55
72 28
88 40
183 122
106 75
202 34
225 167
217 116
158 119
184 87
236 203
46 15
160 158
184 29
186 71
151 40
65 34
175 173
232 90
192 130
124 106
138 79
186 185
180 123
192 1
46 42
170 83
89 53
154 113
187 70
145 30
195 68
218 183
109 23
157 74
166 118
62 36
59 13
146 86
217 144
236 11
146 14
195 152
84 70
193 10
154 147
30 25
84 6
111 95
117 94
205 29
92 83
69 47
162 144
219 178
76 44
171 161
41 1
200 93
75 35
127 120
218 17
90 56
133 116
196 39
177 128
137 99
103 37
153 112
80 74
231 36
118 113
224 138
81 22
212 87
135 25
140 64
178 113
158 124
151 12
130 113
17 7
233 112
217 123
227 57
91 60
174 170
164 47
119 95
96 79
224 22
157 151
104 93
84 79
90 64
172 4
105 14
108 83
207 100
198 182
164 38
230 206
180 19
137 50
139 64
202 97
229 200
131 114
158 127
230 224
216 81
234 28
200 104
189 119
210 24
227 146
237 101
198 92
124 114
190 52
209 107
130 18
213 71
117 115
156 31
133 26
112 20
37 7
150 59
230 197
239 100
131 80
183 65
91 76
205 184
156 120
106 84
164 69
71 47
215 108
179 75
112 6
126 108
191 164
131 118
186 29
238 43
191 166
180 3
229 192
194 115
98 18
148 76
150 87
177 18
174 90
165 56
224 191
105 31
125 103
216 62
122 58
232 71
29 15
167 92
233 123
219 144
168 92
143 96
158 37
235 40
182 63
136 5
76 31
238 104
205 66
225 113
205 133
129 20
200 126
190 137
68 62
134 127
109 57
216 215
129 42
227 113
184 105
104 57
236 88
114 34
170 5
221 87
216 193
73 33
154 122
82 58
123 68
189 82
129 36
207 47
144 39
230 154
207 148
152 150
226 184
69 37
134 103
130 8
199 44
105 6
163 34
132 40
72 41
265 198
150 17
195 108
230 62
247 234
226 179
287 176
128 20
221 64
233 162
296 30
217 107
274 93
286 192
233 86
176 30
80 64
227 80
267 132
199 11
71 40
199 171
223 111
284 272
292 21
92 24
118 112
236 147
169 167
199 177
223 177
297 192
72 4
158 101
210 108
190 143
219 145
275 119
214 65
42 9
229 51
292 110
205 70
139 80
215 26
245 59
293 209
201 177
296 136
183 140
273 247
229 172
207 114
165 20
226 64
272 177
159 66
190 20
294 203
201 176
196 73
251 165
270 2
260 231
177 100
28 5
225 202
299 35
127 50
173 97
167 78
115 105
173 147
77 62
239 72
271 214
98 16
243 41
261 204
253 71
70 59
212 199
261 144
123 111
295 62
68 14
106 65
171 81
179 143
286 107
202 124
236 37
175 3
231 112
281 163
186 124
115 19
274 4
139 49
246 110
201 179
92 43
238 198
221 92
194 182
190 102
52 43
127 106
263 259
221 151
205 182
220 108
278 9
210 34
21 1
100 97
269 234
129 33
178 116
297 136
218 133
223 20
161 94
255 179
291 246
226 51
159 58
71 14
252 201
298 124
281 116
133 24
145 120
261 153
265 34
115 38
79 14
82 3
47 10
296 256
167 99
151 11
172 2
276 156
250 162
269 169
289 222
294 82
249 57
75 29
207 119
116 3
209 170
251 84
238 17
219 160
171 135
294 141
91 16
145 13
102 62
289 260
265 152
297 244
153 21
230 114
237 121
272 166
265 19
276 8
149 138
245 160
223 126
284 191
241 55
158 140
143 122
232 79
282 170
297 1
193 76
203 14
254 8
270 0
193 118
112 1
100 28
202 89
259 42
298 133
187 24
269 111
47 35
127 69
97 35
261 124
285 4
289 287
198 137
152 36
266 1
292 199
131 86
209 201
93 57
181 38
202 152
249 176
250 217
241 66
266 168
148 130
202 108
35 15
232 16
183 81
176 15
294 184
298 75
245 202
72 67
128 67
52 20
41 28
190 87
272 56
259 73
291 115
153 35
184 42
81 28
91 62
165 71
127 111
180 17
211 152
259 26
131 100
243 21
292 135
248 31
250 95
296 118
118 61
259 57
266 60
194 127
241 215
228 54
178 158
199 26
166 159
235 124
136 60
218 186
193 31
89 66
181 5
36 13
61 51
163 109
204 175
281 207
273 253
91 41
198 106
169 162
280 5
124 91
257 43
187 182
282 1
82 72
105 104
244 123
235 189
253 177
206 54
111 1
134 93
41 14
115 87
170 17
149 10
107 56
140 111
279 53
296 155
190 126
228 7
297 87
107 7
94 39
201 149
200 95
217 74
40 0
39 31
157 78
256 121
242 240
71 45
265 117
201 57
103 43
234 225
209 64
199 114
165 97
166 46
223 204
98 2
227 24
114 49
171 106
286 258
169 120
192 88
113 5
84 17
262 82
284 228
242 112
245 149
168 96
231 82
297 159
197 132
249 17
33 5
224 59
286 173
198 115
213 73
65 46
246 0
71 52
44 2
55 16
198 64
298 36
169 3
277 118
99 23
254 54
204 53
262 33
200 51
212 185
106 84
133 20
236 221
172 121
238 181
68 52
234 108
81 37
243 97
35 11
225 111
280 262
286 179
72 65
210 9
227 116
108 72
289 185
262 129
269 243
21 6
238 205
132 59
230 51
197 186
264 111
146 56
184 160
275 211
234 45
187 98
273 171
279 137
108 42
65 33
298 77
259 0
185 47
197 78
255 18
103 77
162 3
244 165
293 273
281 124
258 88
147 47
290 168
74 52
296 43
144 38
253 3
234 22
175 88
275 48
286 67
173 24
250 68
80 51
95 40
281 81
246 44
37 3
108 12
248 243
223 55
267 148
167 38
103 87
269 175
242 237
288 175
218 16
235 150
64 40
35 13
200 74
206 195
38 2
193 115
185 184
84 79
274 230
270 40
297 15
281 144
143 98
225 199
185 31
261 250
87 10
284 41
258 69
211 106
171 117
175 172
259 130
148 125
284 154
99 34
231 149
250 169
143 4
110 61
50 0
172 52
223 137
200 46
283 119
203 7
157 5
201 109
164 8
128 13
162 108
222 159
227 31
186 128
227 37
47 11
81 76
140 83
179 43
207 22
231 74
264 113
260 71
299 251
204 91
260 257
180 68
137 97
158 33
206 188
207 129
290 56
234 137
231 212
247 82
277 225
286 144
288 177
39 6
146 13
277 47
298 118
175 122
152 136
231 116
143 97
205 200
194 26
148 102
157 74
183 44
120 59
83 40
251 113
169 21
261 43
93 16
256 4
215 67
192 81
196 176
189 117
277 267
111 78
133 59
109 84
283 263
256 137
108 57
224 167
163 135
107 11
222 64
282 184
298 125
297 39
284 44
154 99
67 30
289 110
268 245
297 266
219 83
205 77
237 159
234 63
199 150
166 103
289 64
159 86
81 72
230 199
225 72
240 134
201 52
86 17
290 251
243 163
224 71
272 32
263 106
188 4
155 14
282 115
78 77
181 151
35 12
255 27
272 134
146 46
254 173
288 166
186 60
280 144
106 102
284 143
242 3
240 15
178 140
247 195
260 195
48 11
66 25
213 139
252 81
233 207
144 125
210 142
141 51
125 3
124 103
135 39
173 120
277 98
226 67
282 185
250 87
127 26
64 41
274 11
201 147
271 9
257 127
166 40
282 63
164 54
64 37
247 180
159 13
171 27
167 36
99 14
250 237
212 64
234 37
86 50
255 174
60 12
163 155
187 62
200 162
285 214
165 124
203 65
200 175
216 124
97 67
157 65
252 45
244 198
129 105
253 156
188 2
195 142
58 8
48 5
261 240
247 229
47 3
188 1
149 109
297 238
134 77
257 103
213 44
250 19
293 67
119 46
228 101
297 71
247 89
81 29
256 204
218 6
267 218
145 112
236 220
139 99
130 82
98 64
180 71
272 205
222 194
234 135
280 117
248 73
220 56
278 81
295 126
206 81
243 40
178 13
203 86
253 251
229 140
259 238
146 100
290 201
281 266
215 199
206 135
175 8
261 152
56 42
296 161
74 31
90 53
293 159
263 245
137 91
181 34
218 202
200 47
107 8
282 124
182 44
252 132
161 11
267 95
238 88
264 137
214 199
254 69
297 171
116 57
272 28
229 194
288 29
232 200
172 0
81 23
150 5
217 71
118 19
267 165
162 23
273 175
227 55
58 27
285 52
221 130
57 16
289 93
256 18
290 152
261 247
135 83
229 198
285 175
234 196
262 97
265 73
123 96
299 246
139 77
149 81
247 102
181 144
188 34
186 171
163 6
95 48
286 11
173 106
232 196
225 19
261 20
277 107
270 122
101 63
294 291
264 133
215 49
145 125
168 29
287 139
200 57
180 24
266 84
142 125
255 141
291 155
150 27
81 40
138 70
116 29
118 55
207 64
227 138
271 7
173 108
270 68
255 81
214 131
97 69
210 190
283 249
173 88
109 89
208 205
144 60
288 91
174 74
73 7
175 148
110 106
196 150
87 32
292 4
159 101
195 169
120 117
278 219
155 108
273 61
92 65
179 33
252 182
47 41
218 153
186 7
87 77
184 109
195 155
249 187
210 134
74 67
131 73
191 41
192 23
239 25
124 53
202 186
210 207
161 116
276 237
293 244
207 102
279 119
209 102
269 153
153 109
113 112
247 42
121 108
224 33
110 10
188 165
74 38
69 66
246 234
119 45
212 33
272 85
188 153
165 157
130 15
141 99
162 129
254 74
65 8
232 62
248 160
172 15
180 147
298 120
196 180
280 71
149 68
164 61
189 161
204 66
112 86
185 26
297 286
91 24
248 95
252 153
277 119
253 109
236 61
233 102
235 162
199 149
196 17
182 59
222 171
115 5
294 103
262 20
211 119
240 207
185 107
133 29
151 33
224 1
230 170
273 41
160 24
144 87
238 102
135 110
66 9
124 9
65 30
192 11
262 85
247 177
198 16
213 89
77 71
134 9
250 138
196 6
154 136
142 40
246 235
285 44
169 83
239 214
221 175
271 158
92 7
152 147
138 134
191 10
50 48
243 127
266 123
242 92
142 94
299 223
243 143
204 144
261 213
196 29
286 55
249 169
194 109
291 237
219 202
157 43
75 42
203 114
118 26
295 3
156 5
226 103
246 209
206 125
261 125
212 14
241 116
171 156
254 174
230 31
217 77
131 117
279 248
262 9
109 66
220 88
144 118
199 64
114 42
43 26
107 60
113 102
168 127
72 22
230 38
144 132
286 202
84 47
48 18
266 194
236 0
185 181
141 55
265 25
211 66
187 75
153 10
124 80
70 17
145 40
232 224
92 12
183 103
205 54
276 255
72 51
61 11
37 8
182 101
186 33
69 17
244 18
218 110
176 141
271 162
145 23
270 229
202 106
147 9
168 39
144 75
206 44
256 43
51 30
224 110
290 229
135 130
69 11
109 43
263 8
298 191
80 2
241 204
275 254
205 120
247 149
268 51
222 153
116 15
259 173
256 143
188 169
130 84
294 66
142 45
194 144
264 30
181 1
220 217
155 57
215 213
143 64
201 195
141 3
195 178
214 29
186 109
296 74
155 83
215 5
255 51
142 96
88 9
186 10
137 104
149 58
214 51
288 157
182 157
293 22
210 131
144 116
244 12
263 65
119 38
201 168
100 33
263 187
236 36
220 36
240 38
256 57
154 100
243 120
274 161
143 126
238 112
286 191
145 41
151 37
243 234
96 0
211 185
135 27
137 129
181 18
201 93
132 23
234 13
218 85
203 147
259 148
281 72
37 19
267 38
218 161
278 196
209 61
32 9
235 180
144 105
239 202
284 233
267 178
186 153
158 124
215 113
176 103
214 7
63 8
127 6
289 34
296 234
213 69
19 16
167 83
222 182
250 167
194 33
56 3
195 141
200 114
234 169
224 195
283 201
228 67
289 133
190 42
192 70
192 145
263 203
226 158
272 95
229 197
221 59
170 95
202 129
253 37
271 110
170 64
245 173
278 10
214 197
282 29
185 132
277 123
249 35
194 7
240 235
210 185
70 48
135 82
188 49
109 55
166 35
165 85
284 210
212 16
269 76
206 129
230 192
44 42
148 20
127 94
143 74
121 109
289 191
115 44
270 167
205 93
170 131
266 133
212 1
277 203
279 45
231 154
234 226
268 84
215 63
115 81
129 107
271 215
185 97
246 4
214 175
148 55
196 167
257 95
160 62
33 24
203 190
246 13
51 26
281 251
170 103
293 249
133 125
265 221
263 212
163 160
256 14
64 50
104 51
138 115
292 155
200 194
92 47
51 37
123 55
229 192
254 181
267 159
246 211
130 87
226 129
51 10
292 190
99 97
238 75
285 32
51 2
253 77
179 128
165 86
236 228
282 90
75 49
272 178
94 56
256 10
222 91
189 63
122 34
284 184
290 257
113 99
54 21
180 89
117 4
131 42
97 64
284 125
152 113
245 147
90 49
265 35
277 270
211 150
108 18
244 142
297 131
230 66
111 52
76 59
194 3
205 101
164 110
159 76
271 119
74 63
283 122
291 15
154 151
209 132
92 17
172 120
120 79
265 207
191 89
264 26
272 103
211 204
204 194
151 104
232 30
187 137
140 61
295 60
219 162
119 51
152 61
33 1
248 24
173 23
180 60
195 157
259 162
289 51
161 89
288 284
231 111
126 23
212 210
110 76
286 218
265 11
203 149
153 69
71 36
286 18
211 115
141 61
249 242
288 28
222 82
127 70
76 64
196 86
95 6
294 272
255 229
285 140
158 54
143 62
47 34
271 104
176 160
296 124
166 105
220 150
67 4
45 39
212 102
173 125
233 158
264 234
189 180
299 79
145 110
226 59
208 82
181 53
236 187
232 167
282 17
217 167
280 249
240 101
207 88
180 157
224 31
246 210
77 41
183 65
292 15
284 176
259 172
286 195
259 1
196 78
282 121
196 178
186 64
108 43
182 115
153 4
233 217
131 31
270 226
126 39
206 22
124 35
216 195
154 95
282 10
253 208
150 122
268 57
294 87
246 153
120 89
298 244
296 123
299 56
262 145
278 11
63 39
287 257
229 153
185 43
106 96
185 56
286 188
210 41
270 258
253 122
88 5
89 20
104 100
258 48
267 199
237 13
174 98
219 199
180 25
239 18
225 91
280 43
183 53
62 12
157 96
269 195
141 90
281 263
289 24
271 114
187 64
299 14
56 29
217 82
241 159
287 81
153 143
189 163
259 127
256 167
265 177
294 167
241 93
265 66
132 127
102 80
296 112
46 11
136 117
280 53
51 44
284 202
181 16
91 55
225 18
294 51
265 158
245 208
86 13
205 78
168 41
270 170
97 81
140 57
289 247
275 186
294 121
117 105
134 87
277 59
262 226
257 114
278 183
205 190
221 160
296 232
278 181
239 221
45 43
116 112
203 159
58 49
280 232
169 62
207 45
159 114
296 273
269 63
297 98
254 165
98 17
190 19
246 147
232 83
195 179
97 78
221 121
214 117
217 183
166 117
123 74
206 47
238 89
47 6
268 212
231 220
85 1
263 57
219 70
262 201
161 115
29 0
172 102
237 147
122 46
80 38
293 281
70 66
238 2
286 52
297 274
297 196
191 68
33 16
139 100
61 46
217 143
162 11
199 27
222 85
152 150
223 81
116 95
176 147
123 106
54 10
251 118
249 231
127 96
283 11
147 33
263 195
195 146
280 39
207 111
155 19
265 106
263 157
154 110
217 161
244 68
294 246
295 161
103 53
287 175
192 164
299 54
277 140
246 123
43 28
20 13
253 160
170 129
256 150
177 84
72 34
246 238
50 44
286 31
260 202
229 77
104 21
180 124
202 62
150 82
118 43
241 120
95 10
159 7
182 95
210 89
297 81
239 131
298 260
271 269
246 62
163 32
194 107
258 57
187 44
252 122
254 166
251 76
295 59
173 21
189 167
282 205
185 134
282 275
251 150
252 61
73 48
111 80
159 30
282 245
246 65
133 104
292 150
216 113
197 104
176 119
88 61
200 66
297 186
243 194
194 151
220 103
272 25
224 82
107 40
233 19
188 40
69 46
68 10
147 104
172 145
155 146
234 85
156 43
208 151
133 82
280 35
161 4
212 114
268 185
260 76
187 8
201 160
101 29
225 130
258 130
219 156
233 37
254 68
138 124
108 82
144 77
255 205
196 149
277 273
292 234
255 230
105 93
142 99
263 170
246 219
212 10
294 65
245 201
117 62
269 110
119 85
252 103
100 20
131 101
54 53
206 7
190 152
298 20
170 125
290 288
264 141
191 58
296 159
191 48
283 42
251 208
20 0
131 103
173 109
236 47
234 180
138 128
155 35
257 104
162 142
147 56
217 113
163 36
289 201
151 94
121 79
185 57
150 76
289 178
252 73
143 125
162 29
252 140
52 4
256 229
210 163
92 87
190 13
174 36
291 43
258 249
285 82
285 159
276 21
290 167
269 240
204 119
288 154
61 59
283 159
273 232
200 129
175 21
212 87
238 143
207 82
174 68
226 122
253 10
192 111
251 99
183 63
157 129
189 39
207 41
249 227
192 133
254 51
139 107
225 47
258 17
167 67
198 176
239 86
195 134
90 57
188 90
261 190
117 72
106 22
114 52
121 37
257 80
273 186
152 41
202 77
208 99
184 172
275 216
140 59
192 27
184 121
288 61
245 85
198 40
26 14
204 78
214 191
236 180
197 102
269 170
184 47
134 69
272 5
61 13
298 93
121 23
19 1
270 141
275 133
266 148
117 91
246 203
203 3
294 135
213 115
287 26
195 85
282 86
31 11
240 218
180 121
228 196
118 46
217 49
98 27
291 265
259 31
133 110
275 116
153 93
244 122
258 64
278 95
179 35
173 28
298 272
213 42
202 32
286 270
88 7
222 201
273 66
262 153
298 108
251 2
168 157
274 18
219 197
71 23
93 23
71 0
228 98
260 106
295 33
281 243
131 37
257 30
242 87
216 54
207 172
85 82
250 55
149 92
239 59
17 11
252 69
274 123
71 64
237 210
103 39
126 83
283 129
116 27
232 57
184 82
194 160
268 123
124 36
100 59
119 67
256 218
157 137
259 91
145 8
278 251
232 74
271 193
67 53
274 237
285 20
117 65
93 74
296 170
247 161
279 70
177 143
192 127
269 87
275 50
124 49
228 203
111 23
114 84
232 127
165 49
242 226
271 74
268 153
275 274
188 128
263 60
184 15
178 151
231 33
106 30
250 166
284 162
222 92
120 38
293 163
257 152
103 84
267 221
245 123
223 199
85 68
282 160
228 162
146 117
218 71
90 32
208 104
185 103
191 35
264 79
259 142
236 150
120 5
112 107
179 3
118 24
165 152
284 207
225 221
165 100
231 79
158 145
144 40
235 114
36 28
132 109
251 186
204 147
197 105
247 185
262 50
272 39
204 45
121 44
295 40
272 100
168 56
255 52
282 59
89 65
207 50
161 147
57 1
151 113
195 49
88 3
104 10
246 127
190 150
211 84
213 121
205 52
66 17
146 124
277 54
270 74
221 197
166 83
134 125
280 178
264 149
139 108
65 39
230 16
119 112
256 59
281 192
190 148
284 204
215 176
281 129
184 45
223 112
101 20
85 30
257 73
259 12
284 18
249 179
73 42
155 25
134 57
131 102
228 13
165 103
210 48
34 1
298 200
75 65
261 101
246 39
173 166
266 68
232 193
212 2
166 91
101 60
225 147
250 142
282 194
189 109
202 119
174 162
144 59
262 25
271 185
170 144
131 88
137 81
295 83
229 133
92 84
235 87
211 174
268 257
297 110
263 216
84 4
293 2
140 129
145 43
247 228
79 55
299 118
187 73
135 38
202 191
110 44
256 48
231 99
266 103
228 62
213 157
202 159
103 75
109 103
208 206
258 245
230 112
224 106
289 119
278 121
97 0
147 91
237 136
231 190
264 29
188 48
166 70
81 44
223 77
119 96
293 86
148 56
249 150
216 154
249 81
89 2
298 176
139 78
188 164
218 195
127 23
224 37
295 176
266 87
229 152
155 125
161 139
203 88
293 51
184 149
248 108
240 119
293 283
245 12
235 214
243 128
111 55
276 180
62 51
82 75
172 50
291 113
14 7
273 185
225 3
297 102
229 161
81 38
223 57
167 124
279 104
238 60
97 89
89 79
244 78
239 155
150 31
217 142
252 71
295 95
205 74
178 17
73 47
141 32
210 29
182 169
71 44
201 96
198 120
103 96
98 61
90 42
93 11
271 8
216 94
130 9
218 156
160 138
133 3
175 133
206 138
102 29
241 236
122 85
149 69
202 180
291 209
147 84
284 43
244 94
257 196
221 153
274 152
180 37
230 221
248 212
210 192
190 175
275 67
250 159
185 112
291 124
295 291
238 204
164 159
277 10
266 86
254 75
287 0
153 62
143 32
196 85
92 77
269 136
262 5
242 62
113 3
227 72
167 87
202 151
257 52
280 121
265 160
245 244
35 20
74 39
154 149
197 68
58 19
156 117
261 167
120 62
97 73
200 29
221 136
141 73
54 17
111 25
154 109
22 6
267 108
155 5
286 147
265 144
159 60
247 223
277 70
148 67
161 160
32 6
214 78
103 98
233 64
161 109
92 90
81 70
280 116
28 17
230 23
289 106
241 177
133 63
116 54
192 59
209 143
264 20
153 78
238 55
188 170
276 96
121 49
150 1
285 126
204 154
284 55
140 29
196 25
57 0
222 181
144 113
75 57
250 145
245 100
296 23
277 204
223 91
291 77
71 30
68 61
280 76
146 122
281 184
236 82
33 8
143 14
244 183
124 29
238 171
283 74
283 2
206 175
157 134
292 263
214 123
207 12
131 83
293 164
296 249
250 179
108 51
298 78
272 74
293 292
268 228
213 177
239 136
127 125
285 137
285 132
48 7
246 19
273 254
235 111
96 25
180 140
293 121
172 98
179 4
210 5
287 254
261 121
91 10
183 172
243 157
162 49
103 91
76 60
246 5
263 27
185 118
252 52
270 268
273 40
146 115
200 73
157 12
258 42
195 115
277 173
215 79
115 89
275 0
299 286
210 181
103 26
296 204
111 40
290 38
254 204
212 109
206 121
264 42
175 85
144 49
253 7
296 33
256 29
286 163
184 126
28 3
267 112
233 32
246 72
234 125
82 54
248 38
267 155
286 246
225 118
267 121
123 71
163 162
152 135
102 52
296 157
261 226
161 132
296 18
69 1
262 208
47 40
283 106
278 51
243 231
194 50
222 218
231 1
188 14
128 90
241 231
202 139
293 35
106 28
270 157
49 45
275 82
283 48
230 215
224 54
251 65
270 7
215 60
230 67
51 17
95 65
163 99
145 109
168 82
126 7
87 35
131 53
254 45
123 48
268 55
256 79
65 20
293 31
272 41
288 206
105 24
261 4
204 25
188 92
251 36
244 127
236 19
143 41
222 10
182 105
260 181
178 164
173 80
208 113
220 171
237 163
75 55
260 24
149 85
212 136
143 100
55 34
284 16
291 32
282 199
176 51
52 23
275 161
296 191
199 98
287 135
156 100
234 145
228 119
140 110
232 225
119 24
271 216
235 188
43 24
70 58
258 41
130 62
241 8
150 137
294 222
274 101
217 104
249 190
236 166
298 247
222 69
185 58
208 44
288 48
147 65
181 159
180 6
226 181
134 123
223 71
259 153
43 1
119 81
295 175
116 1
271 124
227 67
277 197
187 10
255 145
85 63
289 129
164 133
102 13
250 226
245 23
241 166
281 278
182 3
245 115
227 41
159 55
184 60
129 84
294 60
109 107
187 141
97 30
118 50
247 136
287 262
194 161
114 61
216 135
240 201
219 187
284 140
166 8
230 50
273 24
234 124
41 29
217 188
145 91
186 35
171 47
290 202
108 67
95 57
177 69
55 51
81 30
165 21
285 275
149 42
288 193
289 156
270 204
255 3
133 28
256 165
86 38
125 58
184 124
109 46
271 107
261 73
274 207
46 25
192 60
170 74
269 73
299 44
164 121
70 45
284 153
122 47
266 198
280 276
127 78
266 112
85 53
77 23
209 28
198 11
50 40
255 128
241 220
103 65
249 207
130 19
288 134
214 144
169 121
176 171
248 238
197 181
240 159
79 64
239 27
298 151
163 144
139 7
288 245
175 33
103 3
277 5
221 217
222 34
221 144
128 92
251 178
200 14
193 168
255 190
92 79
208 30
221 95
203 116
198 132
188 30
283 203
226 69
177 140
172 133
198 70
183 24
271 121
208 57
