100 300 240 2500
80 26
49 14
85 23
94 71
69 54
31 3
38 3
87 13
18 11
88 84
88 51
93 57
27 10
80 78
96 88
82 16
53 38
49 18
36 13
77 47
56 35
74 54
29 14
68 40
49 9
63 29
79 59
58 34
95 8
97 24
80 8
43 9
97 27
67 44
79 41
86 16
99 44
50 44
78 50
83 43
12 0
37 6
81 28
95 28
81 38
79 55
15 1
95 70
88 72
23 17
50 43
51 36
98 11
96 63
99 9
20 12
53 8
54 10
70 56
85 26
28 9
28 11
17 5
86 69
94 27
38 37
38 14
8 5
56 6
60 4
7 4
40 1
38 7
57 41
74 7
29 28
33 14
62 4
23 2
51 39
49 17
50 47
49 46
74 28
76 33
9 8
78 55
77 52
96 75
74 57
66 60
58 14
73 32
90 16
61 5
33 27
65 15
68 1
73 2
43 5
33 8
66 6
83 68
45 33
64 28
79 56
91 15
90 44
36 8
90 63
63 25
10 3
11 6
32 10
90 61
12 1
82 62
37 21
90 1
47 15
91 90
99 45
87 86
40 19
73 8
90 41
54 17
82 79
77 64
82 40
65 32
40 2
64 47
83 4
97 96
50 15
45 12
95 22
65 42
62 7
85 80
98 4
89 87
39 28
61 1
87 30
90 75
49 25
89 24
64 20
88 27
72 25
72 57
98 37
75 74
18 8
90 73
67 9
99 36
84 19
59 55
16 15
61 43
82 45
52 19
39 4
24 0
39 29
29 8
91 2
66 7
97 77
68 34
86 79
61 42
99 30
71 29
61 28
67 31
28 4
77 12
77 69
26 21
94 34
83 65
52 11
16 1
94 29
77 33
88 64
60 46
99 78
77 15
96 84
84 45
99 75
12 4
38 1
36 35
93 59
42 40
65 14
11 5
96 26
75 6
92 76
61 14
55 27
86 28
84 56
90 15
49 26
60 50
24 3
47 7
96 4
28 25
10 0
47 13
62 35
70 52
53 17
44 42
13 5
69 29
57 37
84 44
81 37
88 86
35 11
66 4
95 73
66 49
96 78
42 1
64 32
36 21
31 12
62 55
85 65
30 16
78 8
78 30
89 62
32 15
59 9
76 8
82 20
79 40
87 23
64 23
42 34
39 18
93 92
76 51
49 29
55 0
32 11
94 41
51 11
68 23
96 6
81 52
82 44
52 27
37 11
72 14
57 19
87 47
63 39
90 70
14 4
27 19
46 12
88 32
56 38
71 68
70 69
89 85
70 9
46 22
76 56
74 1
43 34
25 17
48 42
60 28
79 31
76 52
83 29
92 20
87 77
43 14
77 50
81 2
60 9
46 31
66 16
44 38
93 81
197 53
156 93
81 9
214 208
201 183
217 121
230 180
81 60
221 194
222 128
145 62
209 191
99 44
90 58
141 136
161 65
216 43
136 92
135 115
174 60
117 60
220 155
208 207
164 111
198 73
21 1
167 32
171 148
210 48
207 87
118 104
163 95
200 162
135 39
115 80
237 124
208 153
219 212
139 77
234 28
176 117
124 93
226 15
220 81
117 14
203 139
200 37
219 79
163 63
153 102
116 87
133 125
89 39
119 55
183 163
209 66
209 102
198 148
142 6
111 28
82 66
136 13
156 98
117 20
208 97
100 98
176 85
235 98
55 21
217 115
142 97
151 47
142 116
174 107
206 36
89 61
220 64
209 2
37 0
111 59
129 82
190 151
223 31
213 1
225 85
230 177
76 43
164 107
21 3
134 92
195 154
220 54
117 80
151 12
236 172
144 128
81 33
67 25
34 29
225 63
110 89
62 20
215 181
231 13
106 71
185 86
181 48
143 4
217 129
236 30
65 8
156 56
135 89
172 63
134 132
103 97
200 170
229 36
179 6
192 132
65 17
188 185
82 73
168 90
104 63
176 60
200 133
164 85
196 68
129 4
162 131
206 94
199 171
36 5
235 140
43 42
231 61
231 159
239 90
167 156
139 81
93 47
93 1
201 73
219 179
145 94
111 15
150 10
142 139
197 176
195 177
196 193
200 105
186 63
221 193
190 141
106 84
191 121
210 94
111 4
147 38
148 11
234 184
188 53
158 144
203 122
133 90
158 128
94 22
237 142
160 119
134 57
87 37
76 72
164 104
236 6
183 36
193 48
187 107
68 21
208 152
151 109
50 32
43 23
220 77
188 67
194 20
170 131
235 234
217 84
211 95
217 27
174 122
132 85
218 109
151 23
182 161
167 62
126 75
121 4
176 92
231 192
106 25
207 145
236 165
158 103
111 10
137 122
197 114
238 150
207 105
166 13
144 95
129 25
185 178
87 32
81 27
135 7
230 22
229 63
154 102
68 40
35 8
196 5
230 44
195 149
138 95
58 1
163 124
84 38
114 38
180 31
213 70
93 64
116 62
50 1
158 130
135 23
221 71
67 34
167 76
124 95
216 204
99 9
236 214
93 74
226 190
209 104
129 83
239 88
231 204
131 55
235 227
149 117
174 68
178 55
68 36
84 72
186 7
175 130
227 14
156 68
161 61
227 201
222 133
53 37
148 43
172 6
77 31
229 56
220 3
170 102
94 39
124 77
141 36
97 78
149 103
130 122
98 24
147 7
230 167
234 129
185 96
201 77
194 176
231 181
181 169
200 2
31 2
140 130
76 13
226 66
175 46
235 192
163 23
188 153
205 56
211 131
126 17
113 85
81 72
89 38
219 19
120 15
122 8
220 120
233 0
213 133
216 211
124 51
128 25
90 70
189 14
232 106
203 29
169 119
136 88
96 10
170 140
126 72
178 49
211 41
203 37
171 107
237 118
173 155
159 111
211 98
237 202
117 82
178 96
120 47
174 121
143 3
33 8
194 63
104 8
210 123
224 174
231 168
59 14
96 8
217 39
133 127
81 44
126 111
151 92
156 130
133 74
80 14
231 33
193 122
6 0
223 61
196 89
115 63
100 77
163 79
135 88
69 63
185 147
217 152
131 69
140 107
136 46
225 193
121 64
40 16
211 119
213 191
119 101
145 6
193 150
171 110
239 168
125 116
117 65
37 7
221 154
230 64
236 164
167 100
99 26
94 7
87 5
203 55
130 100
220 162
157 104
207 60
179 149
177 74
223 220
223 4
148 81
98 92
31 26
94 9
218 170
43 24
47 42
155 52
194 119
179 116
106 66
143 48
108 5
197 138
225 144
190 52
233 79
77 11
217 54
140 2
213 132
166 158
235 182
211 76
203 42
231 40
179 58
62 49
228 141
194 170
219 161
127 11
190 73
158 78
193 135
185 142
42 26
33 23
150 126
165 101
208 47
209 49
193 117
159 86
226 12
77 67
214 9
113 5
138 49
167 41
210 28
187 54
199 182
148 27
136 120
239 182
73 22
172 105
234 177
167 14
103 68
237 16
234 212
141 2
232 190
174 8
182 176
171 74
171 17
126 13
181 18
192 153
149 65
237 228
62 2
206 125
233 212
210 156
228 62
201 109
159 105
169 132
56 55
156 92
191 38
2 1
170 42
224 157
164 103
220 204
172 41
24 5
137 6
39 18
175 55
118 90
96 52
57 0
193 31
236 173
45 29
232 57
97 96
203 116
212 203
208 69
197 181
178 128
175 3
226 98
214 85
202 22
191 58
116 71
109 105
79 38
24 0
83 32
80 29
198 136
199 85
109 25
79 75
164 2
99 34
124 60
152 123
73 50
106 82
167 71
136 93
140 113
197 94
207 184
237 52
225 129
78 27
217 116
145 15
192 113
228 22
159 21
212 88
143 42
182 106
238 172
220 190
124 2
144 18
122 57
203 44
234 156
181 57
167 57
213 203
104 76
131 67
224 195
189 179
81 36
235 120
219 163
94 1
181 178
227 133
194 45
228 103
179 37
177 173
192 1
226 121
233 142
172 10
191 188
140 39
214 88
219 218
187 91
239 158
174 133
239 187
231 138
219 126
202 147
97 40
156 65
138 56
215 113
140 42
229 137
150 74
231 31
194 180
75 61
204 12
196 155
172 103
181 70
144 59
133 51
167 83
102 24
200 107
60 20
162 103
193 99
125 47
133 25
39 24
224 222
38 0
60 27
132 105
155 152
153 111
163 77
214 135
229 93
45 30
143 85
81 38
133 68
217 150
177 13
50 22
158 2
120 114
180 97
158 32
48 26
192 93
203 180
239 16
117 37
105 1
191 148
183 140
158 114
62 58
225 49
133 58
107 106
111 19
239 220
227 92
181 40
86 15
30 0
100 52
226 215
124 96
168 89
228 200
168 100
94 67
156 95
176 0
227 27
46 20
226 78
216 4
61 32
32 17
169 55
181 52
129 69
73 11
85 75
180 38
134 118
211 106
170 14
133 44
115 28
223 53
195 144
187 175
113 42
183 62
90 40
226 82
203 151
176 66
202 5
82 63
206 154
144 52
25 14
236 18
108 0
158 3
210 14
214 72
159 75
95 65
140 101
107 103
206 178
175 15
223 184
147 112
184 22
209 33
212 131
135 129
144 66
206 55
157 107
209 78
200 19
176 17
94 33
190 153
188 183
208 92
195 127
192 120
41 9
190 171
154 106
226 164
82 22
216 173
113 80
207 178
236 110
213 189
224 215
189 75
97 89
191 101
101 56
100 58
104 66
189 154
43 21
205 94
149 82
169 124
106 24
224 167
220 140
46 45
214 157
194 17
180 169
204 40
237 71
99 96
22 13
100 42
38 8
110 17
140 62
148 59
115 2
200 33
37 5
112 67
217 58
151 3
198 33
34 6
161 29
208 148
78 74
208 110
86 68
130 69
220 197
73 49
26 16
80 17
154 107
100 21
172 25
202 122
200 40
181 134
135 92
171 76
213 112
83 45
202 44
83 78
114 107
173 168
236 129
204 87
84 60
102 68
196 79
208 57
221 167
181 103
175 69
82 15
92 56
184 161
45 27
225 213
232 199
196 125
156 43
116 77
228 179
228 206
141 77
143 53
213 80
170 0
206 133
132 60
234 37
180 95
108 73
215 148
150 110
121 36
60 52
97 92
110 9
215 4
190 98
187 116
78 7
129 7
174 53
73 25
178 107
221 141
158 44
104 14
165 56
238 169
206 146
186 47
151 104
173 89
203 130
67 1
13 4
163 21
175 14
125 114
102 65
175 13
198 61
68 47
236 23
41 1
14 1
82 58
124 116
88 84
87 42
213 197
217 130
102 88
208 49
88 40
176 40
62 57
206 159
186 125
202 181
163 149
107 22
224 161
109 34
224 163
172 122
152 5
228 157
172 54
165 39
121 71
186 57
107 93
65 35
101 39
211 154
203 8
154 17
110 83
47 15
214 132
227 204
69 31
201 46
220 205
98 36
199 103
228 215
212 28
236 127
134 46
218 124
231 217
221 62
192 151
160 136
97 84
174 24
167 3
156 108
188 146
89 63
155 150
185 26
221 130
71 31
170 47
197 44
175 51
206 85
88 82
91 81
182 72
151 149
224 170
120 62
53 36
67 11
81 20
126 30
172 61
219 33
160 55
72 69
130 119
171 54
155 69
45 36
122 18
144 55
191 120
157 103
230 213
222 166
98 84
147 144
202 73
182 24
152 34
188 187
227 18
237 191
218 53
180 43
227 106
85 16
78 8
239 23
133 46
229 201
224 188
196 167
29 24
224 55
186 61
139 99
98 18
86 60
239 63
208 3
203 10
89 54
89 51
101 86
184 160
140 27
187 5
41 26
193 21
143 131
221 159
192 116
150 128
218 57
210 207
211 59
237 190
95 20
163 161
125 59
128 1
28 12
76 70
79 14
66 44
81 13
232 215
234 157
224 175
125 45
116 86
210 120
184 134
233 113
235 67
153 75
180 29
145 16
95 60
169 62
86 33
77 25
205 108
40 32
88 46
145 26
81 1
218 168
139 3
221 174
143 49
67 37
193 89
84 43
159 102
226 200
138 53
168 91
216 131
217 22
195 20
228 199
80 2
170 122
112 91
85 79
91 84
172 123
11 3
18 8
149 142
160 78
144 20
49 14
216 15
186 159
184 18
175 6
132 46
175 174
69 50
205 66
134 74
67 7
120 21
232 116
111 70
238 96
238 211
234 78
223 115
232 51
80 41
197 18
161 116
231 186
66 65
124 57
101 46
235 80
210 5
23 19
205 86
154 80
103 55
137 32
181 122
126 102
180 82
162 19
23 16
198 130
190 123
154 118
184 29
125 79
232 71
204 109
187 40
44 4
36 4
113 17
79 28
185 3
85 29
201 74
189 126
43 19
234 222
152 48
163 68
119 84
36 7
79 13
238 62
142 10
131 46
238 9
127 96
217 179
220 21
213 136
156 133
166 157
67 53
94 89
238 217
166 143
198 197
47 23
223 21
196 101
90 7
40 9
238 204
149 69
164 74
65 0
95 73
97 86
134 78
197 88
39 20
209 103
15 6
201 23
113 63
133 66
215 24
77 62
139 76
233 187
184 27
226 125
227 8
140 56
174 35
197 103
74 33
107 70
207 138
151 61
188 165
189 187
201 33
172 98
198 36
169 7
165 3
202 145
198 175
181 66
217 201
110 58
86 56
108 29
182 58
106 52
201 19
229 225
218 74
86 23
166 15
54 8
197 117
153 132
43 13
94 54
161 99
189 174
202 33
235 183
166 103
167 51
105 83
60 39
197 159
225 182
170 163
170 143
23 20
130 105
223 196
28 22
181 56
114 102
131 53
209 79
147 59
85 83
110 4
175 63
12 8
140 100
163 127
103 44
85 62
66 20
138 111
43 7
212 109
236 73
236 7
130 4
233 78
233 11
195 71
218 84
193 15
118 83
205 159
190 44
220 167
164 34
214 47
229 16
209 179
91 72
128 44
135 20
228 8
98 7
139 0
149 86
163 87
222 187
226 149
123 97
198 83
238 111
208 129
92 82
223 130
178 37
118 61
202 195
208 39
138 92
52 43
236 65
222 43
239 153
231 213
86 9
211 129
205 204
151 114
120 58
238 201
74 54
75 62
129 19
191 115
183 142
221 209
212 164
117 19
130 29
152 126
211 136
181 156
225 36
77 71
192 149
237 164
105 42
113 2
107 20
48 42
164 99
123 23
189 40
166 74
36 26
71 65
88 56
204 15
156 51
223 163
228 88
169 26
220 201
179 49
146 16
186 168
195 38
225 223
217 66
121 22
236 40
180 150
96 87
69 5
234 91
187 145
177 4
78 48
176 3
160 99
165 62
181 101
182 54
92 61
198 8
105 89
220 41
101 93
124 47
232 29
110 43
79 60
207 143
185 154
185 17
123 43
189 114
220 42
60 2
13 1
223 140
86 1
236 175
170 38
214 127
132 41
93 85
30 1
203 133
201 42
150 92
233 162
155 94
183 20
180 62
220 101
160 101
112 22
97 69
59 24
224 107
236 10
61 42
115 7
151 54
181 160
224 73
155 117
176 22
227 123
179 9
232 99
103 19
94 51
227 139
211 74
214 49
208 199
156 16
197 5
123 41
120 11
221 27
107 5
236 133
229 74
227 77
154 122
158 138
220 95
171 38
58 6
231 68
107 27
122 103
81 2
15 11
105 30
186 70
223 90
225 99
192 185
45 23
64 4
115 41
188 28
182 57
114 62
154 20
119 82
226 203
118 10
176 65
138 69
194 56
215 123
76 3
196 164
168 88
80 25
136 98
144 120
188 127
143 108
235 28
202 105
187 174
195 63
184 102
178 122
239 178
81 54
124 88
151 43
201 90
152 73
222 112
82 48
147 78
193 68
61 17
90 11
127 52
187 61
132 59
182 40
156 141
233 216
161 102
199 164
118 86
145 39
112 50
198 57
152 101
231 164
125 25
239 176
193 0
214 12
206 184
227 137
189 12
220 147
102 63
218 179
122 52
212 102
205 126
188 132
181 20
121 9
228 105
204 178
147 94
83 44
48 39
192 6
181 83
148 19
142 115
131 61
83 53
138 101
144 7
154 26
221 177
227 13
99 82
195 21
153 73
211 174
117 15
64 60
212 9
224 95
138 29
148 51
223 79
223 100
208 109
232 138
52 26
112 19
235 185
150 95
203 81
177 38
124 12
51 20
203 126
92 19
198 147
194 13
194 40
165 134
180 176
229 14
91 74
103 26
168 19
233 46
91 87
100 27
170 108
193 38
212 133
153 98
180 170
126 39
221 173
94 8
140 55
80 37
168 110
84 42
149 137
138 32
95 22
195 27
203 190
100 2
180 81
112 56
121 42
210 193
196 192
184 44
182 31
123 85
220 30
159 95
231 219
191 154
130 99
155 87
85 14
230 65
79 12
213 69
63 48
167 72
179 111
179 143
152 56
80 20
158 66
218 173
160 103
184 26
85 8
228 41
44 21
98 39
184 68
190 176
110 56
134 38
230 120
237 136
135 51
52 31
25 12
185 136
66 45
23 0
224 132
161 52
114 74
180 23
129 96
214 63
87 30
165 95
122 110
67 9
159 155
206 123
65 51
162 55
218 161
213 116
208 64
196 166
73 59
71 24
176 99
137 132
66 36
226 214
215 195
165 138
121 49
100 64
160 61
178 139
229 23
105 17
153 104
160 9
24 19
149 27
147 133
217 46
212 75
80 21
95 55
158 15
195 60
235 119
218 203
118 46
100 10
206 114
141 21
167 159
127 97
206 11
217 205
177 82
128 62
140 59
110 29
233 199
89 3
74 12
121 63
127 44
119 60
156 71
112 82
26 6
136 84
182 85
208 32
219 147
83 41
231 139
212 134
120 92
207 88
37 21
170 68
210 79
214 136
188 63
111 34
217 77
186 78
180 162
218 77
219 136
73 65
20 1
171 102
136 102
105 74
64 26
197 59
172 116
193 77
77 60
129 87
225 167
221 104
167 87
230 50
57 7
183 135
79 26
156 55
91 14
85 52
141 138
163 85
42 5
194 25
215 50
220 43
193 8
188 118
176 74
5 4
87 3
128 14
132 128
79 3
150 124
148 54
140 5
118 103
203 118
221 57
232 129
201 13
236 82
223 149
124 66
148 102
167 124
189 106
157 65
169 59
221 63
174 76
110 51
139 71
180 35
87 76
209 9
133 72
194 42
140 88
41 33
225 115
96 18
217 119
184 41
205 155
60 47
201 158
228 120
212 46
96 74
188 91
215 77
125 123
195 12
146 122
149 79
181 112
118 66
227 162
132 18
201 120
194 64
204 192
230 6
229 203
186 48
213 76
139 137
209 97
189 169
236 217
134 52
227 95
1 0
168 83
216 120
78 33
35 18
139 136
230 172
194 130
206 37
96 16
124 29
238 100
225 107
119 62
186 110
220 159
67 14
210 119
111 60
148 48
81 40
209 89
45 24
59 3
220 192
67 45
228 72
193 104
230 91
193 33
115 16
53 30
149 91
203 22
201 169
179 153
133 62
97 90
134 107
177 147
226 84
229 200
205 127
239 114
154 50
236 77
220 88
58 30
146 141
195 183
192 78
175 49
104 65
201 190
27 26
56 36
79 49
216 152
130 63
110 50
75 64
199 14
190 33
210 37
235 201
232 22
182 157
33 32
95 79
114 72
68 31
235 220
172 102
59 28
126 46
230 222
108 85
204 196
41 30
175 62
116 113
193 189
196 67
33 18
39 36
126 36
124 34
224 118
174 105
235 96
232 164
64 16
123 99
139 120
180 52
151 134
227 69
221 74
154 19
155 5
170 74
75 17
109 45
224 198
222 30
237 86
189 168
173 69
141 62
226 131
189 163
230 196
162 77
177 110
120 42
157 1
222 90
177 95
116 106
229 165
152 58
109 27
113 99
123 52
235 74
136 67
227 110
170 144
89 1
135 54
111 9
149 92
77 41
204 22
208 55
131 93
150 98
226 55
110 99
121 16
144 102
194 156
128 66
135 127
200 164
202 63
194 177
122 83
181 157
43 33
95 15
171 0
228 121
200 118
70 0
178 153
177 17
142 23
236 81
163 2
222 38
204 52
226 31
177 124
199 77
150 34
210 198
55 20
204 1
222 87
199 87
122 79
148 122
125 12
189 64
154 113
153 147
49 7
217 191
204 187
227 214
119 41
138 89
54 42
155 127
183 124
198 192
145 42
32 26
102 64
99 93
83 42
229 52
202 16
220 163
222 213
122 12
204 43
62 42
205 196
71 44
180 107
176 1
57 39
158 119
211 159
60 14
143 38
94 37
152 128
97 26
235 231
26 7
187 48
128 5
191 117
184 137
195 136
93 19
175 86
197 130
237 40
31 24
155 41
194 162
145 89
236 20
169 155
160 118
194 164
173 126
80 62
112 27
220 138
201 61
212 120
197 163
218 122
155 137
174 29
198 108
166 142
229 97
112 70
118 113
140 32
120 16
205 19
86 28
124 67
166 46
205 99
223 17
224 34
131 62
186 153
232 226
168 80
192 165
115 110
188 48
201 133
191 139
49 33
207 90
212 110
51 5
178 120
172 144
197 36
101 67
140 52
164 109
157 75
55 46
155 48
163 52
127 90
235 137
147 11
147 41
215 32
172 109
77 27
130 23
178 110
161 23
239 34
194 117
141 35
75 18
157 83
140 73
188 170
212 190
80 5
167 33
60 35
219 16
211 61
215 186
218 186
64 45
151 44
202 104
225 138
51 46
234 115
27 8
87 70
170 34
206 197
239 189
157 151
180 59
89 47
186 170
136 9
226 77
173 149
198 92
213 53
159 76
146 40
110 87
105 55
231 107
77 73
103 79
98 45
154 21
26 21
217 163
236 32
150 115
63 41
231 189
188 115
209 144
91 52
218 202
99 92
226 62
161 73
150 144
134 61
120 89
186 31
214 31
238 231
182 17
196 63
169 23
121 1
202 47
42 14
170 5
123 8
67 54
223 125
218 20
217 90
202 161
202 9
216 154
209 186
234 49
87 50
236 189
127 7
153 96
190 21
224 155
215 179
184 165
138 134
178 1
39 17
146 99
161 1
47 31
188 19
91 26
84 81
151 141
5 0
85 21
195 70
220 7
233 200
204 59
181 76
162 72
221 117
169 160
210 19
195 152
148 77
42 41
138 54
115 96
96 69
155 92
124 111
159 52
90 72
92 14
104 16
223 27
152 124
211 96
126 119
63 57
100 46
96 64
224 99
188 162
63 13
139 132
229 110
171 87
225 30
207 51
211 29
126 67
204 124
188 186
148 9
158 152
156 151
169 0
231 193
199 195
159 108
231 116
236 233
222 177
220 17
170 16
169 37
211 160
54 19
196 118
169 31
194 61
58 27
157 12
210 104
135 123
145 115
217 50
186 79
224 189
127 34
133 95
129 18
176 26
122 80
28 18
228 178
195 115
133 128
209 7
166 78
188 42
142 49
203 112
215 82
201 10
214 37
200 88
214 99
230 207
238 76
123 38
191 129
85 53
177 52
156 41
30 12
148 95
210 167
219 201
112 46
215 99
172 101
181 137
61 21
232 125
218 159
75 50
145 13
121 80
234 27
214 178
167 88
189 99
230 86
218 67
187 154
102 10
60 13
157 56
210 53
115 8
135 81
104 84
179 136
231 98
204 17
186 154
198 44
198 59
192 97
163 139
141 90
143 11
165 50
235 197
208 0
152 91
176 115
82 80
221 32
54 34
221 142
195 91
227 170
110 5
234 35
29 7
177 62
235 232
89 34
239 1
125 53
95 82
125 83
136 8
187 85
135 60
187 164
211 42
169 79
228 10
26 5
181 8
192 55
181 82
124 103
218 215
103 32
197 106
196 23
83 59
91 82
194 35
100 23
234 2
185 43
95 32
84 12
203 119
227 113
119 70
213 186
124 4
158 30
49 24
229 138
193 159
29 25
109 6
111 87
143 135
111 24
202 41
14 12
223 208
189 81
100 0
54 40
178 14
201 50
107 43
144 64
237 88
78 17
182 16
235 160
165 156
186 182
125 61
60 41
143 55
221 47
75 70
202 34
104 39
73 39
169 42
54 48
228 101
212 32
210 162
28 4
198 2
50 10
232 173
171 160
123 56
143 63
82 20
234 198
187 118
174 46
233 207
217 155
216 35
220 174
119 9
154 44
81 56
218 118
162 152
79 18
116 36
121 117
50 29
25 3
58 41
210 160
52 23
62 55
227 210
92 84
156 0
189 43
127 87
131 85
119 35
121 51
115 73
134 80
122 41
78 29
154 49
111 26
239 15
193 103
199 79
47 33
201 153
52 12
216 183
158 54
180 129
222 111
5 2
131 7
177 160
227 199
233 3
221 147
192 47
197 184
91 34
201 128
181 142
186 28
194 82
211 67
65 30
179 94
136 65
186 54
53 34
91 75
238 54
20 16
223 16
218 206
228 19
199 175
207 74
165 136
127 48
111 88
218 113
141 55
174 134
218 216
220 127
66 35
109 19
209 0
84 30
233 65
144 139
212 8
189 2
198 119
216 203
185 183
182 152
84 57
162 119
215 162
115 9
198 4
215 168
130 30
223 165
213 49
223 195
168 73
149 130
135 119
172 87
96 32
227 172
232 115
139 55
155 68
132 31
191 25
65 55
121 114
174 6
69 55
222 127
71 19
214 65
70 57
192 159
154 100
239 195
80 31
46 14
114 53
186 9
191 35
226 124
206 68
110 84
158 131
168 118
146 85
226 207
108 16
146 118
174 139
229 122
122 91
