320 960 320 2500
297 201
227 68
85 23
247 220
303 75
317 115
192 112
240 208
233 87
256 7
313 273
315 310
27 10
248 13
232 139
257 107
242 10
132 15
200 23
181 92
254 104
122 7
218 42
68 40
316 78
63 29
281 67
209 109
311 41
264 103
118 104
313 248
253 134
67 44
190 149
86 16
306 236
316 209
78 50
208 149
279 96
174 18
81 28
160 150
307 284
164 2
210 83
304 263
88 72
23 17
252 212
51 36
162 137
308 31
130 16
220 36
270 32
114 33
315 193
158 148
161 6
220 63
133 68
274 106
258 50
101 78
38 14
271 236
175 116
237 189
165 109
267 183
173 128
57 41
170 88
261 42
281 27
283 191
227 18
311 305
238 132
50 47
158 101
116 46
306 289
292 124
299 148
203 44
96 75
289 282
268 222
232 121
73 32
289 202
134 129
266 118
212 62
68 1
188 120
181 156
244 34
107 49
202 107
209 64
143 50
291 113
259 99
90 44
317 219
274 257
308 262
265 78
292 218
314 68
90 61
291 270
82 62
177 14
142 141
270 189
167 9
187 156
128 84
296 265
264 160
262 50
218 119
301 98
126 20
144 108
295 25
262 74
259 64
303 91
300 237
164 82
269 20
317 169
313 235
221 52
85 80
142 62
104 6
316 110
177 112
166 26
235 101
278 188
260 237
182 13
292 43
319 170
72 57
98 37
157 9
252 115
90 73
240 120
99 36
197 149
276 246
290 280
262 202
124 123
271 175
310 75
245 99
133 65
315 228
91 2
117 95
222 129
313 1
244 90
61 42
185 35
71 29
286 283
116 115
306 292
313 253
299 137
186 164
177 102
299 46
191 148
175 123
276 120
266 184
204 27
194 154
130 110
187 176
243 135
182 106
219 130
197 140
213 126
208 96
217 95
272 17
65 14
260 255
315 257
144 45
259 100
213 98
172 19
86 28
196 133
133 112
278 151
249 193
145 144
273 109
267 1
316 75
130 54
206 144
270 62
151 145
125 72
142 96
268 61
239 238
156 139
107 86
153 54
310 193
233 219
304 55
95 73
66 49
259 92
179 112
199 99
145 120
318 209
296 108
225 27
198 63
304 3
317 232
110 26
305 273
285 223
252 88
216 187
160 132
128 61
165 9
217 30
269 245
319 168
291 212
194 98
275 269
190 37
205 203
316 122
68 23
209 77
301 246
215 123
52 27
188 135
286 153
57 19
232 54
284 18
319 198
276 253
265 256
270 215
261 61
314 121
259 155
317 77
139 107
280 61
301 215
159 44
102 42
310 218
258 143
201 99
230 148
283 157
315 249
144 64
158 14
168 65
230 85
138 123
115 30
161 127
192 181
211 5
299 147
256 25
242 56
200 91
126 59
175 30
258 166
238 131
314 237
225 223
242 226
250 77
151 105
190 101
218 71
172 130
228 71
234 192
312 9
270 169
233 106
250 165
127 104
246 53
216 176
309 261
286 240
178 100
303 223
282 100
150 15
184 13
38 34
22 17
123 2
300 276
20 13
273 262
141 37
115 53
253 218
72 63
314 140
308 244
240 86
215 64
272 3
167 149
136 58
212 101
263 57
318 58
182 3
250 54
85 42
107 45
78 24
116 56
118 66
218 102
281 109
306 223
132 63
235 125
287 230
304 74
254 7
308 224
110 87
319 312
317 259
177 143
258 127
228 133
266 262
208 102
179 157
142 81
275 218
195 179
76 3
312 115
162 135
188 178
317 76
266 194
262 28
184 33
319 256
19 0
217 56
295 20
34 19
302 47
145 142
315 143
42 27
42 29
214 64
187 89
72 64
282 216
129 55
231 45
277 180
163 4
248 211
190 64
309 184
223 165
266 89
186 156
290 268
256 20
194 16
293 32
309 211
26 11
285 148
107 72
298 90
202 49
303 166
194 95
186 33
246 70
206 90
81 54
136 74
125 12
267 28
150 46
226 99
166 142
152 83
266 17
145 96
262 155
296 166
68 15
261 258
209 21
310 65
231 54
109 60
149 123
300 227
218 100
216 61
218 11
277 14
264 13
216 202
186 44
298 280
284 133
193 43
140 14
254 215
295 59
290 33
213 110
273 147
223 155
254 35
271 240
311 21
311 107
116 44
69 23
276 121
254 46
247 72
113 57
221 86
23 18
222 193
56 5
299 87
126 95
303 200
300 222
231 174
247 239
256 214
316 220
196 61
222 0
207 36
240 198
285 159
158 154
220 169
280 123
162 45
155 111
106 40
270 103
233 20
308 253
254 196
234 127
218 211
299 232
195 193
216 20
217 0
88 17
217 18
25 6
304 288
72 28
88 40
289 166
106 75
278 46
225 167
217 116
303 4
260 90
236 203
46 15
160 158
184 29
186 71
270 151
65 34
313 53
232 90
192 130
124 106
138 79
186 185
276 249
192 1
46 42
170 83
89 53
154 113
187 70
286 258
195 68
283 54
109 23
306 94
166 118
271 239
292 212
244 68
304 31
236 11
146 14
195 152
279 118
311 302
154 147
310 122
84 6
285 27
279 115
252 18
92 83
69 47
162 144
251 107
76 44
246 8
41 1
312 36
75 35
127 120
218 17
244 131
133 116
196 39
313 260
289 105
103 37
153 112
80 74
231 36
312 172
224 138
81 22
212 87
135 25
140 64
178 113
275 95
151 12
130 113
309 147
285 172
217 123
227 57
251 77
174 170
164 47
119 95
264 39
280 235
311 301
294 30
303 50
286 205
172 4
105 14
108 83
207 100
301 124
260 132
230 206
312 267
137 50
139 64
202 97
229 200
131 114
274 123
230 224
216 81
272 115
200 104
315 280
210 24
227 146
237 101
198 92
124 114
301 206
209 107
262 67
213 71
258 94
156 31
306 192
112 20
37 7
150 59
318 12
239 100
131 80
183 65
292 261
205 184
156 120
106 84
272 215
289 140
293 0
179 75
269 196
276 157
260 170
131 118
186 29
291 157
191 166
180 3
229 192
251 67
254 176
148 76
247 151
292 3
298 283
273 115
276 135
105 31
269 211
216 62
267 26
318 252
264 216
167 92
233 123
309 74
168 92
294 12
278 219
296 237
182 63
136 5
76 31
238 104
205 66
225 113
205 133
310 294
200 126
190 137
315 167
134 127
109 57
307 109
309 284
251 240
184 105
104 57
236 88
114 34
170 5
221 87
216 193
266 214
154 122
82 58
296 276
278 9
129 36
207 47
144 39
305 242
207 148
152 150
226 184
69 37
268 232
130 8
297 139
246 165
163 34
319 37
175 131
205 51
203 23
164 4
179 10
87 56
149 118
174 89
233 215
262 71
294 217
175 93
308 229
202 165
41 0
250 11
266 64
168 166
155 105
213 138
281 61
266 2
237 235
229 142
266 109
164 29
262 183
192 136
152 97
132 114
168 18
148 130
228 142
258 101
300 247
124 74
250 90
227 217
186 157
292 77
277 177
233 47
15 4
109 102
296 189
141 22
268 169
123 70
287 39
264 114
296 38
258 248
297 288
88 14
261 129
250 242
222 37
211 180
237 46
178 80
212 94
104 29
77 48
194 52
179 82
240 52
124 119
199 5
68 19
229 72
116 59
302 136
285 39
290 258
256 129
136 124
270 265
140 68
299 223
270 220
266 159
273 65
202 163
247 2
155 5
301 283
134 101
130 101
260 218
315 103
200 39
100 3
309 275
245 95
316 312
85 55
299 123
234 168
308 51
226 23
298 263
184 39
301 209
279 78
168 149
147 75
252 246
274 264
227 182
27 4
248 208
169 49
294 3
281 181
171 95
139 1
317 86
221 17
256 43
203 65
76 68
200 61
296 32
161 144
164 57
228 9
222 112
288 55
315 160
82 4
74 47
315 69
309 132
318 293
314 20
212 193
225 71
163 16
179 78
284 275
219 158
93 10
250 228
80 9
313 20
228 33
206 103
292 170
307 292
112 48
117 11
193 188
202 148
241 169
158 81
245 244
284 123
226 170
247 157
89 37
285 111
270 181
244 113
143 54
209 74
239 38
291 53
160 157
228 51
274 57
287 84
282 245
121 81
160 119
279 176
273 172
164 115
300 299
289 44
256 143
311 108
158 115
289 193
253 243
250 241
276 23
303 128
210 134
36 27
17 13
294 274
305 269
307 148
114 73
208 34
188 34
106 54
77 31
165 63
163 27
238 188
202 157
140 7
257 54
150 129
205 47
173 14
205 123
309 112
26 15
188 158
245 128
216 189
282 250
179 3
204 43
159 36
276 1
230 99
204 169
112 61
172 151
317 52
298 64
240 48
66 19
242 133
271 36
285 180
306 152
316 5
248 192
254 75
140 51
104 91
182 131
175 7
295 165
166 153
248 22
250 117
244 243
92 62
243 42
287 239
160 116
250 101
278 262
180 111
283 179
316 211
215 200
111 66
236 36
281 32
135 131
227 35
317 152
35 5
180 170
215 136
269 140
235 109
130 123
78 32
178 42
100 54
255 175
257 51
304 279
212 103
315 187
282 164
104 28
86 8
267 202
126 100
280 268
170 43
214 89
224 156
192 52
203 196
167 52
226 102
202 44
319 9
239 187
170 30
308 60
196 142
91 9
224 165
105 17
272 97
32 10
129 20
137 117
270 54
170 51
265 125
286 70
192 160
245 15
172 133
222 59
126 10
230 156
258 57
107 43
215 191
123 94
264 44
249 146
95 72
316 200
303 154
235 3
259 87
167 122
256 169
239 177
282 155
216 27
211 183
275 158
294 229
238 12
316 282
172 6
147 28
207 19
195 94
88 61
169 132
243 104
289 126
261 105
239 38
218 75
199 173
217 36
255 76
228 82
171 81
266 35
140 36
89 67
165 117
279 131
175 112
243 44
296 14
51 19
135 48
200 120
193 162
311 131
260 83
284 154
232 100
241 125
75 71
22 6
290 16
74 30
182 113
194 147
282 17
234 62
145 78
265 185
120 7
132 2
277 36
165 17
152 16
266 137
203 0
116 3
316 147
212 188
206 16
74 44
300 43
316 21
293 52
201 154
274 148
175 43
206 27
287 172
63 7
266 76
222 143
232 117
292 111
184 58
255 97
291 51
153 49
215 139
243 102
189 84
307 163
313 210
251 204
301 275
290 284
205 90
147 13
170 58
296 236
208 159
212 198
168 150
223 210
280 260
217 184
294 85
175 25
272 234
123 40
179 31
315 23
245 58
305 4
202 42
259 136
167 78
305 201
290 78
51 25
206 156
93 89
286 14
180 137
215 96
285 268
208 97
147 103
319 134
195 22
159 75
230 147
230 49
240 51
227 184
294 207
293 189
204 167
230 160
158 154
149 77
271 191
236 218
143 16
214 162
192 185
261 106
193 43
310 13
303 199
144 96
210 190
256 206
58 21
84 10
281 146
231 153
307 111
281 127
168 154
289 98
118 104
225 176
170 74
302 22
237 10
280 220
284 182
288 101
306 203
263 182
235 200
266 109
232 225
243 208
202 200
200 62
198 126
235 222
120 63
300 150
276 171
306 71
214 52
176 163
247 210
273 226
218 146
271 41
291 98
149 58
229 15
162 105
229 189
303 43
190 121
225 107
263 254
216 78
136 25
263 52
23 11
251 33
53 19
176 107
252 219
263 235
163 73
184 125
184 1
100 4
190 83
130 112
183 182
226 75
199 118
303 248
289 38
280 270
237 26
215 22
305 106
202 89
129 54
276 147
309 60
296 16
172 4
310 30
295 265
290 59
211 23
281 57
118 20
260 133
271 196
272 147
282 54
122 92
187 155
201 89
195 47
306 56
137 37
289 21
76 36
286 159
113 41
135 119
28 20
247 196
131 106
237 190
290 95
110 23
265 247
303 164
319 255
317 206
46 20
176 99
191 13
185 127
136 52
96 14
203 72
255 150
143 72
311 151
301 21
241 46
264 17
263 90
263 207
114 81
255 109
290 125
265 197
285 209
72 25
219 196
283 236
250 135
192 67
78 36
57 43
260 178
58 25
269 218
287 274
191 35
24 1
282 227
50 4
69 30
193 178
292 209
258 2
278 31
185 182
119 12
100 63
241 238
243 99
208 195
64 31
293 228
294 177
318 301
95 60
158 117
216 148
215 147
196 92
183 13
207 99
178 81
228 80
144 0
155 77
299 20
313 304
170 44
277 126
147 78
234 31
281 173
278 196
263 165
223 207
176 71
264 260
203 37
119 98
301 86
243 27
245 162
89 4
68 42
282 69
300 106
254 234
316 269
278 99
202 55
258 221
202 119
317 243
226 105
235 146
205 2
99 59
253 139
247 25
233 58
252 203
272 239
229 38
284 159
167 23
119 96
318 316
177 90
280 262
131 43
234 125
164 156
24 2
318 30
80 41
263 246
242 129
215 133
72 2
317 2
100 85
303 159
309 303
267 85
249 127
77 59
306 235
244 18
284 26
311 157
244 232
289 41
252 166
195 177
208 158
167 116
303 245
173 92
121 3
236 133
192 7
276 176
276 21
261 226
304 283
223 125
104 74
199 187
166 121
200 158
197 98
248 84
191 64
212 201
132 4
109 53
281 18
248 73
226 171
163 102
196 3
199 2
231 39
285 114
291 87
82 71
273 22
294 66
299 5
249 105
313 255
255 140
81 72
304 134
200 147
209 178
122 17
311 222
75 48
290 98
224 103
210 173
319 10
205 38
195 25
154 66
295 28
165 121
128 5
305 239
79 78
292 193
262 219
261 224
51 34
242 230
193 76
318 295
149 94
300 179
94 5
109 6
295 159
304 214
52 31
294 54
279 74
285 30
247 245
66 32
261 133
274 43
254 136
207 170
176 36
105 96
273 182
269 172
263 9
269 254
42 27
144 82
178 69
204 157
284 28
270 1
232 19
229 34
192 85
224 181
259 145
201 30
161 73
273 103
139 89
298 292
311 242
187 9
117 97
85 41
305 17
69 0
268 66
210 208
315 50
211 179
238 207
240 145
168 151
125 26
227 8
107 1
73 72
67 12
142 107
292 115
100 29
302 182
219 53
211 207
301 213
22 4
260 204
98 51
210 47
172 82
94 73
231 189
261 171
224 6
48 22
222 4
259 230
315 70
143 127
294 219
96 26
261 154
193 142
259 91
265 148
280 199
190 154
287 169
230 52
120 72
266 263
262 245
190 137
167 21
311 34
237 62
93 77
165 77
29 10
234 170
297 294
112 111
276 159
243 188
319 39
243 4
99 57
257 183
101 26
307 262
245 90
44 24
297 68
308 25
201 103
156 78
126 24
173 84
185 117
289 124
300 61
93 76
245 205
144 98
307 131
230 216
309 82
209 8
305 272
143 32
210 104
142 36
301 162
284 160
25 2
266 164
290 26
255 87
262 246
276 248
283 245
288 105
253 205
285 255
114 83
268 213
219 24
261 14
284 207
256 197
281 140
303 149
238 180
318 100
291 255
108 59
250 21
294 222
227 199
263 171
132 79
306 234
230 154
44 43
66 55
134 88
214 49
210 28
300 2
283 229
241 98
250 202
277 264
62 43
174 9
161 32
107 21
309 20
140 113
316 167
175 48
301 209
311 95
262 167
277 153
284 137
215 189
264 6
251 73
290 216
180 177
314 188
192 120
240 90
172 162
286 115
190 177
260 134
281 264
255 84
260 128
258 204
226 163
266 142
144 106
221 79
280 266
262 180
284 33
111 34
197 118
266 83
203 31
313 132
228 53
51 12
313 240
256 79
279 30
107 84
274 47
300 62
195 39
258 29
226 41
302 292
103 94
291 129
213 66
310 255
226 212
201 146
274 171
297 41
284 269
315 16
257 103
249 158
242 204
290 263
91 44
284 184
156 82
224 185
205 75
34 18
105 30
200 94
288 88
263 245
138 114
91 64
243 52
310 196
251 24
308 176
145 82
257 119
208 129
244 101
204 66
100 20
247 48
136 37
188 135
261 13
12 1
307 129
274 156
244 119
141 135
115 75
174 137
270 217
237 185
172 155
301 24
186 169
260 56
153 37
112 50
177 53
180 64
228 175
203 169
227 152
264 239
253 206
223 126
195 69
201 148
209 108
305 233
270 166
148 110
302 120
219 49
245 146
250 167
284 59
206 17
228 131
142 50
148 95
146 17
122 104
312 238
313 294
216 50
214 53
295 38
254 83
156 75
223 44
194 142
208 172
15 14
288 192
233 0
212 104
198 82
176 103
296 190
95 37
165 134
296 60
269 83
178 84
220 174
207 203
258 207
116 74
221 132
195 159
80 66
260 78
227 95
285 161
263 73
281 48
315 179
228 6
307 112
312 130
179 69
128 55
257 33
222 192
158 77
128 4
229 163
156 152
201 171
304 244
231 222
302 44
222 151
309 120
242 5
254 105
141 97
282 37
43 34
203 102
198 149
296 261
237 186
157 119
128 68
179 0
259 125
314 131
161 67
38 5
267 61
201 147
235 102
226 144
117 94
297 219
291 207
222 108
93 86
301 41
286 193
169 50
76 52
169 109
89 11
299 234
184 26
241 72
269 152
219 160
318 94
119 26
201 76
277 12
161 114
245 126
310 45
229 16
178 54
87 51
214 208
136 129
229 18
243 141
290 180
305 121
223 7
224 213
246 27
283 4
279 129
156 106
185 165
233 169
56 28
221 43
315 2
96 34
227 37
181 119
240 98
181 31
307 80
282 9
304 303
112 56
295 145
215 7
93 33
90 74
46 29
304 74
290 121
254 38
54 27
219 36
244 151
192 41
308 76
150 34
241 178
260 117
113 62
213 128
281 178
224 12
284 179
169 123
305 15
216 186
312 285
123 118
236 215
292 261
244 44
135 111
197 90
116 35
265 180
250 150
274 131
282 35
294 2
194 6
187 126
314 176
54 46
308 113
94 51
208 21
82 81
278 227
290 255
145 23
158 75
55 53
285 141
68 23
130 65
92 46
220 155
270 92
116 16
294 62
295 235
155 109
315 87
187 132
80 22
243 145
261 39
279 216
111 97
251 119
194 75
278 273
247 47
172 95
102 99
187 70
300 138
259 104
79 47
317 190
266 145
302 179
106 72
137 93
260 116
156 111
181 126
211 34
249 97
90 78
304 106
186 136
181 110
307 283
49 6
146 102
233 8
280 64
257 201
119 36
262 106
246 47
281 235
139 83
166 43
227 149
112 91
102 61
272 142
226 45
137 12
110 70
53 7
174 120
220 188
190 126
279 124
230 23
96 62
217 118
268 102
193 5
311 168
257 6
208 68
152 52
229 96
234 132
299 177
225 196
159 14
248 209
295 258
148 102
28 24
262 30
206 187
256 221
266 50
181 127
237 188
122 85
143 109
317 105
309 70
284 261
110 3
272 59
66 50
176 164
145 59
150 52
146 25
175 143
158 84
82 9
28 21
241 111
102 51
212 185
284 212
170 101
64 55
250 44
247 34
19 8
170 109
192 167
103 2
151 71
243 21
186 126
180 5
205 191
277 199
80 0
200 14
294 12
247 41
82 73
180 158
315 254
313 119
187 73
141 114
220 60
239 13
146 63
155 98
145 58
297 176
251 169
306 176
272 201
260 0
256 184
229 87
235 126
239 5
244 112
180 84
111 82
251 97
218 192
240 183
207 163
268 6
191 40
206 81
208 124
318 78
314 75
289 173
215 137
145 107
124 56
261 114
259 120
157 152
268 22
254 8
270 218
179 66
217 63
266 144
198 70
267 110
220 42
171 44
269 2
219 69
310 294
269 153
272 60
313 144
249 65
277 188
205 129
212 125
195 89
236 85
6 5
310 81
216 163
139 108
266 259
277 44
241 163
277 107
185 87
304 129
241 54
244 210
236 63
268 17
79 23
233 22
247 120
246 89
247 170
267 129
89 74
219 95
287 118
252 134
285 216
144 133
269 128
227 77
268 159
298 140
160 146
109 19
196 183
171 82
298 45
150 62
256 190
221 188
244 9
131 24
240 184
288 246
141 65
167 65
233 143
145 45
289 222
235 68
130 59
115 27
276 18
312 141
198 95
168 16
76 55
187 125
222 43
319 222
183 75
221 218
307 182
289 149
213 184
317 293
157 67
117 68
238 229
300 209
272 216
270 24
158 149
258 142
315 189
173 10
301 67
158 123
144 78
221 78
238 216
64 52
282 90
245 27
276 23
193 10
172 42
294 265
107 32
270 108
102 35
142 88
163 95
144 90
183 81
244 231
218 174
245 67
243 101
169 15
171 118
103 21
299 204
243 15
122 14
46 19
313 312
218 118
99 64
80 10
227 105
101 40
283 144
305 75
276 62
173 2
60 39
200 176
20 8
277 80
219 172
231 145
142 23
230 214
133 101
278 24
283 242
293 78
206 73
266 152
262 84
289 80
285 92
172 128
310 274
185 114
124 1
256 116
209 63
98 53
261 176
33 27
66 5
143 20
180 52
164 103
204 154
80 70
220 200
199 157
270 97
281 205
296 208
302 167
222 25
248 20
169 23
234 117
314 280
226 57
189 56
25 15
216 150
296 74
279 66
207 86
242 105
55 26
224 23
180 11
313 274
299 179
217 172
128 23
281 160
172 145
112 22
221 105
275 184
188 108
123 4
278 47
97 28
265 86
288 245
292 254
301 68
178 50
134 94
248 151
57 25
193 57
175 30
284 172
166 141
269 7
94 4
191 99
163 6
277 149
297 238
228 186
297 64
202 61
307 154
286 61
31 5
240 154
257 213
122 121
308 138
203 87
285 21
282 85
199 100
58 41
225 73
195 56
272 75
133 21
296 128
301 93
278 135
199 68
268 37
302 139
256 255
271 126
104 55
254 232
207 14
270 67
247 73
243 24
270 31
208 29
192 170
251 203
208 107
314 215
197 174
158 76
233 69
104 54
42 37
291 190
198 98
311 10
253 151
114 16
310 288
285 243
148 60
237 202
263 204
238 53
309 188
307 103
261 25
191 48
311 139
208 19
147 74
42 21
234 151
26 8
97 89
128 64
40 39
246 3
135 36
198 36
256 55
168 29
224 139
159 115
203 179
160 81
298 119
251 239
173 71
230 109
274 187
106 22
240 148
149 87
296 29
269 23
246 203
175 16
197 134
217 146
303 160
156 20
283 130
102 60
166 63
124 35
138 65
303 21
40 25
269 48
266 93
209 154
197 65
268 64
144 60
105 66
252 1
56 44
186 143
277 161
153 100
278 108
257 225
37 20
168 147
262 192
72 11
303 238
266 121
256 20
237 49
74 33
208 170
92 38
128 37
187 55
154 48
260 161
230 65
185 12
147 32
312 98
243 156
285 206
252 163
305 111
249 75
268 5
80 33
215 162
230 169
318 309
276 50
184 121
241 25
194 93
319 265
311 191
294 115
143 132
180 32
267 193
290 5
231 8
150 63
284 9
116 111
264 80
284 169
114 109
43 41
59 30
189 158
265 91
270 50
231 138
285 223
126 113
36 7
191 101
310 3
158 78
276 268
92 84
162 50
149 21
161 72
116 38
310 85
51 40
272 187
193 96
221 71
319 6
266 226
50 13
292 133
305 7
194 107
284 156
155 64
165 7
312 18
174 39
274 207
31 20
203 120
216 125
267 77
283 17
192 142
252 74
114 89
319 86
297 93
232 202
300 83
112 32
137 30
208 109
201 55
189 172
278 248
172 65
120 50
138 124
300 219
262 220
140 79
268 100
122 53
305 28
164 84
269 131
109 86
267 93
280 176
256 87
228 38
272 12
269 20
241 45
234 74
125 63
319 185
310 306
184 144
255 236
119 69
262 39
237 176
127 20
178 120
180 148
49 41
102 94
204 3
287 24
214 106
183 138
250 43
214 213
273 269
207 6
207 152
101 21
257 216
307 67
231 206
146 41
290 83
208 166
113 27
245 215
319 179
221 69
289 72
291 59
270 8
201 198
142 70
222 193
152 76
218 196
85 54
211 10
226 197
241 177
221 185
247 56
32 8
56 39
72 61
183 132
246 138
89 23
131 126
304 29
298 283
306 143
135 94
311 229
316 117
200 40
176 150
305 84
210 39
200 63
59 7
263 154
195 32
68 66
248 182
149 146
160 126
251 5
304 269
175 174
154 86
283 205
295 98
310 70
313 280
165 54
193 145
269 180
169 21
300 76
313 100
277 98
272 167
265 96
202 110
311 153
139 20
75 63
215 142
188 119
51 0
208 101
319 303
314 85
279 104
145 110
61 16
248 36
151 57
258 126
241 14
86 31
270 65
315 92
116 9
205 103
234 158
236 43
114 42
263 135
120 33
175 113
292 291
256 240
227 138
318 184
232 161
108 55
156 54
209 150
226 190
54 5
149 111
183 105
103 80
252 186
232 92
165 137
290 2
81 39
190 4
283 55
255 16
52 16
181 21
114 0
265 29
292 60
159 107
220 111
305 64
316 130
242 221
254 128
247 50
288 148
316 230
111 47
211 13
319 91
138 12
233 57
197 77
139 85
79 64
288 203
237 151
158 4
272 117
316 205
253 179
183 16
126 124
142 61
287 195
222 38
197 157
189 188
178 131
124 28
146 5
232 149
135 128
178 29
106 19
292 22
211 153
214 164
254 194
290 110
316 82
264 117
307 274
279 195
183 168
118 12
159 29
264 181
95 22
220 185
261 31
265 248
209 121
314 49
199 13
122 35
214 74
269 211
193 134
140 139
194 1
79 29
147 98
291 236
178 177
207 78
217 55
182 159
142 69
256 35
207 156
218 127
266 207
271 248
282 10
276 160
17 10
232 162
168 55
219 56
136 94
220 143
236 69
175 12
286 110
196 155
252 195
270 204
119 52
266 177
231 95
238 183
313 156
277 152
315 122
158 100
313 266
167 153
196 120
187 181
170 131
179 63
216 97
51 39
184 139
274 9
170 158
311 91
105 48
300 204
310 218
160 6
226 104
276 234
176 100
283 196
45 16
111 102
267 190
163 152
310 296
201 192
259 229
316 113
233 74
290 69
14 5
14 1
246 146
304 58
227 206
241 6
191 132
38 33
184 169
162 30
275 270
191 123
201 48
98 91
285 194
227 10
82 35
210 35
306 160
90 67
318 154
195 97
107 66
183 79
286 93
257 27
218 95
62 46
299 130
219 215
255 229
259 112
274 68
295 289
142 67
258 257
229 169
65 34
226 220
96 53
122 29
161 65
41 17
282 163
55 23
60 32
306 302
232 135
290 75
83 52
239 92
248 179
222 191
269 95
205 96
220 81
285 260
192 13
318 255
257 49
276 5
317 280
211 32
293 104
101 15
164 116
243 202
241 93
318 293
264 201
142 65
288 198
294 201
195 40
230 116
129 46
139 81
163 61
305 53
225 49
281 211
212 177
127 53
240 67
314 32
215 140
168 125
256 214
314 21
282 12
225 3
311 303
248 143
92 68
308 271
237 15
238 87
248 147
190 88
300 159
209 172
142 29
316 54
294 129
18 6
120 65
197 55
129 16
318 277
116 101
145 36
151 113
137 34
239 100
216 24
83 26
242 127
154 74
269 0
244 33
256 21
306 45
219 111
192 134
178 103
69 1
194 176
69 29
250 70
303 44
190 123
294 233
226 178
227 222
259 254
183 70
70 55
57 0
188 63
230 153
299 89
279 190
97 36
316 206
181 113
294 275
297 112
41 1
234 64
209 144
148 81
301 187
314 260
247 147
165 149
163 52
163 46
274 191
318 122
277 265
98 49
289 160
223 135
289 235
286 82
225 124
55 45
255 218
273 205
217 117
180 9
309 189
201 13
133 4
222 121
302 12
131 47
156 0
286 234
89 5
232 201
214 57
218 116
271 92
167 163
275 27
311 142
162 81
273 34
54 19
275 235
261 137
283 71
123 37
138 99
292 29
247 69
70 56
200 106
67 13
112 1
225 102
237 51
176 136
139 50
280 104
234 94
270 145
93 81
190 129
296 192
314 174
195 154
273 123
303 194
143 47
245 200
142 138
96 77
276 64
74 57
94 11
279 60
170 85
92 9
312 5
204 91
275 102
143 36
32 7
174 70
318 185
282 26
175 0
221 8
264 107
221 100
199 91
257 17
311 291
248 194
252 31
286 35
88 75
295 247
319 251
176 162
91 15
196 194
244 186
287 58
167 53
115 1
108 81
95 57
214 60
308 92
297 90
142 113
206 205
311 75
87 83
303 91
182 152
240 230
157 78
66 25
126 66
258 81
292 199
163 160
318 117
188 83
291 281
229 57
223 221
258 212
47 29
274 204
234 6
182 9
212 179
134 29
136 132
175 68
276 247
308 262
191 32
288 243
315 100
157 35
191 152
225 10
115 33
276 44
197 122
317 123
143 113
52 45
199 105
220 54
292 43
263 127
267 141
294 8
199 35
254 241
115 17
136 65
148 50
266 220
247 153
270 72
150 102
243 180
310 103
82 27
300 266
217 97
239 127
101 83
228 139
298 143
296 294
132 0
141 22
277 125
150 87
92 47
286 173
308 26
67 40
225 2
244 114
234 155
256 243
257 74
282 44
99 91
258 173
131 64
65 20
178 36
277 231
255 41
113 88
130 97
234 149
191 134
318 241
244 224
295 137
136 72
306 187
218 142
287 190
247 126
271 269
316 11
275 218
178 101
300 53
204 174
313 5
255 56
305 90
77 67
293 183
280 218
82 31
278 36
140 123
155 48
4 0
304 127
148 12
90 59
216 15
264 218
103 22
235 22
139 23
175 50
287 131
242 33
137 59
96 39
172 18
313 89
116 11
140 71
267 103
195 63
276 225
279 154
283 8
119 91
222 29
309 106
188 43
202 29
243 161
56 0
266 141
202 22
186 109
299 281
303 275
286 142
300 248
160 124
200 61
260 63
189 92
163 97
229 79
242 62
198 0
278 13
274 244
140 57
294 82
293 134
233 214
248 231
231 49
270 122
218 122
193 112
166 164
180 6
317 108
243 23
266 62
94 49
221 15
291 287
159 126
300 107
95 51
215 199
254 90
235 78
222 201
302 244
194 92
158 108
204 40
305 43
155 74
78 3
220 86
165 128
306 146
207 149
173 43
186 130
182 19
116 30
276 119
269 100
203 178
124 82
287 244
178 44
176 80
171 167
257 238
120 34
243 64
232 200
126 35
300 0
158 95
79 16
313 106
300 4
304 100
175 111
260 44
239 60
179 53
262 201
302 196
166 135
206 88
317 48
176 53
58 32
237 228
295 230
132 54
286 189
161 139
168 64
245 120
160 28
271 239
283 263
186 118
203 74
214 41
210 87
232 121
244 109
218 126
123 56
180 104
213 177
317 159
183 90
167 80
245 110
37 30
303 45
214 23
124 13
311 250
39 4
117 93
315 37
256 85
280 159
41 10
85 0
290 178
90 2
139 68
289 77
269 262
56 45
238 69
306 295
148 24
171 169
183 164
188 80
126 25
299 133
108 78
49 28
245 154
272 1
66 57
178 31
304 30
301 245
216 172
254 207
313 289
142 106
276 175
278 221
175 18
176 22
265 174
186 77
113 11
255 68
280 26
310 277
221 163
219 74
220 3
308 197
200 123
83 67
273 53
197 108
197 48
180 169
84 77
319 213
225 146
263 214
214 3
227 137
246 191
188 157
203 149
258 190
224 17
260 188
89 31
256 131
313 13
276 48
65 21
317 164
235 140
79 30
103 43
263 1
286 249
250 181
265 1
241 171
272 102
138 128
187 16
235 133
100 43
