460 1380 300 2500
297 201
227 68
411 402
424 380
446 371
317 115
192 112
365 353
233 87
256 7
313 273
315 310
27 10
408 132
447 413
372 292
423 136
327 27
200 23
181 92
384 63
122 7
218 42
68 40
316 78
453 325
384 301
209 109
311 41
264 103
380 210
324 87
253 134
67 44
391 369
86 16
457 440
390 278
78 50
208 149
279 96
174 18
81 28
437 11
307 284
429 288
210 83
389 350
442 180
23 17
455 370
51 36
357 345
308 31
340 216
430 196
376 152
443 323
426 294
450 441
393 113
220 63
133 68
274 106
258 50
101 78
445 391
322 270
175 116
380 349
165 109
267 183
342 192
57 41
340 45
261 42
281 27
364 106
401 211
311 305
238 132
50 47
389 354
359 17
306 289
292 124
447 94
203 44
429 251
400 110
435 276
402 354
73 32
289 202
134 129
266 118
374 6
68 1
438 351
181 156
244 34
328 13
363 64
347 272
457 310
291 113
259 99
346 106
317 219
274 257
349 168
265 78
402 77
314 68
378 366
408 20
439 2
177 14
432 123
270 189
167 9
436 292
128 84
296 265
445 339
336 328
446 38
301 98
126 20
144 108
295 25
262 74
259 64
303 91
420 172
164 82
415 56
317 169
313 235
342 299
447 271
142 62
104 6
378 188
177 112
166 26
235 101
423 94
260 237
182 13
292 43
319 170
387 135
98 37
401 21
252 115
90 73
240 120
427 56
371 237
276 246
387 369
375 275
459 273
377 179
310 75
245 99
321 316
431 29
91 2
117 95
344 269
313 1
244 90
61 42
185 35
71 29
286 283
453 289
306 292
313 253
299 137
383 7
332 123
444 153
433 280
175 123
276 120
353 242
369 7
366 125
130 110
187 176
322 228
182 106
437 243
339 190
328 232
208 96
217 95
336 56
65 14
343 338
321 136
416 7
400 78
435 208
172 19
368 25
432 76
366 86
363 80
375 362
459 153
273 109
444 405
325 25
130 54
206 144
446 217
387 357
384 336
376 4
379 248
388 116
156 139
456 9
458 118
310 193
233 219
304 55
95 73
66 49
418 396
347 194
199 99
145 120
448 403
360 293
225 27
198 63
333 286
317 232
110 26
438 388
285 223
252 88
344 331
160 132
128 61
434 26
217 30
269 245
357 351
378 132
361 111
365 358
190 37
205 203
358 222
68 23
209 77
357 147
215 123
52 27
429 168
286 153
57 19
421 303
322 112
358 51
276 253
265 256
270 215
261 61
314 121
259 155
398 285
139 107
280 61
301 215
420 370
102 42
310 218
258 143
326 93
326 274
283 157
415 152
144 64
158 14
425 222
230 85
138 123
451 243
377 72
192 181
211 5
362 185
378 239
242 56
434 172
381 62
438 204
258 166
238 131
395 141
432 290
242 226
349 297
151 105
377 190
373 83
370 176
326 117
234 192
321 292
348 288
340 233
350 4
329 137
246 53
216 176
309 261
286 240
178 100
303 223
384 192
440 34
333 261
38 34
22 17
347 274
300 276
20 13
416 411
358 243
393 290
253 218
402 258
314 140
395 198
240 86
346 304
272 3
372 237
136 58
335 238
402 106
318 58
182 3
250 54
351 274
107 45
435 8
411 365
420 246
218 102
374 295
362 120
132 63
424 383
429 194
304 74
442 273
422 376
340 158
411 155
317 259
412 346
365 323
439 230
390 107
444 88
179 157
406 186
372 113
195 179
442 96
436 111
366 8
188 178
317 76
266 194
262 28
435 285
319 256
381 9
217 56
335 219
34 19
334 170
145 142
404 47
341 312
42 29
372 180
187 89
412 172
458 209
427 122
231 45
456 0
413 289
443 276
190 64
320 135
223 165
369 346
186 156
290 268
256 20
449 281
293 32
309 211
441 305
405 264
457 316
298 90
421 319
414 39
454 390
363 238
246 70
391 341
424 399
136 74
125 12
441 301
150 46
436 316
344 30
152 83
424 307
402 148
384 315
296 166
425 291
261 258
360 125
310 65
407 334
337 333
407 317
343 304
218 100
216 61
218 11
277 14
368 105
323 44
362 170
396 286
284 133
193 43
396 111
254 215
333 125
412 181
213 110
404 99
383 336
339 105
427 270
311 21
432 23
333 255
69 23
276 121
406 16
247 72
113 57
221 86
338 334
222 193
426 210
341 282
339 157
303 200
300 222
231 174
247 239
415 120
316 220
453 103
454 439
351 24
336 96
285 159
158 154
220 169
280 123
321 97
417 186
414 60
270 103
233 20
308 253
254 196
234 127
372 281
449 359
195 193
216 20
352 302
386 166
409 245
25 6
304 288
72 28
368 39
289 166
452 27
278 46
327 98
367 237
303 4
334 159
236 203
323 147
160 158
184 29
186 71
403 3
341 108
374 226
232 90
388 308
124 106
138 79
354 57
384 162
417 395
402 69
170 83
415 113
154 113
368 85
410 134
402 387
368 92
423 299
306 94
406 296
271 239
292 212
244 68
426 319
236 11
370 227
195 152
422 339
429 418
447 133
427 240
84 6
364 124
279 115
252 18
454 333
69 47
328 240
415 162
76 44
350 262
41 1
312 36
75 35
127 120
420 235
244 131
133 116
438 172
382 37
289 105
361 95
153 112
80 74
391 169
312 172
224 138
81 22
419 268
414 14
361 328
436 114
455 94
151 12
373 323
309 147
421 365
217 123
387 270
251 77
174 170
346 280
119 95
264 39
280 235
436 9
294 30
303 50
409 96
172 4
105 14
328 5
207 100
401 109
445 28
230 206
422 55
331 121
139 64
435 267
229 200
131 114
274 123
230 224
407 286
386 270
200 104
393 81
363 339
417 296
237 101
198 92
124 114
301 206
457 105
262 67
213 71
430 309
392 322
306 192
442 176
398 117
343 104
346 196
239 100
334 31
444 415
292 261
373 351
384 229
438 12
272 215
381 253
395 354
364 54
448 415
403 337
333 155
131 118
400 371
362 84
191 166
434 20
326 63
373 126
254 176
148 76
247 151
292 3
446 417
453 145
276 135
409 364
372 133
383 101
267 26
318 252
264 216
167 92
322 2
349 278
168 92
392 275
278 219
296 237
412 150
400 169
419 285
430 357
369 64
453 165
379 346
432 185
451 59
190 137
315 167
444 281
109 57
307 109
446 167
251 240
184 105
453 308
396 32
392 389
170 5
371 134
216 193
382 318
154 122
423 164
358 335
411 12
129 36
207 47
333 249
452 216
340 295
444 90
332 163
325 78
395 173
130 8
409 54
437 394
456 380
319 37
175 131
205 51
203 23
164 4
383 379
87 56
149 118
438 293
349 207
262 71
426 200
175 93
308 229
345 317
41 0
363 361
266 64
168 166
155 105
213 138
281 61
266 2
237 235
229 142
266 109
345 300
422 265
459 313
381 231
132 114
409 204
367 235
379 360
386 252
418 263
124 74
250 90
227 217
186 157
433 418
277 177
455 118
15 4
434 274
423 135
141 22
408 92
123 70
374 106
264 114
370 280
364 296
451 204
439 424
445 189
250 242
337 302
451 216
237 46
344 327
321 3
457 343
437 122
416 52
179 82
240 52
124 119
322 114
68 19
229 72
320 191
302 136
285 39
386 274
389 72
136 124
270 265
359 33
343 156
446 352
266 159
365 348
395 79
375 179
364 240
441 177
321 290
130 101
260 218
315 103
443 178
100 3
309 275
369 33
397 248
85 55
365 257
409 395
308 51
420 287
298 263
458 64
367 280
363 203
445 48
338 127
374 59
274 264
227 182
429 8
248 208
364 218
375 233
405 330
171 95
445 383
317 86
459 70
256 43
415 372
76 68
200 61
348 305
323 76
325 295
448 405
394 45
324 35
315 160
82 4
429 379
326 182
371 144
426 370
434 247
363 242
225 71
386 110
404 118
421 398
219 158
376 213
250 228
80 9
330 136
441 8
427 410
439 310
307 292
112 48
117 11
448 298
202 148
434 278
409 25
449 427
409 347
226 170
247 157
89 37
285 111
430 21
244 113
381 293
363 334
239 38
392 162
160 157
334 15
417 40
287 84
349 326
342 101
449 287
433 396
368 10
361 177
344 133
289 44
431 378
311 108
436 125
335 44
253 243
397 194
398 180
303 128
210 134
408 113
400 287
294 274
432 216
422 194
114 73
329 107
188 34
408 308
77 31
165 63
430 156
337 191
202 157
140 7
387 9
150 129
205 47
173 14
205 123
444 390
366 167
188 158
335 161
339 180
282 250
353 15
339 213
325 210
435 92
326 155
204 169
112 61
172 151
357 241
322 171
423 151
66 19
322 263
385 106
365 165
357 238
339 150
455 303
254 75
449 179
405 332
182 131
175 7
397 12
342 323
288 239
418 279
214 178
111 88
214 2
258 216
366 353
265 117
244 231
457 421
216 105
284 100
375 369
148 128
245 0
378 91
346 45
381 349
309 106
404 92
381 333
418 325
421 267
279 238
353 254
423 11
414 302
368 290
410 73
332 65
304 170
393 28
359 37
253 100
265 250
404 316
186 177
349 228
158 25
345 227
75 47
288 79
234 221
401 293
318 270
300 203
206 180
317 275
410 231
359 216
288 99
204 40
418 12
227 188
271 131
404 205
264 179
214 25
429 26
361 93
366 135
291 236
222 52
319 221
424 310
322 165
257 61
385 145
285 61
214 3
178 32
432 44
155 53
299 77
316 156
128 39
93 45
429 355
418 181
406 176
250 230
364 45
286 56
417 351
393 203
308 60
386 174
436 346
371 201
428 147
271 1
235 86
135 120
375 244
396 7
294 91
365 297
256 165
355 17
393 30
187 30
408 138
455 190
121 100
256 104
279 119
270 186
303 208
356 46
411 219
164 98
306 286
235 18
377 220
270 216
361 36
319 124
440 300
457 301
45 18
389 185
244 32
345 130
337 81
362 35
290 115
280 167
403 197
448 170
276 263
387 260
456 390
362 325
209 90
92 53
360 251
237 78
346 20
128 26
355 325
331 5
308 139
224 133
163 53
20 5
109 45
245 58
318 201
109 1
391 48
386 217
455 352
246 101
227 158
424 401
259 148
286 144
398 26
191 112
222 146
291 99
323 221
140 81
230 108
323 47
167 129
258 105
389 99
259 52
231 19
275 20
399 240
403 142
215 196
178 81
453 444
203 2
333 276
395 251
75 70
199 91
413 114
328 9
419 59
240 127
444 297
304 277
384 280
341 273
381 89
104 27
230 191
365 27
371 242
210 190
410 272
127 94
418 274
449 368
385 107
174 139
371 232
316 187
332 71
432 291
326 300
128 48
358 2
455 306
314 73
286 105
450 339
360 63
445 399
126 23
387 109
97 38
381 44
230 14
392 130
190 46
271 219
421 146
106 73
451 443
264 224
362 222
163 148
395 333
259 154
308 125
321 147
128 58
236 80
229 87
306 296
451 273
246 55
456 135
401 50
296 252
414 129
365 18
122 32
451 412
338 141
378 240
427 334
142 55
189 122
361 72
336 183
307 35
274 156
336 127
459 281
431 253
339 119
433 133
374 243
456 28
328 10
263 61
367 282
440 331
210 188
457 167
363 222
250 0
457 204
191 40
422 132
200 14
452 285
327 275
435 301
220 8
285 3
177 175
385 260
297 18
400 71
156 75
413 178
361 202
353 149
367 181
68 38
179 36
229 102
385 133
242 186
184 130
170 10
234 138
391 272
326 262
458 261
402 275
319 177
270 87
377 308
154 33
454 393
364 134
122 90
284 107
277 75
179 72
220 211
446 16
98 25
186 132
434 294
264 187
381 40
385 33
416 229
452 250
113 103
415 136
448 308
265 6
172 148
355 112
195 42
245 223
423 163
163 0
393 134
427 267
266 179
264 165
415 99
317 210
398 156
325 181
437 387
374 77
365 184
205 89
456 116
322 203
411 210
421 276
398 92
181 0
170 74
276 84
342 174
96 76
277 235
189 145
373 229
357 231
434 429
408 192
448 124
302 140
134 18
322 136
341 107
223 64
426 236
317 281
159 39
449 222
358 223
330 203
421 257
86 78
384 13
320 25
44 1
236 55
448 4
345 294
336 333
289 102
350 28
272 173
428 423
142 52
265 132
429 58
75 53
115 26
339 125
212 203
279 120
291 13
302 250
322 279
281 195
315 242
429 407
246 177
392 126
259 223
414 229
357 168
348 89
459 296
364 277
322 24
96 14
293 161
129 78
320 22
342 41
75 11
424 324
182 41
385 256
381 235
296 206
193 171
51 7
421 340
277 209
266 95
277 262
179 156
238 2
217 15
250 38
297 150
214 183
276 18
206 18
241 138
223 41
131 54
264 61
143 113
202 51
178 0
202 75
207 101
131 88
130 114
288 91
292 197
109 99
215 192
217 86
279 209
178 43
70 21
211 2
238 83
227 167
184 53
173 6
136 70
128 126
211 13
223 15
252 246
245 144
95 1
94 3
184 141
202 145
140 64
263 241
186 44
114 39
139 7
205 136
144 18
245 25
282 70
294 12
227 51
107 11
244 52
276 174
189 43
234 63
184 80
146 110
170 96
25 15
211 18
239 47
214 184
279 42
135 107
285 21
73 7
263 176
254 234
225 58
282 156
239 149
296 38
248 181
285 76
180 125
231 177
267 248
148 61
70 44
195 137
144 139
188 35
288 29
291 248
271 110
128 111
50 10
204 171
187 48
61 3
249 36
252 146
290 114
126 85
289 135
273 186
242 219
271 224
34 29
158 121
225 95
129 45
250 242
165 138
256 252
249 57
145 100
288 258
176 97
250 21
217 192
224 123
201 28
262 160
216 133
133 126
276 234
126 16
84 47
226 37
154 97
110 94
186 95
226 147
268 79
290 79
75 65
289 130
258 140
262 215
163 21
245 150
230 1
222 221
260 60
265 261
294 242
16 11
286 37
204 186
126 74
199 161
233 5
141 36
249 52
96 71
169 20
249 80
24 23
256 182
68 30
124 63
26 16
251 186
238 193
45 32
58 43
192 175
276 226
129 116
201 156
272 257
140 94
155 18
125 61
173 156
129 96
210 20
219 30
277 112
256 68
192 96
113 112
106 46
31 10
129 65
219 213
211 58
285 189
194 42
287 30
164 37
273 269
299 178
158 141
296 227
282 105
236 79
160 97
120 114
267 49
205 73
288 41
102 48
123 70
164 150
168 7
204 147
83 52
213 20
97 43
255 29
259 169
184 157
201 144
206 79
149 55
103 95
281 257
178 162
117 8
287 184
250 140
202 189
227 40
113 41
122 12
157 106
281 236
270 68
296 176
162 6
153 109
202 184
217 52
277 83
170 102
288 83
193 45
174 5
222 144
223 208
251 138
162 40
28 12
126 87
79 47
261 47
214 165
138 66
175 87
268 97
166 106
179 61
202 134
163 138
254 96
201 138
292 31
189 103
153 103
76 57
97 24
240 84
197 38
224 31
13 4
251 161
292 100
295 216
201 167
70 2
255 72
244 233
263 37
267 194
253 252
252 4
277 73
144 11
139 26
76 26
62 16
297 190
131 33
201 198
263 262
144 1
41 37
255 31
167 157
286 178
203 134
242 0
286 77
119 97
76 65
162 98
103 101
199 16
261 88
265 52
288 287
227 216
158 125
252 101
220 209
179 12
196 166
278 95
189 87
191 34
228 122
159 117
225 54
180 61
197 47
223 200
154 137
80 46
252 129
98 59
163 161
207 130
254 196
258 22
288 232
122 40
279 272
219 135
192 53
241 28
266 104
219 157
247 5
69 2
227 66
67 26
194 52
262 236
154 58
296 0
205 39
298 22
274 32
152 39
204 44
62 26
211 42
181 57
232 0
148 96
113 93
220 80
222 217
225 20
247 106
278 106
279 176
257 55
208 203
56 50
201 108
200 130
109 82
295 96
89 8
93 50
44 29
231 94
203 180
223 123
242 164
113 15
268 112
250 214
266 183
141 62
280 16
192 110
58 40
121 79
188 102
258 11
97 57
215 18
71 40
260 162
286 33
227 28
191 162
238 37
170 6
16 14
47 23
153 141
82 4
220 4
241 9
214 193
167 14
219 137
17 6
247 220
182 116
187 114
177 96
161 159
251 80
235 145
289 10
232 123
288 72
52 44
288 59
185 161
244 241
278 41
247 174
161 82
202 141
287 214
172 18
233 100
224 38
118 97
191 173
250 162
223 216
248 41
223 180
287 39
116 60
251 90
190 35
207 127
135 26
145 9
276 116
287 167
247 77
289 95
285 126
110 80
142 45
161 21
266 51
27 0
229 189
169 121
183 54
167 43
78 20
297 240
39 24
51 26
151 10
241 224
280 95
95 71
69 41
61 25
294 76
149 79
70 33
205 103
39 33
274 130
152 35
230 16
269 180
61 48
203 17
244 170
195 92
177 48
172 121
145 106
194 22
189 47
258 95
81 21
236 224
286 59
156 76
152 89
215 120
148 64
219 113
208 186
106 28
167 20
253 26
212 79
168 77
241 99
171 44
250 246
190 64
147 112
191 161
144 38
142 120
191 14
239 237
93 13
231 82
174 158
264 209
273 120
238 179
26 6
231 61
296 136
236 123
198 50
200 120
284 21
100 25
232 20
168 133
231 24
243 7
270 268
200 28
171 122
286 36
242 232
215 23
84 78
139 128
262 175
249 56
205 76
257 101
265 148
233 231
175 19
103 77
7 2
132 106
233 196
215 159
194 135
169 42
36 18
149 89
140 41
265 19
85 54
233 215
37 19
173 19
127 123
269 177
171 112
217 138
197 44
174 149
78 67
168 73
264 101
297 11
259 214
146 39
289 69
227 79
271 79
273 198
275 52
224 204
297 81
207 93
170 47
286 155
109 46
184 152
285 80
134 74
216 114
179 21
254 141
81 3
148 76
61 44
170 94
255 216
140 98
249 53
257 179
72 28
247 129
253 38
268 28
241 230
227 38
250 209
270 137
156 149
150 75
238 157
242 151
293 292
298 23
97 30
218 160
281 77
73 58
136 18
96 84
245 10
241 174
264 53
91 73
183 63
246 106
297 175
209 169
170 90
240 90
161 58
243 124
82 13
275 13
65 16
163 52
207 0
189 153
106 15
115 12
278 126
239 152
193 67
195 42
205 33
238 62
50 15
150 126
263 104
295 172
273 258
233 223
209 134
255 116
235 205
144 130
175 93
207 149
153 116
166 133
205 180
235 110
51 36
228 156
281 277
106 29
297 192
269 178
150 63
184 1
284 216
293 93
248 145
201 55
189 45
291 281
181 17
230 203
272 68
284 23
278 55
296 36
168 153
220 96
196 56
234 189
87 36
198 180
297 136
219 193
104 87
59 27
172 34
168 63
139 30
232 99
247 50
297 134
299 224
134 25
275 55
214 150
203 26
200 143
172 45
225 106
182 57
292 273
240 174
274 126
254 75
78 4
196 159
195 151
214 170
169 108
145 77
165 69
197 151
225 89
202 4
285 68
145 91
162 20
270 145
276 9
181 114
200 14
289 74
294 240
280 86
232 49
271 10
4 2
201 96
110 100
194 106
234 126
293 113
244 190
61 50
275 179
158 145
134 117
151 119
124 51
190 22
283 259
269 260
193 49
232 39
55 48
8 2
256 79
280 273
159 35
254 85
100 86
201 188
61 2
257 10
149 102
58 36
103 54
272 2
178 52
177 68
140 90
280 275
163 65
263 186
211 48
215 87
151 112
271 66
287 117
277 264
238 171
280 249
276 121
281 131
244 166
141 1
143 123
207 156
27 16
106 76
141 119
120 15
144 37
221 183
226 201
192 65
298 191
85 51
241 36
276 78
56 51
76 67
154 23
129 108
108 18
168 76
70 35
166 144
290 238
267 41
185 115
161 100
283 264
207 112
277 237
291 176
115 27
215 153
146 12
181 49
227 133
253 123
183 76
227 126
276 101
204 5
288 151
197 18
288 90
131 7
246 147
177 127
169 46
141 116
122 39
175 120
299 131
272 211
218 189
262 250
193 24
229 137
170 99
266 227
185 32
277 10
121 49
215 112
213 165
265 134
88 73
267 205
296 94
64 46
297 125
276 122
222 58
198 169
243 58
96 14
255 202
165 118
89 23
209 1
293 179
64 27
230 174
255 79
293 108
195 88
272 33
267 36
197 65
91 27
135 117
211 75
205 139
229 90
260 113
237 198
269 188
246 17
183 165
256 199
224 113
86 66
141 74
196 28
267 196
296 263
162 99
99 16
263 23
174 137
219 131
247 238
164 52
87 47
105 50
158 35
215 65
224 55
288 225
243 186
231 57
166 48
154 37
177 84
201 37
256 31
257 218
245 124
237 58
288 259
163 16
295 124
276 260
158 100
198 154
289 174
278 208
37 6
235 206
207 179
150 144
252 212
115 33
257 203
200 123
93 59
170 158
227 104
233 179
257 89
107 106
192 100
179 22
157 49
113 39
214 89
275 197
235 71
216 110
289 281
7 6
79 1
156 85
246 41
263 137
276 10
258 174
263 56
265 186
287 265
203 133
190 11
130 60
53 30
172 164
181 161
77 65
262 62
186 13
272 223
266 257
164 62
285 158
234 204
115 99
92 20
90 40
295 181
192 46
174 4
275 225
287 273
295 200
260 24
142 105
274 124
287 134
102 62
254 31
135 14
256 173
248 143
74 30
25 13
51 42
221 15
211 198
167 111
197 169
213 192
112 102
111 58
289 114
237 18
208 16
127 118
203 174
193 152
181 130
201 186
143 21
178 50
286 135
110 70
138 90
219 134
269 23
282 52
236 36
248 151
285 127
298 290
233 181
55 35
178 134
252 2
161 0
278 73
37 10
240 150
229 28
218 56
218 112
288 283
256 42
287 160
269 147
260 179
215 160
129 34
183 130
196 185
181 172
268 209
103 56
271 63
177 120
166 23
112 23
131 82
264 214
133 73
279 239
204 149
289 168
254 126
262 111
226 82
74 56
121 25
229 175
149 106
269 241
260 171
153 14
239 178
245 179
241 17
171 28
75 20
213 101
236 167
271 37
283 257
164 149
256 219
149 43
129 15
257 155
250 40
216 131
247 118
214 65
268 127
274 110
49 22
219 101
129 70
216 44
170 132
268 89
211 104
270 78
115 69
298 275
105 58
260 86
54 41
273 163
273 185
96 15
162 145
193 75
185 143
285 277
292 107
204 107
248 107
166 32
246 193
171 108
54 6
143 63
127 32
245 101
149 74
245 184
45 10
270 197
153 148
161 28
31 27
262 28
266 210
212 124
235 95
80 19
69 63
281 273
210 48
235 11
141 134
207 113
100 41
260 155
251 94
126 99
213 142
299 195
262 121
274 181
260 167
191 119
163 22
252 173
148 32
212 206
120 92
291 74
162 123
251 92
111 5
289 91
220 141
159 67
161 136
195 112
280 70
167 55
176 134
217 50
272 214
260 85
205 69
45 4
182 48
294 154
280 228
181 173
138 102
183 108
275 210
260 81
221 35
240 12
297 183
277 165
161 146
176 32
285 164
78 31
51 16
241 175
129 20
27 23
294 239
299 119
223 111
186 182
115 100
111 78
282 11
250 31
275 134
243 121
174 132
244 218
289 92
98 76
195 110
193 80
299 256
149 3
175 94
214 74
174 12
274 84
281 114
240 110
152 115
134 88
288 55
82 8
230 134
242 239
226 52
158 64
55 51
233 177
210 147
261 183
265 221
172 31
157 25
148 44
188 30
117 23
264 237
283 63
283 10
236 82
249 248
196 190
125 44
277 57
195 105
277 85
218 187
180 96
278 225
60 26
164 131
138 107
170 159
99 34
236 11
199 184
122 14
298 216
230 0
256 83
248 99
226 167
96 72
157 156
256 88
188 182
186 167
228 40
209 123
51 25
208 154
176 141
297 56
234 153
170 157
286 14
115 112
273 52
268 216
125 73
26 9
131 2
284 283
281 83
277 209
151 38
247 169
246 232
260 236
80 27
90 18
298 185
235 16
289 66
171 5
255 191
256 177
213 2
246 162
283 90
109 71
94 20
125 85
82 20
196 113
74 27
285 233
174 65
130 81
291 192
268 259
266 110
258 246
251 237
138 40
128 73
137 115
148 104
85 9
253 186
165 93
224 16
269 52
266 152
224 218
167 59
255 252
205 38
245 65
131 129
224 195
183 137
172 148
245 126
284 85
171 164
184 40
292 268
61 47
95 5
223 215
225 77
198 73
212 153
150 34
200 32
267 50
139 103
59 43
224 146
99 20
139 1
182 49
112 11
128 47
289 50
217 78
272 139
221 44
248 221
152 24
128 119
282 244
239 118
295 41
141 28
246 30
184 25
276 168
106 25
295 66
169 2
213 103
157 72
232 150
92 36
270 118
257 1
218 27
239 37
274 93
293 190
228 159
271 210
105 12
229 88
258 37
223 148
283 165
209 137
230 98
267 207
79 49
126 39
248 108
256 58
228 198
97 39
161 44
186 64
127 111
251 120
141 93
204 100
275 105
194 53
219 175
297 82
89 4
214 117
179 133
284 136
206 86
187 158
248 0
160 109
200 38
272 209
219 127
177 33
280 180
185 176
164 26
240 153
226 70
183 159
189 77
215 166
226 61
196 71
208 84
161 155
296 197
113 84
271 203
104 85
297 33
271 12
163 153
243 27
133 14
291 171
295 158
235 225
222 35
44 1
71 24
294 61
288 50
271 152
251 105
242 30
98 34
243 165
168 70
240 135
266 133
298 86
156 134
121 16
164 121
150 9
245 89
288 191
130 65
84 67
151 17
26 4
295 195
225 160
238 220
269 37
296 261
147 58
288 95
249 161
184 150
115 73
124 64
216 54
290 2
108 103
250 83
117 58
34 6
205 177
95 20
246 198
186 47
163 160
221 139
159 145
190 95
156 146
4 1
48 47
99 85
271 104
279 21
158 53
153 110
267 149
195 136
241 30
231 160
133 11
241 223
259 114
246 32
247 21
295 269
237 56
29 27
254 239
97 22
189 86
176 31
123 19
216 27
113 88
299 249
75 51
274 100
263 80
298 45
130 105
277 131
276 43
161 73
126 86
111 66
229 184
261 112
222 147
163 100
146 98
118 32
276 126
178 66
198 11
262 127
93 84
190 161
63 29
180 23
287 239
167 10
254 198
227 154
288 146
264 148
295 102
261 209
279 121
126 0
60 21
210 56
205 57
80 30
83 26
292 73
185 121
241 226
191 30
181 59
144 73
170 106
117 68
158 50
242 201
45 11
274 122
236 46
295 271
123 81
197 12
256 229
276 177
148 112
116 42
289 179
185 145
117 75
245 111
82 74
146 59
186 6
263 257
267 253
227 175
230 113
188 81
195 50
254 201
50 29
290 89
69 14
261 62
217 58
76 38
169 83
283 266
182 2
260 109
220 85
250 126
106 36
43 3
193 164
71 27
35 25
264 80
244 153
190 57
246 13
208 107
171 87
297 218
260 73
154 17
259 61
265 188
173 75
175 116
84 1
264 216
286 218
150 79
177 78
191 184
236 28
246 122
294 266
212 136
278 150
226 128
195 95
285 139
236 104
234 172
145 116
227 76
244 155
222 150
217 85
268 135
189 163
285 276
220 92
145 68
260 122
108 64
139 89
292 213
223 205
140 38
119 71
94 77
259 248
93 51
291 130
235 121
298 257
277 210
234 69
248 102
94 27
36 33
167 35
178 76
204 69
208 49
189 50
241 25
231 79
99 44
241 216
242 42
260 259
253 51
250 169
69 16
266 247
283 157
90 76
188 149
267 206
150 131
123 5
290 199
297 241
203 141
146 35
260 114
165 70
293 24
164 134
270 149
281 33
137 2
251 118
127 10
206 168
124 114
214 188
293 75
21 12
165 12
140 106
294 186
205 106
279 2
124 120
95 60
264 72
156 115
156 77
269 191
191 6
264 94
97 72
207 178
240 205
199 30
292 208
237 16
122 2
248 27
290 170
294 178
203 153
209 29
240 99
200 199
233 107
183 52
194 186
272 124
159 19
231 143
136 82
243 31
258 221
214 129
291 30
215 197
202 138
138 110
256 144
176 51
296 162
198 141
231 91
283 19
224 65
250 245
150 127
199 85
275 31
171 26
286 141
244 103
200 121
241 11
297 242
236 32
269 14
243 146
265 65
208 194
218 172
265 91
156 132
227 46
269 250
161 116
200 87
160 16
203 92
138 70
167 119
189 142
160 85
210 87
14 7
251 147
238 91
248 44
200 180
58 7
286 137
284 127
185 90
94 16
227 182
235 195
173 76
87 10
297 99
102 45
228 120
184 83
105 16
187 77
205 84
268 108
82 75
87 53
53 33
230 156
124 23
197 117
87 39
238 126
254 245
277 101
222 74
174 85
175 132
290 194
258 42
153 130
256 208
174 162
164 40
98 82
167 138
258 80
186 83
86 35
167 123
15 10
238 127
132 90
160 156
208 88
213 185
191 27
227 148
193 30
256 236
101 3
295 272
284 60
252 75
200 197
81 54
150 92
219 159
231 12
178 126
88 86
268 160
295 252
110 38
290 276
175 144
293 241
90 75
98 63
280 56
200 195
249 111
204 13
164 112
288 45
147 5
276 90
297 202
134 92
157 102
150 47
164 19
273 162
273 89
277 178
297 282
251 224
295 145
238 112
263 99
98 1
36 28
261 58
262 224
233 174
209 181
46 14
114 60
162 101
132 7
131 51
150 32
187 157
218 20
134 126
78 25
190 40
224 75
218 150
94 74
233 50
217 75
195 144
204 182
236 198
52 38
188 80
246 231
278 195
97 9
231 157
268 228
250 142
291 243
122 79
218 201
239 63
290 181
132 75
177 126
205 97
274 200
159 83
205 121
212 75
173 171
177 138
244 31
249 131
57 30
281 219
134 89
249 149
156 98
171 158
226 42
112 98
193 128
223 144
184 97
182 119
189 58
93 78
154 132
91 30
299 93
281 100
288 196
288 172
80 79
207 64
183 120
86 36
278 198
191 125
248 81
281 12
271 263
77 30
145 70
294 244
262 240
108 27
219 199
121 39
209 149
208 202
259 146
195 152
165 123
183 16
295 48
198 145
267 150
222 205
211 180
81 25
165 43
224 86
261 249
235 146
76 29
113 21
270 238
298 25
229 99
289 9
294 174
156 109
34 5
277 194
77 61
291 276
240 197
251 181
293 272
231 65
191 88
100 23
245 182
212 141
248 193
223 210
259 58
181 169
94 66
123 116
230 182
203 128
261 56
241 91
216 205
175 9
299 112
104 59
124 35
47 21
275 235
137 24
41 19
228 218
136 126
286 205
204 105
286 234
249 217
153 47
254 120
230 184
197 99
294 110
122 42
105 54
227 73
159 110
177 91
272 227
299 53
296 264
247 99
198 100
119 113
159 8
274 57
259 233
297 162
253 111
124 5
80 13
222 52
247 176
211 100
273 152
274 152
71 52
249 115
112 76
145 115
268 46
189 0
277 203
190 47
271 75
234 81
137 66
290 268
40 10
288 195
95 50
276 102
272 104
90 87
295 6
149 2
267 33
159 98
192 122
222 164
158 37
162 55
265 98
249 233
199 110
134 107
191 78
208 145
225 23
124 95
224 112
268 0
249 164
141 59
232 210
179 152
257 181
217 144
206 116
256 221
220 48
45 20
128 116
128 106
99 62
289 266
172 157
205 11
243 0
202 185
288 37
6 0
216 197
212 15
214 177
186 143
266 161
271 95
86 14
291 25
223 183
240 208
123 108
139 111
202 97
97 19
96 63
252 171
214 0
21 7
258 68
196 150
86 79
173 13
285 282
113 103
228 191
168 104
258 110
234 36
158 118
118 87
216 117
259 76
51 48
257 86
241 193
263 30
164 69
166 51
43 8
198 4
163 76
209 118
264 38
239 193
228 194
193 79
247 233
63 23
197 60
19 18
232 134
233 155
104 26
276 269
237 153
170 110
290 120
110 16
296 156
271 165
181 76
230 181
259 201
162 127
209 183
179 109
152 126
124 86
190 186
131 17
88 63
227 90
190 177
265 166
242 155
289 87
124 99
218 85
119 29
181 66
256 183
299 46
22 11
162 160
225 72
288 277
193 29
215 140
197 75
248 141
131 98
83 43
262 55
225 0
145 17
190 18
284 234
253 170
265 116
220 165
94 28
263 173
225 147
77 38
271 157
94 81
86 68
48 39
136 74
292 88
162 92
178 16
286 84
72 54
255 120
114 96
281 148
172 144
236 87
283 72
294 144
291 95
296 31
77 51
129 12
236 207
132 32
83 11
289 125
111 46
156 48
204 170
221 69
179 84
114 29
172 163
266 167
175 109
88 16
119 99
125 16
86 58
118 42
211 183
183 55
163 78
224 193
229 41
295 4
109 66
208 150
287 203
270 139
194 1
242 23
88 45
145 124
184 17
283 227
249 184
212 159
161 148
160 34
204 193
280 252
277 240
54 51
273 80
104 62
270 213
123 46
109 64
256 146
216 99
266 262
115 93
280 172
274 213
177 176
295 179
288 148
285 108
226 31
297 57
26 13
139 38
215 104
33 0
299 298
101 97
276 272
227 78
225 114
185 77
15 9
140 14
135 106
117 55
253 236
146 95
218 200
35 13
205 191
254 132
285 23
103 92
103 47
80 56
261 236
208 17
172 104
131 42
278 48
255 219
214 9
268 171
235 228
230 62
261 164
144 65
181 34
207 174
217 111
295 294
234 57
283 15
208 39
62 3
193 122
159 39
52 35
199 177
224 84
262 54
164 153
225 37
213 169
193 39
229 60
45 19
249 152
284 159
242 53
113 2
215 107
189 21
186 10
229 134
249 43
152 21
251 226
241 82
221 188
104 77
181 129
214 51
104 24
104 96
191 8
203 143
162 51
264 78
219 94
295 137
297 98
229 202
188 165
201 61
237 125
210 58
206 24
23 6
243 134
93 14
274 143
35 7
86 34
141 31
89 0
250 6
227 47
162 138
90 61
290 163
250 220
87 24
109 29
122 90
234 131
246 224
219 182
205 31
73 35
131 49
290 113
280 134
242 129
231 19
247 180
160 42
196 100
283 86
230 57
160 38
299 163
234 171
115 32
185 66
229 214
285 212
216 128
288 180
226 40
291 96
216 181
147 17
251 174
22 20
132 89
269 265
89 60
285 262
284 250
96 50
98 94
250 88
194 58
275 129
245 112
294 75
93 80
167 62
294 71
243 80
104 88
41 29
134 10
231 25
274 182
196 39
57 8
81 76
298 152
196 6
232 53
35 8
78 37
253 143
100 34
91 36
130 93
220 110
279 71
247 120
223 197
164 139
142 69
139 88
160 73
176 169
240 93
248 54
267 141
223 98
149 72
227 68
295 194
231 137
261 55
278 10
251 61
285 0
290 148
299 261
284 181
60 17
282 23
255 94
248 231
60 16
104 73
164 108
149 126
209 55
172 147
203 32
120 9
187 132
122 91
106 93
229 178
296 268
213 209
112 56
284 32
236 142
197 23
16 9
140 8
140 71
117 47
283 282
176 61
273 17
294 139
248 163
151 127
97 63
197 137
280 101
261 175
215 43
242 118
261 59
238 29
240 66
258 233
195 139
138 123
193 172
297 101
258 85
