180 540 320 2500
162 100
49 14
85 23
123 47
175 50
31 3
38 3
87 13
18 11
126 41
88 51
93 57
27 10
111 82
134 51
153 141
53 38
132 15
101 6
164 78
126 116
122 7
29 14
68 40
162 39
63 29
79 59
58 34
141 135
130 43
118 104
158 42
110 63
67 44
132 116
86 16
157 139
141 84
78 50
118 27
12 0
174 18
81 28
160 150
162 118
164 2
102 0
101 84
88 72
23 17
50 43
51 36
162 137
144 24
130 16
128 38
146 11
114 33
118 112
158 148
161 6
134 0
133 68
173 13
94 27
101 78
38 14
8 5
175 116
155 140
165 109
124 61
173 128
57 41
170 88
161 131
162 63
157 8
100 26
106 21
172 133
50 47
158 101
116 46
175 1
9 8
150 69
124 82
96 75
74 57
157 144
117 96
73 32
167 75
134 129
33 27
119 110
68 1
121 19
130 98
176 11
107 49
83 68
103 99
143 50
105 36
155 40
90 44
36 8
113 23
161 33
151 46
11 6
158 152
90 61
166 134
82 62
177 14
142 141
47 15
167 9
99 45
128 84
103 62
162 67
177 42
54 17
177 75
126 20
144 108
174 107
179 26
169 132
103 80
168 125
164 82
122 105
148 81
65 42
102 34
85 80
142 62
104 6
39 28
177 112
166 26
135 92
49 25
160 120
152 88
88 27
72 25
72 57
98 37
157 9
18 8
90 73
163 40
99 36
169 149
155 64
16 15
61 43
124 123
149 90
151 48
24 0
133 65
29 8
91 2
117 95
172 29
175 5
176 17
61 42
162 59
71 29
121 28
116 115
126 53
123 113
77 69
26 21
177 102
83 65
156 119
175 123
94 29
113 62
88 64
60 46
130 110
131 83
96 84
150 148
105 62
138 31
117 55
175 64
115 31
123 61
65 14
141 2
133 129
144 45
147 89
61 14
172 19
86 28
149 49
133 112
49 26
171 45
145 144
104 24
118 107
28 25
130 54
153 97
112 22
151 145
125 72
142 96
122 48
151 52
156 139
107 86
153 54
178 11
165 128
164 75
95 73
66 49
105 16
179 112
120 100
145 120
31 12
171 54
153 103
30 16
178 170
78 30
110 26
135 81
147 50
76 8
119 38
160 132
128 61
165 9
42 34
179 38
172 22
120 25
155 124
176 174
152 126
167 147
51 11
68 23
159 45
81 52
166 108
52 27
37 11
125 39
57 19
148 147
105 98
173 66
144 60
27 19
178 85
117 83
113 104
71 68
139 61
139 107
70 9
46 22
159 44
102 42
143 98
164 20
174 50
153 150
79 31
153 152
144 64
158 14
168 65
107 41
138 123
115 30
161 127
157 122
66 16
44 38
148 18
146 39
107 43
126 59
175 30
54 23
179 71
85 8
176 7
149 103
64 63
151 105
114 72
143 29
172 130
161 93
157 5
149 24
152 136
125 123
68 37
127 104
92 78
104 54
158 72
140 138
178 100
128 109
175 137
150 15
96 9
38 34
22 17
123 2
129 63
20 13
107 39
141 37
115 53
52 31
72 63
116 110
85 32
139 52
98 95
112 27
167 149
136 58
111 55
93 6
136 126
102 52
146 1
85 42
107 45
78 24
116 56
118 66
114 70
158 132
115 71
132 63
101 60
51 14
97 51
168 68
173 99
110 87
172 57
106 64
177 143
140 33
158 52
158 55
165 48
179 157
142 81
175 75
170 142
76 3
109 36
162 135
116 24
94 11
117 72
146 119
119 4
114 56
19 0
61 2
141 12
34 19
139 111
145 142
68 33
42 27
42 29
164 92
176 135
72 64
118 53
129 55
154 64
11 0
163 4
148 25
156 10
143 80
42 19
125 77
179 173
166 111
141 74
71 23
135 118
171 16
26 11
172 122
107 72
62 45
143 128
130 32
168 58
93 16
135 79
148 119
81 54
136 74
125 12
177 123
150 46
82 50
166 142
152 83
56 46
145 96
144 9
179 138
68 15
31 18
165 6
167 73
104 63
109 60
149 123
170 119
77 71
77 32
26 0
171 24
92 16
114 52
169 154
75 25
163 80
116 61
140 14
169 122
179 20
172 38
111 75
133 3
68 45
174 137
106 70
130 86
171 44
116 44
69 23
97 10
163 46
40 30
113 57
145 66
23 18
68 35
56 5
179 108
126 95
138 11
134 99
163 103
125 11
152 51
167 18
85 30
101 1
156 80
99 61
111 17
158 154
129 49
156 36
162 45
155 111
106 40
156 121
81 64
52 30
95 54
172 85
179 140
125 19
67 65
125 110
134 45
88 17
164 48
25 6
150 55
72 28
88 40
23 9
106 75
83 82
96 18
116 15
158 119
134 26
21 16
46 15
160 158
41 23
168 61
151 40
65 34
175 173
127 124
29 10
124 106
138 79
57 44
151 28
174 99
46 42
170 83
89 53
154 113
38 6
145 30
174 153
291 264
318 226
170 17
290 285
310 246
194 143
109 75
181 96
127 86
287 225
187 64
316 181
258 234
161 106
244 161
70 0
181 87
120 118
265 205
147 14
70 8
317 82
287 83
111 71
232 217
288 79
280 150
276 41
302 204
212 16
255 23
263 77
123 13
213 83
311 301
211 206
300 1
198 94
314 243
281 156
272 182
234 83
263 106
159 70
318 194
293 161
315 286
240 164
99 26
182 53
171 7
277 87
220 124
58 34
253 34
296 63
190 31
217 68
248 59
215 12
312 11
262 22
257 38
53 18
65 13
228 147
242 37
256 51
195 68
187 57
132 131
177 151
273 26
124 62
280 91
107 30
251 236
314 72
71 29
277 151
85 47
33 5
111 82
273 35
96 20
215 140
298 136
228 34
306 141
58 23
289 167
296 211
253 168
217 174
197 170
141 21
246 163
252 229
277 268
125 51
221 61
299 298
290 80
262 201
319 151
181 149
160 144
212 5
152 149
273 212
66 8
308 193
67 9
163 36
198 161
207 194
148 94
221 209
56 25
284 103
295 0
302 63
219 40
194 71
314 29
201 199
253 65
251 78
278 47
228 89
218 151
120 48
253 243
146 117
153 24
244 101
279 61
161 101
264 228
271 105
256 65
160 138
169 119
302 22
175 8
236 204
311 188
95 42
162 16
150 110
177 86
162 48
184 71
319 178
196 63
289 136
225 72
225 53
308 305
227 215
221 173
80 73
285 123
207 67
262 250
289 142
254 68
145 11
238 196
284 262
93 10
232 188
104 12
192 26
306 272
115 97
309 300
295 236
229 110
302 263
314 148
229 60
250 17
73 3
251 148
280 211
116 53
198 21
265 262
251 232
194 104
82 49
304 133
253 100
284 173
54 30
300 96
188 64
313 85
259 7
267 43
121 112
127 10
199 73
271 76
194 112
305 79
291 118
227 219
291 235
281 245
37 22
281 132
250 43
140 127
316 305
299 246
286 90
117 59
271 234
28 25
275 5
278 224
250 104
237 25
205 5
317 96
248 180
230 36
279 48
122 63
89 46
191 75
296 154
127 29
70 13
313 201
245 96
39 33
237 222
275 40
52 4
226 9
269 187
258 198
284 182
144 85
257 222
298 151
154 52
133 51
260 221
123 96
221 13
237 117
223 48
82 20
69 48
185 167
113 7
304 171
248 116
152 80
285 58
265 187
314 93
146 76
193 89
297 33
205 193
213 205
244 84
190 48
281 12
134 111
168 86
8 2
261 224
280 126
298 49
119 32
284 101
274 233
192 19
98 40
251 174
36 26
250 126
91 7
277 93
140 42
223 46
274 271
214 138
255 232
74 8
304 174
274 187
131 29
305 217
242 232
162 83
141 72
276 10
222 87
250 40
149 50
229 40
216 174
279 266
300 7
256 87
35 4
191 39
102 29
312 50
98 65
165 36
234 181
41 35
195 172
276 15
318 129
267 102
245 207
107 53
268 196
106 91
156 73
117 111
311 308
194 118
289 186
205 154
202 64
229 25
276 165
66 17
171 132
249 232
272 232
317 92
284 69
182 34
275 181
226 204
311 51
278 249
270 71
308 89
96 94
263 80
145 71
317 123
148 132
199 153
184 170
248 64
134 89
286 167
235 210
282 160
178 145
314 10
28 26
301 139
292 12
139 133
284 111
229 219
316 315
208 126
228 63
280 34
104 8
270 121
103 47
285 277
248 43
236 202
210 170
79 72
314 274
256 107
315 23
206 72
186 124
241 85
140 111
189 121
280 200
286 282
187 134
274 143
220 21
224 35
271 232
148 92
276 52
96 65
225 60
302 294
290 136
163 48
24 12
161 24
162 104
126 123
39 13
265 139
229 145
291 162
262 251
294 44
147 93
252 17
308 13
267 82
85 65
165 35
189 164
297 11
189 60
227 124
228 119
246 139
239 224
148 107
248 146
67 59
266 181
257 106
132 24
221 44
272 2
36 13
202 186
87 33
253 182
189 45
120 36
142 106
297 3
234 20
262 7
260 161
216 88
261 102
221 122
317 29
276 173
242 176
168 90
251 194
316 256
35 14
195 54
269 51
283 266
300 68
214 104
144 35
102 82
172 169
238 114
274 147
245 196
175 110
185 29
315 67
319 300
292 185
86 21
296 57
213 39
103 101
289 0
316 42
259 111
155 53
280 163
267 83
221 66
290 42
183 67
207 78
182 77
131 5
290 242
118 22
238 11
247 56
227 179
219 195
309 278
198 124
301 287
264 151
174 109
137 6
217 159
205 161
215 62
211 177
307 33
214 121
155 102
213 28
215 35
296 251
91 66
190 79
311 113
257 70
278 240
243 88
172 95
226 80
136 84
153 57
185 184
187 139
285 50
246 107
268 54
275 241
305 178
63 22
142 107
288 136
305 266
223 131
282 0
256 92
205 169
184 120
259 73
245 34
306 21
220 40
131 87
200 149
74 55
254 150
188 7
181 146
263 85
278 40
92 16
262 207
288 131
54 48
309 52
243 18
229 168
225 215
290 99
296 295
130 57
227 109
275 84
275 149
230 171
255 237
299 65
253 220
207 182
102 61
309 134
152 62
174 20
42 20
152 13
176 119
303 289
257 217
317 3
305 229
252 24
255 194
226 218
242 234
270 138
193 94
154 53
178 84
313 227
301 136
117 73
186 43
242 172
215 93
170 157
262 157
316 70
174 80
112 109
94 76
180 130
198 148
160 55
54 19
181 60
128 32
77 12
295 221
132 35
284 149
166 28
256 2
181 165
97 90
102 51
278 1
181 177
56 14
192 140
272 44
258 43
83 69
300 43
230 23
268 178
76 35
315 264
231 23
319 78
301 131
272 202
314 260
207 149
296 277
199 176
20 17
212 47
316 106
191 169
181 78
250 20
269 251
196 183
296 120
286 116
142 48
52 13
282 120
248 130
294 5
272 15
226 88
226 219
245 238
269 254
239 233
250 67
127 70
275 121
262 76
218 102
208 93
147 90
199 72
98 17
275 91
304 41
308 187
278 36
170 46
271 260
289 53
304 26
148 17
278 164
243 115
266 42
106 17
222 10
105 22
251 202
193 192
276 275
308 105
281 212
256 64
215 185
166 159
191 129
115 50
283 166
126 17
293 14
270 135
155 68
282 209
98 32
40 37
210 32
194 76
223 122
85 14
17 10
221 185
101 100
268 95
95 75
294 86
196 61
201 140
189 28
134 122
229 167
237 223
212 118
256 239
58 19
108 3
174 21
272 21
241 72
238 167
175 154
281 172
279 203
316 155
267 90
207 114
92 48
224 55
45 18
288 276
95 24
124 20
281 31
308 55
286 126
278 207
103 86
211 70
70 19
293 289
235 27
190 127
305 20
276 238
287 224
237 194
207 177
253 210
293 18
190 16
302 135
208 55
281 159
166 158
130 59
315 22
246 84
300 61
192 48
315 5
296 275
260 30
164 56
205 101
277 97
114 84
194 153
108 96
300 184
310 115
243 155
105 66
259 67
139 69
248 89
305 194
168 146
215 7
312 29
243 127
316 176
150 8
305 250
171 111
152 2
251 170
237 227
285 252
280 121
299 233
251 163
318 98
303 13
99 82
263 187
140 48
37 27
153 96
237 195
316 65
279 89
202 49
182 108
135 80
152 44
266 101
237 5
211 86
133 67
279 88
172 33
261 93
201 24
218 37
181 171
216 77
302 183
124 122
180 20
143 123
285 138
201 155
241 204
307 295
221 39
205 90
128 123
296 26
288 84
87 8
318 46
77 62
263 7
57 37
290 48
163 4
308 92
165 39
275 37
107 24
296 15
30 8
284 174
267 227
299 80
138 73
286 137
127 44
291 239
293 255
217 5
248 194
197 190
302 5
199 188
250 89
177 80
236 45
269 267
280 181
263 8
254 110
181 123
285 211
269 124
312 18
265 14
215 50
61 2
259 92
295 183
134 85
56 24
309 85
291 107
244 51
147 115
232 56
263 246
226 115
120 6
167 40
218 106
40 8
247 132
272 231
130 20
201 21
79 17
256 203
228 200
189 148
252 176
135 11
274 261
316 140
211 184
202 103
291 275
191 186
254 233
225 90
300 286
207 200
234 13
317 48
165 81
215 114
307 186
188 18
299 206
211 35
77 23
185 147
234 129
42 32
299 270
308 2
308 253
232 171
267 0
178 107
248 83
304 263
255 114
183 77
182 27
287 192
211 163
307 259
188 74
199 127
271 46
263 123
61 51
276 157
273 82
317 1
172 70
281 76
303 5
105 99
194 50
302 24
136 27
170 99
302 18
227 160
97 64
292 129
42 17
93 50
150 50
98 96
171 78
13 6
212 105
314 110
72 38
218 164
208 82
265 12
268 7
219 55
236 71
271 180
292 71
288 147
181 152
173 17
48 22
105 97
276 128
309 231
123 74
242 131
126 90
273 52
318 179
303 111
233 205
170 48
269 252
278 250
235 156
302 179
129 54
270 12
283 209
285 136
240 3
60 54
310 100
104 42
190 113
275 196
225 107
262 184
170 98
290 25
251 58
309 155
116 3
308 57
179 38
102 59
160 20
316 241
297 194
242 223
214 183
271 217
129 65
294 241
297 168
281 248
209 127
292 133
305 73
204 196
58 27
258 171
232 108
254 16
301 268
297 247
98 18
154 10
289 45
164 36
303 235
307 23
177 138
158 82
196 153
77 60
314 284
184 127
275 51
150 75
177 103
316 200
117 16
274 128
229 125
127 68
94 12
299 285
267 101
43 12
256 96
211 159
66 35
104 25
213 107
96 43
111 39
225 89
86 50
169 78
207 5
181 155
230 25
282 262
294 129
222 126
96 85
88 1
207 96
233 40
294 131
306 146
116 30
317 36
297 6
305 15
302 225
303 250
143 48
98 42
135 121
96 33
288 163
182 162
101 33
139 132
304 146
100 64
131 67
244 74
54 49
257 112
262 187
127 58
94 18
174 161
280 175
265 36
280 83
307 11
242 36
138 60
312 132
166 164
164 98
249 15
279 271
305 190
314 70
212 40
230 187
299 89
129 37
271 174
240 8
227 185
204 56
282 271
307 224
293 228
77 61
59 37
136 67
52 16
270 230
244 121
165 14
303 248
299 87
82 78
304 262
262 63
228 70
169 91
231 148
273 232
124 101
156 31
244 49
104 6
217 25
184 24
239 209
18 2
291 82
158 132
146 51
251 192
319 107
211 4
243 203
242 155
252 106
306 185
179 157
296 141
75 65
240 97
138 13
295 10
318 299
250 12
289 244
113 18
270 55
127 93
288 129
150 53
298 246
297 121
54 23
183 20
39 17
104 16
304 260
292 100
238 23
172 97
258 141
312 258
90 25
248 231
286 258
27 5
226 41
301 294
203 47
134 71
82 34
169 120
262 218
274 220
267 66
223 220
177 89
314 137
275 57
105 64
255 189
318 23
245 86
151 7
178 45
206 169
153 69
307 236
281 10
276 245
207 204
208 106
279 63
284 218
183 15
207 84
101 62
259 201
161 65
260 38
250 16
57 27
55 39
318 293
141 132
75 73
262 112
288 92
275 263
240 116
258 166
241 178
208 74
122 114
214 77
311 269
301 238
87 41
264 85
231 146
309 14
224 209
211 124
212 39
136 21
205 16
54 5
287 100
142 4
282 106
314 191
313 302
58 5
117 45
131 17
302 108
254 31
318 186
188 165
156 34
230 69
119 41
239 181
264 69
169 67
236 220
290 44
207 1
298 114
222 172
213 93
318 83
133 43
198 69
238 229
265 186
252 159
300 229
116 75
132 51
301 93
226 60
147 56
306 222
299 239
206 131
176 16
292 88
202 147
168 15
161 28
305 294
150 139
178 133
154 34
206 115
213 50
90 31
271 236
65 14
260 130
110 27
308 65
191 36
232 227
280 167
152 39
308 88
312 295
247 35
249 227
303 88
225 217
279 91
305 19
259 195
294 226
308 272
289 194
151 79
282 199
234 139
317 221
201 54
242 177
168 64
103 2
238 119
309 6
122 119
208 205
117 0
80 53
294 97
137 39
289 50
235 98
59 2
199 187
264 105
215 87
276 17
185 121
280 68
211 157
66 4
162 29
278 11
250 241
191 159
68 66
226 63
256 248
40 1
235 165
58 21
277 193
267 78
301 13
65 16
317 270
139 131
191 102
273 225
298 120
186 45
276 42
313 9
134 116
265 128
185 179
234 57
212 180
128 18
203 108
283 227
312 191
315 274
153 41
206 118
151 138
273 5
253 154
276 153
285 10
157 1
314 129
66 32
265 84
234 14
276 211
218 13
309 102
285 44
211 204
217 182
284 181
222 22
291 144
185 136
240 58
234 91
248 126
280 80
251 175
311 39
204 105
230 31
211 25
318 118
165 62
21 5
76 54
184 37
94 77
219 53
311 16
164 45
146 129
290 248
289 35
297 277
314 311
191 88
293 66
275 224
302 171
150 30
208 87
89 58
120 44
208 76
173 101
229 94
233 105
262 42
265 53
212 134
73 55
268 57
267 166
184 49
93 4
142 15
240 69
187 40
271 264
291 230
312 84
300 34
42 41
141 98
251 70
172 84
286 272
199 164
37 8
302 262
261 36
296 98
292 215
233 147
122 45
115 82
160 130
134 82
116 43
257 82
294 156
274 256
167 137
228 71
92 65
205 194
295 131
299 59
303 37
233 192
276 169
231 196
154 50
293 251
143 52
261 61
244 4
273 126
178 155
159 131
146 136
285 4
270 1
233 31
104 48
296 216
145 48
283 90
204 142
160 146
185 19
195 117
168 69
311 189
99 12
225 66
317 210
314 235
169 58
291 108
258 131
267 25
147 0
228 160
259 204
113 52
183 13
208 200
160 104
251 114
280 56
117 65
285 227
167 31
111 63
259 102
283 170
278 79
308 111
303 125
223 167
53 10
313 111
30 1
228 62
281 133
153 1
148 44
244 66
200 115
168 46
178 165
223 162
122 19
168 13
269 4
288 36
290 122
199 96
297 203
248 45
310 1
232 205
305 237
102 79
302 221
186 11
95 54
130 12
127 50
312 183
78 63
319 276
207 193
112 16
251 82
78 62
151 127
144 36
256 236
152 10
299 272
212 63
235 203
165 23
310 296
26 0
267 57
261 73
295 52
245 147
89 63
316 235
165 20
188 17
214 9
313 78
156 133
232 46
229 62
214 74
182 23
166 73
236 13
134 131
229 111
220 82
93 82
287 78
225 129
274 241
299 61
296 233
102 77
274 11
133 25
157 20
282 71
287 166
138 102
307 37
251 172
286 108
183 99
81 0
214 0
306 107
244 200
146 139
190 178
210 62
242 119
69 18
316 262
138 100
177 155
213 210
106 22
116 58
238 69
154 68
289 104
230 158
69 9
200 12
222 220
230 105
287 27
139 48
220 52
276 197
154 120
316 237
87 17
285 234
309 291
308 178
296 227
164 87
212 58
291 229
161 148
182 149
161 117
17 1
124 57
278 217
92 15
103 57
61 23
277 18
230 137
312 100
81 77
102 80
76 21
59 30
120 45
297 294
305 169
257 148
291 236
272 223
318 7
308 99
311 64
171 108
108 16
306 92
301 281
51 48
228 3
295 114
138 40
268 139
306 108
253 109
201 182
292 242
124 18
293 90
179 139
317 53
202 174
134 64
188 173
284 87
234 53
43 13
182 19
254 11
68 46
289 1
153 86
298 133
277 157
280 203
281 18
189 29
303 34
246 228
257 236
294 239
107 38
315 12
216 202
214 193
227 223
257 208
306 22
274 273
173 44
271 92
292 97
182 88
39 9
205 172
171 129
209 17
304 145
198 127
275 161
119 88
255 46
112 43
317 207
316 74
102 100
266 58
299 84
252 29
266 44
262 34
315 164
134 27
222 140
137 11
82 44
94 87
315 171
146 24
205 46
280 78
164 13
39 14
186 141
246 128
162 65
151 131
145 117
62 34
259 156
258 238
311 11
115 29
51 34
134 95
311 150
235 95
212 205
308 163
241 216
14 2
166 51
299 3
251 234
81 65
188 33
314 291
218 68
203 109
244 146
236 125
307 77
234 158
176 112
244 162
110 79
296 48
294 111
305 254
223 47
240 221
253 244
265 159
51 0
293 178
57 9
315 76
254 122
227 177
250 175
260 157
144 72
301 155
170 92
176 59
313 292
214 61
100 69
297 119
230 186
302 87
192 121
262 113
237 69
280 212
151 125
302 174
259 218
93 70
314 48
293 219
21 10
229 29
286 227
187 96
179 2
178 142
204 166
241 56
131 56
288 134
133 3
142 71
269 54
262 102
286 3
134 78
85 70
201 51
311 120
260 16
29 24
197 113
179 109
209 20
251 128
231 184
243 107
242 116
197 195
221 142
269 236
291 185
303 266
272 111
273 180
137 110
227 158
204 67
198 105
310 77
156 72
235 39
142 42
100 38
247 99
318 96
298 280
209 104
166 148
257 128
119 13
202 190
89 28
294 171
282 157
309 17
266 128
265 83
183 135
294 60
317 65
228 211
236 22
163 153
110 33
314 203
202 79
296 50
175 68
256 138
167 29
138 41
242 168
282 83
253 116
302 277
236 56
275 255
299 230
258 22
282 235
318 9
292 104
106 64
100 4
306 181
207 38
272 122
95 74
313 203
112 73
272 184
95 77
255 224
295 72
147 17
282 81
279 218
280 177
117 24
148 78
310 308
301 36
317 118
220 200
308 44
160 155
13 9
293 77
248 217
289 22
198 176
169 10
147 31
298 214
221 25
51 14
182 159
288 274
276 232
221 169
235 5
111 105
189 59
74 28
179 86
266 108
160 11
105 25
242 33
202 78
231 29
260 247
39 0
244 33
208 34
205 74
305 176
93 45
206 124
252 171
292 167
6 1
306 286
52 33
78 59
188 53
308 208
235 127
244 222
112 29
225 204
212 120
297 295
205 49
245 223
164 48
288 61
281 203
182 72
112 108
302 30
279 7
277 201
248 154
291 65
64 22
247 103
278 193
246 81
86 30
163 106
279 221
148 88
170 115
293 176
306 242
72 42
259 226
187 147
72 44
313 101
109 65
59 4
256 6
191 42
199 125
223 28
236 131
290 210
166 78
287 51
201 142
74 32
279 244
196 105
257 101
318 71
261 147
155 60
143 39
290 12
300 32
138 104
212 36
152 117
311 234
105 77
44 35
114 29
255 104
223 111
302 203
28 16
298 208
187 80
257 191
202 11
298 76
302 64
171 12
225 85
179 153
316 88
144 33
134 133
149 125
185 108
117 104
207 57
192 126
232 67
125 108
284 184
192 100
308 93
261 146
229 186
152 22
261 230
262 141
267 164
193 87
116 96
241 214
195 49
271 24
158 40
47 43
278 244
279 259
316 112
235 63
281 7
257 147
211 60
305 103
244 82
179 79
247 166
207 85
239 113
75 16
251 141
97 95
284 228
299 17
179 8
136 130
304 7
319 309
312 38
312 204
154 37
70 4
179 129
278 96
212 209
272 269
97 61
130 103
302 248
54 31
311 177
319 205
314 273
208 81
222 64
167 149
304 223
151 58
103 13
80 47
239 83
134 7
219 15
303 126
156 93
284 11
282 138
271 65
155 36
45 7
245 155
114 31
268 65
275 140
306 268
231 193
295 276
207 186
167 38
110 92
258 151
182 100
282 250
131 62
188 42
268 187
204 159
198 115
297 63
227 224
260 92
121 18
287 283
45 8
174 53
165 159
284 269
287 44
232 151
266 20
310 184
90 51
278 102
124 120
273 202
198 194
166 45
266 215
190 90
190 9
267 262
259 238
314 214
223 86
269 249
318 70
132 40
172 75
192 102
199 105
213 151
183 64
236 153
251 246
235 121
280 242
233 62
153 80
83 12
146 49
306 184
185 149
318 211
33 3
318 39
162 81
263 177
209 162
246 209
40 29
136 101
221 157
68 7
93 77
272 155
139 97
309 92
73 15
107 36
155 2
149 77
209 143
312 218
71 42
176 118
203 188
225 167
280 53
35 19
200 198
133 66
202 124
87 27
257 46
129 119
232 183
219 119
153 85
91 28
230 26
131 27
309 260
256 85
318 277
271 83
206 87
304 75
301 266
158 134
261 42
305 163
250 9
176 155
284 212
116 108
239 109
152 109
96 71
155 32
191 175
152 142
151 107
206 22
313 174
151 141
34 8
309 39
196 100
315 297
238 183
281 219
281 166
292 192
297 96
137 37
217 208
224 136
264 57
203 45
42 30
257 55
284 63
127 52
264 153
270 262
245 125
197 17
253 241
262 72
218 126
297 18
263 119
166 106
115 78
210 21
94 89
301 125
159 85
119 90
287 200
297 50
216 25
111 24
32 4
283 191
104 17
277 130
254 218
232 225
271 238
188 163
241 130
188 4
276 255
197 40
289 270
238 70
179 6
196 106
201 117
146 58
125 116
261 227
258 108
315 89
146 41
252 65
191 81
268 13
248 4
184 19
81 73
300 266
44 31
22 5
271 119
269 218
235 74
171 74
286 213
74 67
234 38
287 115
218 82
294 80
190 145
297 85
232 116
286 276
294 245
296 40
282 278
287 139
306 291
161 25
151 123
242 187
81 78
266 185
297 158
226 131
302 89
177 44
176 174
186 133
256 77
292 121
147 141
110 40
280 60
141 57
115 40
269 100
109 25
255 234
22 6
54 43
316 236
189 162
150 130
284 277
313 295
254 213
187 102
242 227
313 181
302 55
276 270
27 10
277 175
319 220
244 94
260 119
213 78
148 61
216 186
199 123
260 246
318 165
319 192
199 27
166 59
232 81
185 98
300 15
191 106
61 7
173 27
211 200
304 267
67 24
149 147
245 151
307 16
84 39
284 102
37 26
223 36
312 245
50 38
291 134
310 124
274 204
314 45
169 51
305 44
296 235
129 78
142 28
132 57
219 185
298 139
88 18
58 45
289 222
230 79
250 193
306 40
91 58
182 22
214 151
268 60
232 152
305 111
162 145
178 111
15 11
295 247
311 213
259 53
238 118
211 29
278 39
66 26
274 198
249 55
106 20
298 291
66 21
30 2
310 283
301 149
291 174
319 273
266 249
314 301
186 87
278 83
69 1
153 109
213 36
99 44
292 140
291 123
282 224
159 109
141 44
223 192
234 64
158 80
119 42
70 63
234 12
191 29
299 36
212 125
276 111
254 129
296 95
295 233
249 16
124 81
317 269
274 203
265 119
190 143
122 57
251 162
102 35
78 14
211 113
319 166
272 222
94 80
172 80
311 110
188 8
318 201
149 141
74 4
247 37
225 111
202 145
304 147
249 160
196 138
247 202
98 79
