380 1140 300 2500
297 201
227 68
371 119
247 220
303 75
317 115
192 112
365 353
233 87
256 7
313 273
315 310
27 10
248 13
232 139
372 292
242 10
327 27
200 23
181 92
254 104
122 7
218 42
68 40
316 78
63 29
352 173
209 109
311 41
264 103
118 104
324 87
253 134
67 44
330 168
86 16
306 236
316 209
78 50
208 149
279 96
174 18
81 28
160 150
307 284
164 2
210 83
304 263
358 194
23 17
252 212
51 36
357 345
308 31
340 216
330 303
376 152
362 106
315 193
158 148
161 6
220 63
133 68
274 106
258 50
101 78
38 14
322 270
175 116
237 189
165 109
267 183
342 192
57 41
340 45
261 42
281 27
364 106
227 18
311 305
238 132
50 47
158 101
359 17
306 289
292 124
299 148
203 44
96 75
289 282
268 222
232 121
73 32
289 202
134 129
266 118
374 6
68 1
371 76
181 156
244 34
328 13
363 64
347 272
143 50
291 113
259 99
346 106
317 219
274 257
349 168
265 78
292 218
314 68
378 366
366 156
374 129
177 14
142 141
270 189
167 9
187 156
128 84
296 265
264 160
336 328
350 197
301 98
126 20
144 108
295 25
262 74
259 64
303 91
300 237
164 82
371 197
317 169
313 235
342 299
85 80
142 62
104 6
378 188
177 112
166 26
235 101
278 188
260 237
182 13
292 43
319 170
339 30
98 37
157 9
252 115
90 73
240 120
99 36
371 237
276 246
290 280
375 275
124 123
377 179
310 75
245 99
321 316
315 228
91 2
117 95
344 269
313 1
244 90
61 42
185 35
71 29
286 283
116 115
306 292
313 253
299 137
186 164
332 123
299 46
191 148
175 123
276 120
353 242
369 7
366 125
130 110
187 176
322 228
182 106
219 130
339 190
328 232
208 96
217 95
336 56
65 14
343 338
321 136
144 45
376 2
213 98
172 19
368 25
196 133
366 86
363 80
375 362
145 144
273 109
267 1
325 25
130 54
206 144
270 62
151 145
361 340
376 4
379 248
370 61
156 139
107 86
153 54
310 193
233 219
304 55
95 73
66 49
259 92
347 194
199 99
145 120
379 64
360 293
225 27
198 63
333 286
317 232
110 26
305 273
285 223
252 88
344 331
160 132
128 61
165 9
217 30
269 245
357 351
378 132
361 111
365 358
190 37
205 203
358 222
68 23
209 77
357 147
215 123
52 27
188 135
286 153
57 19
336 22
322 112
358 51
276 253
265 256
270 215
261 61
314 121
259 155
345 218
139 107
280 61
301 215
159 44
102 42
310 218
258 143
326 93
326 274
283 157
315 249
144 64
158 14
168 65
230 85
138 123
115 30
377 72
192 181
211 5
362 185
378 239
242 56
200 91
126 59
175 30
258 166
238 131
337 268
225 223
242 226
349 297
151 105
377 190
373 83
370 176
326 117
234 192
321 292
348 288
340 233
350 4
329 137
246 53
216 176
309 261
286 240
178 100
303 223
340 173
150 15
333 261
38 34
22 17
347 274
300 276
20 13
273 262
358 243
115 53
253 218
338 98
314 140
323 94
240 86
346 304
272 3
372 237
136 58
335 238
263 57
318 58
182 3
250 54
351 274
107 45
78 24
359 306
118 66
218 102
374 295
362 120
132 63
235 125
287 230
304 74
254 7
308 224
340 158
319 312
317 259
177 143
365 323
351 91
266 262
333 189
179 157
328 46
372 113
195 179
365 110
312 115
366 8
188 178
317 76
266 194
262 28
184 33
319 256
19 0
217 56
335 219
34 19
334 170
145 142
315 143
341 312
42 29
372 180
187 89
72 64
282 216
346 268
231 45
368 248
354 352
375 151
190 64
320 135
223 165
369 346
186 156
290 268
256 20
194 16
293 32
309 211
330 184
285 148
107 72
298 90
368 69
333 329
194 95
363 238
246 70
206 90
375 37
136 74
125 12
267 28
150 46
349 82
344 30
152 83
266 17
362 207
361 354
296 166
360 1
261 258
360 125
310 65
231 54
337 333
149 123
343 304
218 100
216 61
218 11
277 14
368 105
323 44
362 170
298 280
284 133
193 43
140 14
254 215
333 125
290 33
213 110
337 136
329 29
339 105
271 240
311 21
311 107
333 255
69 23
276 121
254 46
247 72
113 57
221 86
338 334
222 193
56 5
341 282
339 157
303 200
300 222
231 174
247 239
256 214
316 220
196 61
222 0
351 24
336 96
285 159
158 154
220 169
280 123
321 97
155 111
106 40
270 103
233 20
308 253
254 196
234 127
372 281
299 232
195 193
216 20
352 302
326 188
217 18
25 6
304 288
72 28
368 39
289 166
106 75
278 46
327 98
367 237
303 4
334 159
236 203
323 147
160 158
184 29
186 71
373 221
341 108
374 226
232 90
192 130
124 106
138 79
354 57
276 249
192 1
46 42
170 83
89 53
154 113
368 85
286 258
345 199
368 92
322 226
306 94
372 249
271 239
292 212
244 68
304 31
236 11
370 227
195 152
279 118
343 172
154 147
310 122
84 6
364 124
279 115
252 18
92 83
69 47
328 240
251 107
76 44
350 262
41 1
312 36
75 35
127 120
218 17
244 131
133 116
196 39
364 91
289 105
361 95
153 112
80 74
369 244
312 172
224 138
81 22
212 87
135 25
361 328
339 215
378 230
151 12
373 323
309 147
285 172
217 123
227 57
251 77
174 170
346 280
119 95
264 39
280 235
311 301
294 30
303 50
286 205
172 4
105 14
328 5
207 100
301 124
260 132
230 206
312 267
331 121
139 64
344 150
229 200
131 114
274 123
230 224
216 81
272 115
200 104
315 280
363 339
227 146
237 101
198 92
124 114
301 206
209 107
262 67
213 71
258 94
156 31
306 192
112 20
323 81
343 104
346 196
239 100
334 31
328 45
292 261
373 351
354 99
353 203
272 215
289 140
293 0
364 54
269 196
276 157
333 155
131 118
333 226
362 84
191 166
374 342
326 63
373 126
254 176
148 76
247 151
292 3
298 283
273 115
276 135
330 58
372 133
216 62
267 26
318 252
264 216
167 92
322 2
349 278
168 92
364 278
278 219
296 237
182 63
136 5
76 31
238 104
369 64
225 113
379 346
310 294
200 126
190 137
315 167
134 127
109 57
307 109
329 144
251 240
184 105
348 240
236 88
114 34
170 5
371 134
216 193
266 214
154 122
82 58
358 335
278 9
129 36
207 47
333 249
305 242
340 295
152 150
332 163
325 78
268 232
130 8
297 139
246 165
372 176
319 37
175 131
205 51
203 23
164 4
348 341
87 56
149 118
174 89
349 207
262 71
294 217
175 93
308 229
345 317
41 0
363 361
266 64
168 166
155 105
213 138
281 61
266 2
237 235
229 142
266 109
345 300
262 183
192 136
152 97
132 114
168 18
367 235
379 360
328 181
335 179
124 74
250 90
227 217
186 157
292 77
277 177
233 47
15 4
323 9
296 189
141 22
335 301
123 70
374 106
264 114
370 280
364 296
371 279
88 14
327 32
250 242
337 302
211 180
237 46
344 327
321 3
104 29
349 313
194 52
179 82
240 52
124 119
322 114
68 19
229 72
320 191
302 136
285 39
290 258
256 129
136 124
270 265
359 33
343 156
270 220
266 159
365 348
202 163
375 179
364 240
357 327
321 290
130 101
260 218
315 103
200 39
100 3
309 275
369 33
316 312
85 55
365 257
234 168
308 51
226 23
298 263
184 39
367 280
363 203
340 85
338 127
374 59
274 264
227 182
27 4
248 208
364 218
375 233
281 181
171 95
139 1
317 86
221 17
256 43
344 162
76 68
200 61
348 305
323 76
325 295
228 9
321 50
324 35
315 160
82 4
74 47
326 182
371 144
318 293
314 20
363 242
225 71
163 16
327 159
284 275
219 158
376 213
250 228
80 9
330 136
361 264
322 163
320 131
307 292
112 48
117 11
193 188
202 148
241 169
158 81
245 244
284 123
226 170
247 157
89 37
285 111
374 121
244 113
143 54
363 334
239 38
291 53
160 157
334 15
274 57
287 84
349 326
342 101
324 201
279 176
368 10
361 177
344 133
289 44
366 77
311 108
158 115
335 44
253 243
370 276
276 23
303 128
210 134
36 27
17 13
294 274
305 269
307 148
114 73
329 107
188 34
351 59
77 31
165 63
367 244
337 191
202 157
140 7
257 54
150 129
205 47
173 14
205 123
370 222
366 167
188 158
335 161
339 180
282 250
353 15
339 213
325 210
358 86
326 155
204 169
112 61
172 151
357 241
322 171
342 186
66 19
322 263
271 36
365 165
357 238
339 150
248 192
254 75
140 51
364 196
182 131
175 7
295 165
342 323
288 239
282 158
214 178
111 88
214 2
258 216
366 353
265 117
244 231
277 227
216 105
284 100
375 369
148 128
245 0
378 91
346 45
122 0
309 106
304 229
148 103
198 123
374 150
279 238
353 254
180 169
69 64
368 290
39 33
332 65
304 170
361 112
359 37
253 100
265 250
283 8
186 177
349 228
158 25
345 227
75 47
288 79
234 221
268 120
318 270
300 203
206 180
317 275
231 6
359 216
288 99
204 40
273 132
227 188
271 131
369 163
264 179
214 25
162 42
361 93
366 135
291 236
222 52
319 221
108 45
322 165
257 61
347 208
285 61
214 3
178 32
259 102
155 53
299 77
316 156
128 39
93 45
208 56
361 323
218 160
250 230
364 45
286 56
126 71
305 67
308 60
127 125
127 49
371 201
346 345
271 1
235 86
135 120
375 244
94 38
294 91
365 297
256 165
355 17
33 32
187 30
362 201
169 13
121 100
256 104
279 119
270 186
303 208
356 46
373 310
164 98
306 286
235 18
377 220
270 216
361 36
319 124
223 161
263 118
45 18
258 236
244 32
345 130
337 81
362 35
290 115
280 167
284 86
81 30
276 263
240 145
62 8
362 325
209 90
92 53
360 251
237 78
346 20
128 26
355 325
331 5
308 139
224 133
163 53
20 5
109 45
245 58
318 201
109 1
301 133
378 71
292 14
246 101
227 158
279 59
259 148
286 144
367 339
191 112
222 146
291 99
323 221
140 81
230 108
323 47
167 129
258 105
114 0
259 52
231 19
275 20
344 74
224 125
215 196
178 81
370 67
203 2
333 276
153 8
75 70
79 31
237 157
209 5
160 157
259 255
178 11
222 71
108 20
166 90
102 9
261 151
122 106
200 174
280 88
123 65
209 147
258 37
85 62
244 218
263 211
143 124
261 53
176 139
78 49
289 271
168 104
188 173
227 96
232 195
268 225
280 14
265 102
238 169
229 108
280 184
49 14
275 43
204 163
197 196
250 212
106 16
182 93
70 68
262 112
250 23
269 223
275 109
263 48
209 38
62 9
248 172
240 12
245 218
281 4
277 87
76 10
250 248
186 182
187 167
223 127
275 35
62 10
186 85
287 95
266 75
152 150
229 186
296 45
253 5
143 125
180 20
191 72
180 178
226 10
257 171
19 2
214 190
242 163
235 42
277 208
259 87
162 82
126 69
250 135
101 69
105 94
249 37
255 91
127 86
244 58
267 172
167 47
207 172
168 156
217 89
80 44
245 23
267 2
241 179
227 169
75 43
97 69
179 153
226 66
187 52
276 255
209 193
88 55
200 127
191 176
47 20
278 159
190 49
201 23
233 125
286 161
183 90
293 3
259 67
269 26
72 31
275 220
292 7
221 147
267 192
269 252
192 16
212 81
138 98
246 241
176 102
91 23
107 85
219 47
83 51
212 136
234 74
72 16
229 120
219 132
132 39
179 43
246 126
230 29
249 51
210 158
165 67
203 97
241 13
156 75
153 43
112 77
139 55
212 164
61 2
30 8
122 99
245 176
246 198
251 71
67 65
246 141
87 59
23 17
282 161
65 40
170 55
280 54
285 100
181 60
218 108
294 9
285 153
229 191
98 48
286 91
81 30
271 115
128 59
173 122
253 62
148 26
260 79
282 204
213 104
79 66
212 53
275 113
287 167
225 39
149 31
250 165
212 150
186 96
238 194
253 122
129 111
279 67
230 72
230 48
236 146
234 114
85 65
192 71
152 48
224 90
260 87
190 123
269 41
220 119
229 225
298 149
160 140
79 14
275 206
100 94
203 162
104 48
241 161
219 82
152 31
67 56
283 250
293 103
296 206
295 231
161 69
202 0
241 88
274 72
299 244
240 29
272 160
214 145
162 99
290 4
271 138
95 92
52 5
292 128
150 65
290 2
69 56
279 201
175 89
211 87
226 155
165 80
284 253
296 67
189 62
133 16
295 198
224 127
217 43
185 171
173 106
245 81
41 8
254 8
297 52
250 158
270 148
160 14
222 2
217 58
264 0
207 13
155 122
206 126
239 127
257 196
280 223
244 96
71 60
255 63
108 30
175 138
278 4
272 120
63 39
225 46
273 18
242 225
146 94
290 151
214 160
292 83
271 184
285 224
173 127
211 141
244 2
299 41
198 194
255 184
194 104
156 26
290 207
253 197
105 15
274 161
206 60
268 120
200 31
184 157
221 117
87 23
239 67
66 19
96 43
187 48
285 280
278 42
277 35
276 201
243 221
99 95
80 50
255 32
115 37
215 173
229 101
291 1
239 126
203 18
294 139
243 13
57 28
280 224
275 185
177 121
75 22
282 225
215 143
138 20
190 155
75 36
263 20
229 42
179 94
237 66
249 148
223 222
161 128
296 239
240 52
163 47
176 114
276 30
167 12
289 58
164 34
294 30
131 43
204 110
241 8
117 34
254 170
134 76
277 89
269 260
112 100
294 234
169 8
273 26
104 34
173 166
236 203
260 39
266 243
282 59
226 2
249 220
122 103
288 265
295 60
138 72
271 240
216 124
40 6
287 171
210 125
157 34
221 199
178 54
226 72
294 141
4 1
200 130
270 63
106 11
160 139
131 45
228 56
206 180
113 10
173 16
213 20
255 29
245 34
279 84
264 236
232 155
235 159
198 118
234 3
142 13
284 175
141 27
299 13
296 236
193 100
70 11
270 34
98 45
165 161
89 18
109 16
261 205
230 114
131 35
77 27
246 101
296 97
281 109
236 186
229 196
72 6
248 148
274 223
78 15
242 23
178 85
232 147
96 38
159 115
291 136
97 0
172 29
161 101
287 43
245 162
260 10
268 184
166 145
154 89
83 29
146 46
126 58
197 13
229 91
68 1
247 77
225 23
127 121
224 46
180 91
213 192
29 18
174 26
257 250
171 142
161 9
166 47
139 119
188 5
181 99
229 25
166 132
152 34
196 133
239 128
115 6
190 110
228 1
284 171
135 6
263 64
238 51
253 249
176 153
53 41
179 63
274 214
279 32
277 130
234 51
201 17
293 182
294 73
133 82
288 45
258 153
213 157
286 200
204 122
150 9
231 222
258 213
103 93
286 261
6 5
283 203
71 33
38 32
258 182
241 74
125 0
239 176
293 82
274 187
234 15
77 56
232 154
159 90
237 0
274 231
236 157
234 199
149 16
275 144
220 147
273 195
235 196
293 273
24 17
157 110
251 174
105 85
158 45
266 107
158 137
287 170
206 186
146 27
293 204
168 166
74 63
262 258
114 39
167 161
121 69
117 49
257 127
187 88
255 136
171 76
282 64
292 167
80 32
227 142
198 62
239 211
282 230
187 149
170 153
101 97
227 187
283 170
88 26
227 77
278 237
154 78
283 43
209 160
268 237
175 117
216 166
268 101
75 74
269 54
292 138
273 130
152 120
285 134
214 24
292 108
278 44
284 216
235 16
292 213
231 71
274 102
237 87
73 43
58 30
294 14
189 8
75 68
241 75
144 49
31 10
221 141
269 165
258 5
260 29
106 26
106 42
275 224
183 56
283 213
147 96
154 77
175 18
206 175
80 64
196 168
285 55
249 61
78 13
260 61
259 212
25 2
65 20
73 13
132 91
280 192
71 23
224 128
133 6
183 157
153 73
211 129
293 119
256 13
259 211
217 90
154 26
276 225
249 117
211 181
70 46
231 83
233 108
121 107
118 100
200 183
140 47
274 78
61 26
296 287
293 18
154 45
248 94
292 194
228 184
267 217
249 153
228 45
178 167
289 249
245 119
173 154
221 188
47 3
283 45
280 37
225 92
127 3
286 99
224 79
186 27
228 211
226 125
249 211
116 90
265 154
99 31
212 161
51 35
146 61
139 94
286 78
143 48
244 68
262 180
145 96
180 63
294 7
276 155
124 55
149 89
221 34
239 237
240 209
187 89
50 29
195 69
161 75
218 127
218 194
154 114
289 215
141 110
184 57
258 206
270 40
119 107
110 103
182 128
225 29
199 40
195 104
120 21
214 42
280 264
274 253
245 139
229 147
251 59
233 57
146 144
174 50
47 46
123 78
247 16
235 86
295 98
246 48
143 7
222 182
273 237
294 35
268 20
255 237
159 47
182 167
242 21
227 172
267 115
52 20
184 116
252 192
72 38
225 129
86 82
250 141
291 117
285 122
195 21
112 39
225 194
217 144
212 11
206 101
115 14
262 204
100 78
262 117
256 253
146 1
248 39
118 43
258 145
234 97
236 184
254 241
141 48
271 221
279 196
147 94
255 96
257 119
261 217
268 52
271 92
287 17
227 89
292 126
68 53
89 0
123 60
281 32
280 58
132 47
243 173
260 111
289 242
239 155
220 157
260 242
248 169
114 5
248 155
196 95
220 68
252 184
187 129
193 26
296 214
190 91
140 36
154 99
287 122
233 73
193 48
146 28
181 105
292 61
220 30
214 172
169 109
291 36
253 152
228 77
99 83
192 39
267 164
224 118
205 36
42 6
105 40
169 9
148 65
117 96
151 89
222 140
145 98
77 18
250 140
257 146
184 92
299 136
270 74
179 78
212 32
149 93
277 187
255 137
76 63
137 62
114 24
113 35
284 222
154 15
230 132
239 195
280 218
207 141
214 9
261 189
297 250
169 158
52 8
189 141
190 119
218 211
226 58
196 81
153 66
270 180
289 229
273 148
77 74
203 151
289 160
91 56
202 16
203 92
283 9
296 294
287 233
290 184
196 193
257 178
87 22
148 103
256 41
269 83
252 202
278 49
124 73
226 40
129 34
287 286
230 208
298 2
53 48
94 26
245 60
246 161
255 94
40 36
204 159
97 36
148 77
190 142
69 52
262 161
251 150
298 87
173 48
196 128
266 209
224 57
168 34
258 238
120 44
191 73
289 143
206 9
298 120
83 22
108 61
100 67
265 107
54 7
132 90
299 33
88 22
199 81
91 44
289 84
259 115
115 18
291 166
56 31
105 91
181 147
257 137
284 233
174 164
173 80
204 112
278 227
201 156
62 27
122 73
240 195
174 173
284 176
172 127
195 13
272 34
204 88
93 10
151 100
264 144
188 102
215 92
138 47
92 27
185 93
232 35
141 2
294 284
197 27
283 2
287 265
201 56
232 144
267 3
248 205
207 98
296 284
210 118
131 46
291 260
191 61
297 164
75 14
243 153
210 167
188 115
262 59
209 17
121 1
151 122
247 219
258 240
149 73
219 74
177 1
277 186
286 247
153 151
217 149
176 59
205 135
293 159
238 53
187 110
179 73
207 135
221 187
264 245
258 201
68 47
44 34
195 3
60 18
228 204
202 123
280 136
184 112
156 59
182 58
154 55
85 30
200 147
189 75
295 8
257 206
273 154
206 155
268 77
186 98
202 148
220 110
232 105
25 11
274 44
226 21
202 184
291 52
165 155
250 161
241 81
124 66
147 30
188 59
278 266
225 143
230 40
221 64
285 244
285 166
195 189
100 54
264 160
75 4
263 199
250 245
289 41
270 8
83 41
253 208
202 130
269 135
216 140
178 127
229 24
255 42
194 179
279 163
136 104
294 85
146 11
190 152
203 119
279 156
178 79
177 10
131 26
255 48
260 90
140 84
36 20
159 156
280 41
105 71
50 28
67 23
67 30
184 155
228 26
108 40
173 88
139 128
254 247
278 43
268 10
288 283
66 28
193 17
144 98
221 130
280 278
299 221
295 131
243 77
265 4
101 12
297 72
296 134
198 173
64 36
223 183
218 166
270 46
112 38
260 86
147 39
196 72
273 48
202 1
188 19
116 26
116 66
297 191
239 188
255 132
264 114
92 48
171 2
65 25
219 140
217 195
276 102
281 138
295 176
187 98
264 22
198 15
243 174
113 32
205 78
154 25
280 197
140 13
137 59
247 9
262 2
159 49
80 38
245 228
234 135
190 32
158 26
202 36
231 37
284 177
290 230
275 216
19 0
97 13
259 89
21 16
38 8
187 56
198 20
58 13
219 12
160 18
214 177
250 187
185 12
202 195
161 58
62 13
280 222
167 95
155 123
264 6
153 55
288 217
184 121
282 273
231 124
95 76
172 144
289 190
254 51
215 98
177 144
218 147
230 66
174 36
275 96
178 136
208 158
281 266
176 105
296 177
245 95
185 17
107 58
220 187
240 129
194 23
277 16
276 109
291 229
140 88
175 149
276 21
187 102
210 79
164 120
264 87
60 39
152 147
174 9
264 7
258 124
256 101
164 159
200 20
193 182
166 85
196 171
203 176
77 40
151 83
119 94
246 42
280 125
256 155
289 1
135 120
287 74
270 195
265 264
192 41
252 237
122 79
154 24
275 101
219 90
103 19
191 117
213 100
72 46
296 82
263 212
247 226
295 204
272 222
267 63
240 106
211 85
276 162
269 57
287 197
132 14
261 209
136 52
297 49
230 206
253 106
159 2
225 109
209 12
296 27
236 43
172 136
259 15
236 152
234 8
180 36
280 43
40 0
276 275
126 43
143 119
88 32
202 99
297 141
21 12
203 108
186 120
278 114
225 51
161 104
105 4
199 36
152 24
177 134
290 29
173 0
106 101
143 72
139 125
198 183
22 20
231 9
249 202
229 167
260 43
121 77
239 106
191 45
243 91
257 100
251 165
115 87
228 72
212 192
241 113
255 134
295 208
56 42
209 151
223 158
86 7
281 5
171 103
239 198
38 14
240 163
265 239
244 42
249 92
193 147
227 141
114 97
117 100
157 123
281 14
263 163
161 115
242 69
41 6
199 109
152 68
278 116
248 230
265 148
245 91
228 62
234 44
198 48
238 4
276 260
148 1
277 233
226 189
213 191
82 31
285 28
257 194
190 172
209 203
75 44
256 170
74 24
171 156
205 174
274 269
262 218
118 102
227 85
68 27
61 1
292 47
296 182
87 80
134 17
126 101
201 115
295 30
149 119
210 6
27 1
271 155
231 224
49 33
49 31
54 8
107 82
120 92
209 45
141 20
197 68
242 143
141 28
231 134
207 58
290 68
124 17
261 241
283 236
223 15
286 79
254 167
218 87
66 26
221 216
254 178
234 150
195 114
132 98
152 52
73 30
262 40
273 222
222 122
135 73
224 193
221 121
22 1
165 53
103 90
224 106
135 106
128 51
228 129
126 14
225 93
219 185
261 27
290 248
243 64
52 29
282 110
266 184
251 132
153 109
81 17
191 150
194 79
143 123
103 51
163 44
262 38
284 48
134 79
208 146
290 170
262 216
281 118
285 159
81 8
87 57
221 33
213 183
194 45
174 116
125 90
191 184
176 110
235 139
283 172
238 148
98 44
291 204
55 0
157 116
162 27
59 47
235 89
239 95
250 166
250 104
210 12
191 15
296 143
182 152
100 69
257 244
152 110
211 31
206 199
106 35
158 69
86 72
241 168
297 180
53 31
126 78
220 114
219 24
266 205
239 79
215 163
217 84
201 109
93 42
278 126
226 199
214 29
95 39
188 187
282 239
199 140
292 150
156 70
282 254
231 152
158 149
223 170
255 97
37 34
263 42
193 167
223 114
222 77
191 126
182 169
180 23
219 59
200 161
118 64
264 18
267 260
247 40
216 163
150 64
239 231
88 30
191 147
166 157
239 74
236 108
55 30
291 102
242 200
183 175
110 4
139 76
171 74
101 33
87 10
189 111
235 227
247 122
258 86
124 99
223 216
205 8
238 182
296 104
226 61
180 99
245 216
45 31
275 199
22 8
256 75
139 117
186 146
248 192
228 125
287 19
252 21
228 132
215 36
222 112
207 129
68 46
211 42
174 2
282 171
201 69
286 77
296 218
191 2
236 234
182 174
63 43
176 10
129 89
181 49
152 36
102 66
101 9
256 104
255 232
180 44
222 52
180 134
212 116
139 98
281 189
110 95
142 25
260 14
69 23
296 54
95 38
298 152
160 159
85 52
58 43
245 76
180 61
104 96
274 241
297 234
201 92
221 129
269 265
277 68
255 46
197 35
270 59
233 90
163 131
282 278
257 207
100 77
290 224
186 104
54 6
185 132
62 57
162 156
208 111
245 43
194 76
81 15
201 133
272 119
166 122
146 52
280 158
195 123
186 106
102 36
198 151
154 112
170 118
178 70
261 254
89 77
132 41
184 154
186 45
95 90
134 63
184 3
150 1
271 103
247 86
278 55
297 130
285 272
213 79
203 193
282 266
174 17
208 16
190 125
205 83
244 109
142 94
166 20
299 212
179 88
206 7
285 64
208 1
280 165
231 41
31 5
146 34
291 200
254 189
100 40
181 107
263 201
279 202
127 85
112 62
240 175
253 172
245 214
296 118
293 292
271 24
299 142
149 54
293 96
180 26
187 70
147 58
285 112
284 246
164 3
279 167
212 115
216 0
285 245
204 34
222 54
299 83
235 64
189 179
181 78
63 2
249 242
93 90
31 6
294 112
162 46
113 92
290 67
128 63
204 96
262 208
267 224
290 174
82 42
288 134
293 59
283 22
159 64
270 98
289 95
271 186
198 80
64 49
224 64
217 187
280 154
92 7
204 119
204 169
60 37
271 200
192 158
277 83
62 8
236 117
263 156
197 46
228 5
282 123
112 65
166 105
216 2
269 49
147 19
102 21
62 61
135 81
154 74
243 204
181 132
127 74
199 101
194 120
288 285
228 106
130 64
70 33
218 6
96 25
155 99
225 119
292 30
66 41
78 0
105 62
259 83
131 21
104 75
195 84
127 104
278 120
29 10
207 30
147 38
216 84
252 109
290 257
154 105
211 115
213 108
236 139
254 109
59 40
165 163
239 20
285 88
126 0
284 225
270 3
246 149
208 5
296 105
296 120
258 73
227 100
180 72
188 164
226 149
280 47
228 203
203 50
294 243
208 169
112 9
186 167
175 70
279 158
240 180
226 8
146 62
76 16
238 41
178 93
180 29
197 55
154 35
85 4
286 221
156 100
94 46
266 170
93 12
181 36
108 90
120 75
252 13
265 192
157 144
196 5
285 259
252 166
213 133
204 121
245 67
226 206
148 31
220 94
250 195
242 12
223 13
284 28
161 112
174 147
224 181
72 50
224 7
128 95
163 8
243 194
257 12
211 68
279 120
269 111
56 5
269 220
139 66
212 87
127 17
218 2
114 1
233 14
59 23
239 34
114 62
299 198
193 125
275 62
79 1
225 149
233 76
162 57
95 53
198 150
82 5
259 10
277 240
166 92
140 16
153 30
79 72
266 1
54 39
96 94
151 12
179 27
169 156
86 69
56 3
206 100
243 33
258 144
277 242
145 32
251 51
31 7
191 39
272 176
263 37
184 58
81 43
185 170
212 1
120 15
223 8
153 144
175 152
267 94
211 101
136 72
126 92
287 69
88 17
129 107
231 156
186 56
163 40
273 105
231 115
263 219
74 43
229 193
207 134
295 36
220 137
248 217
297 288
278 112
276 59
61 49
284 251
70 16
255 225
223 213
190 36
275 148
143 23
205 160
229 154
248 70
161 136
158 64
138 63
196 23
226 129
213 212
281 49
91 37
186 121
218 33
216 182
145 99
84 46
193 37
122 7
123 9
272 145
121 29
127 50
286 281
46 41
153 100
290 117
293 272
238 227
114 88
239 83
264 210
138 126
267 187
295 250
277 71
167 132
291 240
142 69
124 101
217 177
299 99
211 198
273 78
189 99
218 135
255 51
289 166
295 256
76 67
259 159
134 26
242 206
161 107
43 19
84 61
280 73
143 91
106 61
293 234
278 173
229 23
235 59
291 160
204 129
92 60
175 123
195 115
259 184
208 166
268 109
291 271
271 181
169 168
291 28
218 140
125 37
114 31
119 66
298 103
159 113
80 77
212 182
73 16
149 103
264 246
223 75
272 138
127 101
255 164
213 211
186 2
279 213
162 6
185 159
261 21
298 135
239 230
79 30
261 49
195 160
279 216
234 149
252 157
188 96
206 87
247 213
281 56
174 109
269 198
129 12
208 148
217 178
180 56
19 9
181 129
192 165
253 181
197 101
282 211
254 24
89 62
138 38
86 56
120 83
298 165
245 102
184 148
91 67
252 173
198 139
251 37
124 105
248 114
245 221
136 128
257 173
231 14
75 19
267 202
247 73
99 56
290 85
269 184
55 6
295 45
95 16
190 188
227 127
80 43
155 119
213 86
266 49
243 25
83 70
293 32
274 152
108 107
241 17
133 112
298 146
261 216
292 66
172 33
226 185
199 102
273 1
220 126
176 86
73 6
217 209
232 47
226 64
225 64
180 18
268 38
193 57
176 38
250 89
187 59
223 46
253 212
285 106
298 208
265 62
131 31
291 92
291 175
139 102
206 177
142 62
282 29
132 84
225 186
197 28
186 176
234 79
215 180
238 22
184 136
245 27
299 85
82 50
240 8
179 171
239 147
233 194
186 178
63 3
194 143
198 147
298 281
80 39
196 102
169 140
234 198
194 4
119 114
141 23
266 92
98 96
212 79
265 147
250 216
169 67
236 80
241 35
225 208
96 78
247 140
169 133
193 59
219 108
290 210
272 268
252 56
221 112
219 84
107 15
210 180
292 263
217 1
222 169
87 32
154 30
261 112
173 77
255 3
190 86
145 23
146 43
141 13
141 96
109 38
195 130
271 157
141 21
74 57
281 94
293 223
192 112
290 144
179 136
299 122
142 4
277 183
200 190
265 90
255 115
273 74
296 13
276 13
252 222
277 118
226 223
153 141
269 62
197 0
226 211
175 160
175 35
263 143
123 49
118 24
244 149
50 0
213 188
235 152
235 15
240 67
272 19
283 273
295 1
296 15
192 151
231 24
272 129
264 157
270 187
195 163
203 101
267 90
132 5
264 91
277 157
180 76
203 40
172 46
222 4
168 59
256 80
163 68
187 84
213 121
278 45
198 50
298 192
247 165
177 80
213 57
272 237
123 38
263 24
283 263
248 6
190 16
227 168
129 100
200 77
192 84
273 73
76 1
115 29
139 13
239 173
284 282
217 27
244 28
113 11
225 1
185 178
142 23
27 12
209 52
241 118
171 10
260 129
246 71
36 9
274 111
27 13
263 202
200 143
232 170
112 18
173 8
130 57
280 72
161 92
192 126
113 62
234 177
292 5
256 95
284 271
152 106
237 185
287 89
183 128
244 108
283 146
214 151
106 21
239 91
118 50
259 235
297 251
263 160
148 45
177 58
289 117
231 82
173 111
59 42
296 226
205 52
63 40
96 34
115 38
154 66
119 106
100 91
218 73
225 25
290 178
254 50
121 7
296 240
273 9
235 88
164 128
249 146
118 13
273 67
283 39
214 183
243 123
89 56
237 11
160 5
161 160
39 32
290 107
159 18
204 168
130 12
64 27
151 17
241 110
128 89
270 136
136 34
289 126
220 213
203 62
110 85
261 220
195 33
121 12
214 163
290 125
252 39
268 50
209 9
254 97
146 101
273 109
125 51
137 55
299 59
71 65
257 7
92 34
187 136
139 45
48 12
233 170
229 115
258 3
122 95
168 49
287 272
118 26
151 67
242 90
281 202
201 195
292 140
63 62
276 235
261 76
193 9
189 122
209 50
146 83
98 60
243 215
29 0
278 201
295 237
219 155
158 71
182 72
153 75
224 67
49 30
207 139
199 18
106 22
155 74
273 90
273 168
160 141
285 98
158 54
218 188
167 129
232 156
209 93
244 15
230 140
256 124
93 26
187 146
71 41
166 83
257 188
248 103
254 27
48 32
220 16
275 152
182 145
222 163
107 91
190 132
266 16
217 168
298 265
282 279
51 2
137 119
143 140
221 37
201 186
232 38
239 138
232 206
289 137
210 66
298 151
276 28
131 109
269 122
98 63
223 89
209 46
282 186
264 14
46 25
250 217
218 187
205 94
195 100
101 99
225 52
125 48
221 134
267 204
232 0
179 176
218 103
84 47
258 223
94 74
168 134
35 32
200 185
150 61
281 51
201 116
252 46
197 70
287 77
255 163
224 42
69 39
252 119
183 87
257 225
91 70
99 90
179 143
13 10
59 0
129 72
220 55
242 24
219 217
288 72
282 20
281 171
258 42
184 124
155 116
140 43
240 239
179 51
153 10
39 12
162 110
97 41
191 107
223 85
215 55
