260 780 320 2500
182 54
227 68
85 23
247 220
228 215
231 192
192 112
240 208
233 87
256 7
88 51
252 235
27 10
248 13
232 139
257 107
242 10
132 15
200 23
181 92
254 104
122 7
218 42
68 40
162 39
63 29
79 59
209 109
229 225
199 15
118 104
229 210
253 134
67 44
190 149
86 16
238 226
215 202
78 50
208 149
247 1
174 18
81 28
160 150
162 118
164 2
210 83
101 84
88 72
23 17
252 212
51 36
162 137
258 12
130 16
220 36
146 11
114 33
118 112
158 148
161 6
220 63
133 68
173 13
258 50
101 78
38 14
238 149
175 116
237 189
165 109
246 146
173 128
57 41
170 88
231 4
162 63
157 8
227 18
106 21
238 132
50 47
158 101
116 46
175 1
202 70
150 69
203 44
96 75
74 57
232 176
232 121
73 32
247 59
134 129
33 27
212 62
68 1
188 120
181 156
244 34
107 49
202 107
209 64
143 50
226 124
259 99
90 44
228 185
113 23
253 237
151 46
11 6
204 191
90 61
181 177
82 62
177 14
142 141
185 108
167 9
187 156
128 84
103 62
185 10
214 119
218 119
177 75
126 20
144 108
174 107
223 58
259 64
103 80
168 125
164 82
122 105
217 35
65 42
221 52
85 80
142 62
104 6
206 201
177 112
166 26
235 101
49 25
237 146
182 13
88 27
72 25
72 57
98 37
157 9
252 115
90 73
240 120
99 36
197 149
258 91
16 15
231 115
124 123
149 90
151 48
245 99
133 65
29 8
91 2
117 95
222 129
175 5
244 90
61 42
185 35
71 29
245 50
116 115
256 224
123 113
209 125
186 164
177 102
83 65
191 148
175 123
94 29
239 112
204 27
194 154
130 110
187 176
243 135
182 106
219 130
197 140
213 126
208 96
217 95
123 61
65 14
141 2
133 129
144 45
259 100
213 98
172 19
86 28
196 133
133 112
257 188
249 193
145 144
183 96
118 107
28 25
130 54
206 144
185 163
151 145
125 72
142 96
122 48
239 238
156 139
107 86
153 54
178 11
233 219
164 75
95 73
66 49
259 92
179 112
199 99
145 120
232 162
171 54
225 27
198 63
220 197
78 30
110 26
135 81
219 9
252 88
216 187
160 132
128 61
165 9
217 30
204 106
202 1
120 25
194 98
247 159
190 37
205 203
51 11
68 23
209 77
81 52
215 123
52 27
188 135
125 39
57 19
232 54
199 172
201 62
144 60
258 160
253 181
117 83
218 177
259 155
215 71
139 107
181 61
243 155
159 44
102 42
143 98
258 143
201 99
230 148
220 23
248 245
144 64
158 14
168 65
230 85
138 123
115 30
161 127
192 181
211 5
237 132
256 25
242 56
200 91
126 59
175 30
258 166
238 131
190 176
225 223
242 226
250 77
151 105
190 101
218 71
172 130
228 71
234 192
149 24
152 136
233 106
250 165
127 104
246 53
216 176
238 176
203 171
178 100
128 109
200 147
150 15
184 13
38 34
22 17
123 2
223 141
20 13
107 39
141 37
115 53
253 218
72 63
116 110
191 5
240 86
215 64
193 120
167 149
136 58
212 101
93 6
239 158
182 3
250 54
85 42
107 45
78 24
116 56
118 66
218 102
196 7
115 71
132 63
235 125
51 14
184 183
254 7
173 99
110 87
240 51
106 64
177 143
258 127
228 133
249 76
208 102
179 157
142 81
207 131
195 179
76 3
109 36
162 135
188 178
94 11
251 250
200 191
184 33
114 56
19 0
217 56
141 12
34 19
139 111
145 142
68 33
42 27
42 29
214 64
187 89
72 64
222 139
129 55
231 45
11 0
163 4
248 211
190 64
248 1
223 165
125 77
186 156
188 154
256 20
194 16
135 118
253 50
26 11
172 122
107 72
220 41
202 49
130 32
194 95
186 33
246 70
206 90
81 54
136 74
125 12
177 123
150 46
226 99
166 142
152 83
193 117
145 96
247 99
179 138
68 15
216 17
209 21
224 14
231 54
109 60
149 123
170 119
218 100
216 61
218 11
171 24
206 114
216 202
186 44
201 162
199 41
193 43
140 14
254 215
179 20
240 10
213 110
133 3
223 155
254 35
106 70
130 86
258 235
116 44
69 23
97 10
254 46
247 72
113 57
221 86
23 18
222 193
56 5
179 108
126 95
185 132
134 99
231 174
247 239
256 214
167 18
196 61
222 0
207 36
240 198
232 231
158 154
220 169
156 36
162 45
155 111
106 40
230 219
233 20
52 30
254 196
234 127
218 211
125 19
195 193
216 20
217 0
88 17
217 18
25 6
150 55
72 28
88 40
252 33
106 75
202 34
225 167
217 116
158 119
184 87
236 203
46 15
160 158
184 29
186 71
151 40
65 34
175 173
232 90
192 130
124 106
138 79
186 185
245 79
192 1
46 42
170 83
89 53
154 113
187 70
145 30
195 68
218 183
109 23
252 137
166 118
62 36
59 13
244 68
217 144
236 11
146 14
195 152
253 39
193 10
154 147
30 25
84 6
111 95
117 94
252 18
92 83
69 47
162 144
251 107
76 44
246 8
41 1
251 70
75 35
127 120
218 17
244 131
133 116
196 39
177 128
137 99
103 37
153 112
80 74
231 36
118 113
224 138
81 22
212 87
135 25
140 64
178 113
240 217
151 12
130 113
17 7
233 112
217 123
227 57
251 77
174 170
164 47
119 95
96 79
224 22
254 88
253 42
84 79
243 221
172 4
105 14
108 83
207 100
198 182
164 38
230 206
180 19
137 50
139 64
202 97
229 200
131 114
251 8
230 224
216 81
234 28
200 104
189 119
210 24
227 146
237 101
198 92
124 114
190 52
209 107
130 18
213 71
258 94
156 31
133 26
112 20
37 7
150 59
230 197
239 100
131 80
183 65
91 76
205 184
156 120
106 84
164 69
71 47
249 13
179 75
112 6
126 108
246 58
131 118
186 29
238 43
191 166
180 3
229 192
251 67
254 176
148 76
247 151
177 18
174 90
165 56
224 191
105 31
125 103
216 62
122 58
232 71
29 15
167 92
233 123
219 144
168 92
143 96
158 37
235 40
182 63
136 5
76 31
238 104
205 66
225 113
205 133
129 20
200 126
190 137
68 62
134 127
109 57
216 215
129 42
251 240
184 105
104 57
236 88
114 34
170 5
221 87
216 193
241 202
154 122
82 58
123 68
189 82
129 36
207 47
144 39
230 154
207 148
152 150
226 184
69 37
134 103
130 8
199 44
246 165
163 34
215 199
175 131
205 51
203 23
164 4
179 10
87 56
149 118
174 89
233 215
178 64
47 26
175 93
113 51
202 165
41 0
250 11
210 87
168 166
155 105
213 138
154 143
256 201
237 235
229 142
173 30
164 29
231 197
192 136
152 97
132 114
168 18
148 130
228 142
258 101
173 51
124 74
250 90
227 217
186 157
109 56
199 100
233 47
15 4
109 102
153 137
141 22
194 69
123 70
250 220
180 140
22 12
258 248
89 18
88 14
245 62
250 242
222 37
211 180
237 46
281 26
193 27
311 273
222 124
278 196
246 111
303 202
238 32
40 23
85 69
318 103
7 1
202 37
162 83
250 89
221 161
305 283
181 91
299 129
236 45
276 28
218 172
213 48
304 14
291 195
313 260
260 138
194 160
273 199
181 60
142 90
289 140
100 39
235 89
152 33
288 154
145 67
292 3
198 167
217 21
304 237
296 179
178 124
305 244
236 216
207 188
283 256
273 2
287 212
183 69
287 149
214 50
32 15
138 79
312 28
94 5
105 75
311 55
253 86
301 180
92 86
285 232
308 218
135 9
266 98
190 42
154 106
78 17
266 172
289 133
217 209
254 158
270 225
218 213
179 62
205 96
294 254
62 12
225 14
172 37
305 255
282 204
172 59
42 9
295 67
241 1
107 106
316 74
245 45
241 27
245 96
161 115
219 2
298 207
310 12
287 106
312 23
175 7
23 12
209 128
305 197
175 43
230 51
278 274
150 131
291 67
274 63
93 6
308 265
303 261
85 84
180 82
106 52
133 43
139 48
197 140
161 22
278 30
286 252
203 37
183 169
190 129
153 25
314 71
230 229
166 94
285 136
263 124
275 26
63 33
244 37
210 178
304 144
305 168
88 8
149 51
48 35
212 1
123 105
259 92
121 3
208 182
184 20
272 60
279 165
233 175
139 100
50 8
236 235
113 68
227 154
132 80
288 2
197 176
279 139
243 32
304 110
109 53
310 129
281 72
313 132
184 162
126 52
185 57
255 174
300 175
269 221
284 21
28 16
247 6
283 147
283 188
20 7
93 28
215 49
228 3
225 4
250 242
228 175
277 222
287 19
73 64
257 32
187 108
256 251
197 104
286 160
304 80
222 103
315 3
82 40
276 99
234 145
300 265
269 175
310 125
141 69
310 290
243 26
138 91
40 35
101 18
113 20
218 187
269 184
138 12
251 218
296 34
268 47
199 35
45 36
210 155
276 177
34 27
292 235
198 103
232 186
277 109
183 73
60 10
272 157
136 104
287 146
306 192
139 1
94 2
117 58
301 174
181 55
201 69
283 190
319 28
174 57
213 136
290 18
256 150
265 257
273 204
202 56
272 57
204 26
263 120
100 80
233 47
136 95
220 123
258 52
173 1
309 26
146 144
271 97
162 120
313 36
110 30
75 71
189 68
273 120
293 155
287 236
282 280
309 23
110 69
255 123
200 173
293 62
240 175
173 27
239 205
167 50
284 151
187 103
302 223
231 170
298 52
122 105
309 171
189 94
144 12
293 105
105 46
61 16
196 171
205 92
88 84
199 170
296 234
270 57
76 6
259 254
134 122
227 214
198 171
69 12
262 250
275 205
292 11
277 34
224 83
266 22
27 1
277 46
239 125
223 194
229 223
176 71
291 260
240 88
151 52
211 86
267 162
312 148
264 18
310 148
297 65
117 67
35 22
281 147
283 41
251 146
69 16
81 1
268 206
294 219
181 82
267 103
304 209
207 10
227 203
127 91
186 111
262 187
269 109
135 105
309 192
138 68
205 138
273 36
182 144
242 212
284 246
307 283
153 29
263 75
153 46
301 137
188 34
252 167
56 5
72 35
152 80
148 124
235 157
198 93
302 150
177 26
314 128
293 109
319 261
205 24
176 33
190 139
58 32
144 6
281 141
193 34
154 129
189 121
139 121
192 112
136 31
245 242
246 37
280 104
201 82
285 211
177 35
148 54
163 59
135 8
253 42
267 224
217 86
313 298
203 105
207 95
64 44
234 133
216 214
188 182
148 120
191 30
239 16
183 58
256 167
243 187
290 141
295 265
55 39
160 41
208 70
159 140
235 232
289 46
170 7
241 13
135 5
290 87
151 42
172 33
187 168
285 13
111 56
265 185
175 141
131 54
109 73
276 45
128 98
176 30
280 53
226 120
95 65
165 82
248 61
207 108
153 100
282 100
84 38
85 28
273 214
186 70
305 30
37 24
266 34
249 29
274 27
297 175
273 25
219 29
248 173
59 52
264 32
246 39
129 65
245 99
284 58
220 24
134 74
251 195
260 31
266 244
293 278
229 139
308 215
30 20
115 38
260 211
314 161
228 125
280 37
77 36
248 135
268 4
194 17
290 128
187 90
195 146
181 108
279 52
268 13
280 45
297 97
223 195
88 9
268 254
190 130
291 144
305 63
314 273
318 275
212 73
236 40
302 200
154 150
292 87
286 110
281 16
89 64
288 284
244 109
267 265
262 225
302 198
136 64
238 110
296 124
267 5
98 74
228 189
203 85
314 151
223 158
195 184
202 45
300 219
115 97
106 49
319 283
123 59
306 196
297 19
174 153
267 248
307 151
260 244
239 168
62 43
113 48
168 82
153 22
298 136
241 111
101 4
282 24
101 86
277 253
158 59
80 6
154 138
235 148
147 84
75 55
147 30
237 33
284 33
307 239
255 235
54 7
139 85
245 166
180 123
203 151
273 8
202 8
190 59
134 118
211 89
240 52
113 29
291 127
175 126
181 177
266 134
287 185
314 99
210 63
243 69
232 187
266 163
259 73
313 266
304 61
156 55
98 76
304 95
257 130
239 63
250 172
202 196
280 143
305 242
294 51
273 268
39 38
114 14
152 116
78 29
310 152
225 59
204 97
167 51
279 255
219 72
177 6
155 120
178 3
277 230
248 203
135 70
264 238
147 81
235 74
278 174
237 25
254 142
28 11
133 30
200 86
296 230
316 250
110 72
241 52
133 18
151 40
23 20
222 44
154 105
131 100
298 168
255 100
175 13
99 76
257 183
204 163
107 78
242 232
217 90
293 3
228 27
297 1
126 2
188 129
175 26
272 268
209 115
256 215
185 81
211 126
264 95
98 23
180 51
192 13
76 22
45 32
118 77
139 134
235 94
181 101
269 55
106 54
192 85
237 80
177 51
207 157
314 215
254 247
200 87
208 36
86 19
162 85
44 34
153 3
305 70
139 42
170 45
252 105
204 63
313 95
155 141
231 36
274 206
203 76
311 289
208 159
308 221
219 99
251 3
227 96
101 67
143 118
126 60
187 57
311 2
155 44
267 186
288 71
184 26
266 19
273 102
288 259
208 156
105 80
225 164
167 87
315 116
229 82
280 270
125 7
279 215
297 176
222 53
102 19
263 112
309 268
288 147
122 23
277 212
225 67
205 68
169 143
213 109
84 29
176 161
192 99
159 145
138 58
279 220
282 207
264 198
255 232
236 225
267 48
192 117
312 302
187 35
304 115
242 18
218 19
227 1
176 14
206 195
51 39
102 48
117 98
288 38
177 81
216 49
309 203
110 61
265 197
148 2
227 82
185 157
173 83
223 204
317 205
280 17
118 15
146 82
305 228
286 66
149 75
84 44
90 86
73 1
198 104
237 224
268 134
163 137
155 36
124 28
112 70
168 38
270 122
165 115
254 88
213 54
214 129
308 214
295 95
80 3
220 38
289 19
208 52
150 149
243 158
201 41
149 103
250 195
282 83
285 233
244 225
158 12
201 52
312 113
218 114
259 167
249 227
220 138
152 145
316 148
232 163
231 74
266 170
149 134
289 241
198 88
312 282
280 84
212 36
260 95
124 37
208 137
143 57
240 132
147 2
313 280
198 115
98 84
283 218
306 111
281 272
163 104
268 59
254 162
267 23
249 85
226 182
174 103
173 15
137 11
289 128
224 216
259 115
105 94
273 130
162 113
240 176
227 72
224 203
221 3
200 137
315 84
266 39
124 51
33 30
47 27
254 230
242 81
315 80
171 117
306 275
278 262
183 168
252 24
178 157
316 54
298 167
274 4
164 97
214 141
240 17
265 43
214 41
135 131
69 51
278 202
203 138
195 142
166 77
256 6
153 21
194 70
243 133
245 217
231 159
249 163
280 23
248 109
235 40
210 128
295 21
302 238
194 145
251 227
203 95
278 213
132 110
187 39
204 111
196 110
231 59
267 4
286 135
48 14
168 133
292 109
147 25
297 215
49 19
301 235
241 233
131 36
241 62
284 180
192 28
115 50
147 87
293 289
171 137
269 155
228 76
56 45
200 21
276 123
123 24
239 118
303 181
137 82
254 81
293 255
206 110
113 83
301 284
208 207
156 134
134 112
292 133
300 217
177 163
312 83
279 94
286 35
165 19
317 91
237 200
160 13
267 99
84 0
209 137
242 231
281 45
172 107
102 91
296 113
107 52
205 64
99 44
74 21
223 219
254 159
201 167
220 181
136 86
305 98
306 94
220 185
285 18
222 117
40 33
213 127
194 179
278 38
242 240
247 45
279 268
127 95
292 27
26 9
216 175
169 19
95 21
180 112
191 50
178 30
271 238
293 138
241 109
269 22
205 118
199 87
140 8
254 138
283 85
190 120
79 61
231 223
78 14
311 149
143 62
214 159
159 147
171 71
316 3
312 125
277 73
266 187
154 136
239 187
212 104
224 220
288 170
318 58
207 102
222 114
315 123
240 161
274 255
230 62
153 37
150 141
295 215
108 17
301 226
76 58
261 176
230 166
86 78
219 107
137 121
160 154
304 90
189 76
283 136
88 4
148 131
229 207
255 167
107 58
187 150
107 22
301 196
196 3
38 17
140 100
215 111
300 297
158 102
318 261
250 168
116 60
181 57
258 57
238 54
306 2
70 10
310 246
261 241
172 45
310 234
282 186
95 9
290 108
256 1
307 278
225 58
149 100
145 115
155 138
311 178
154 143
258 50
101 17
253 110
170 29
94 13
27 25
267 46
109 26
247 177
99 26
117 60
78 4
252 26
317 47
305 124
272 228
280 57
288 283
314 113
149 36
199 71
230 49
167 98
89 87
316 112
150 79
249 6
267 255
319 201
236 80
304 132
116 76
224 150
252 203
317 167
146 76
275 170
294 154
287 285
73 7
315 68
300 230
132 19
79 29
280 112
262 158
261 259
172 167
251 168
96 25
43 25
245 112
173 148
235 110
298 117
309 116
65 17
318 272
223 1
137 50
162 46
47 40
170 2
287 163
18 17
286 204
250 115
73 22
117 81
111 6
204 202
298 274
304 262
298 78
275 152
159 151
143 19
250 13
178 128
170 88
145 50
62 52
275 28
51 33
247 237
232 149
207 138
265 249
236 158
293 284
263 222
105 87
196 141
156 68
205 129
109 33
306 147
31 6
166 4
197 196
279 193
121 103
291 83
162 129
11 3
246 244
269 178
313 274
286 132
66 0
101 48
300 74
143 101
120 87
129 34
80 79
188 158
250 162
298 174
313 50
283 249
288 129
267 100
133 82
142 16
113 14
95 7
189 140
308 114
214 161
207 205
299 286
223 76
273 219
223 13
281 244
203 197
43 21
196 146
294 243
63 31
277 146
171 139
254 168
285 176
81 63
317 139
69 60
276 272
230 158
152 59
162 75
233 228
159 97
188 8
282 213
208 53
124 10
110 47
268 204
155 74
125 103
206 40
316 213
233 53
250 10
238 69
179 108
285 269
308 249
252 201
179 178
209 41
241 157
257 79
271 196
139 0
125 111
133 120
177 60
227 208
285 12
298 216
169 45
56 54
205 63
139 32
300 56
304 4
138 24
288 124
309 291
212 208
225 222
244 33
278 131
269 115
288 58
192 141
208 73
185 3
172 126
244 130
263 187
204 10
191 97
155 116
108 68
264 200
302 89
162 13
217 112
176 171
262 81
240 65
270 87
220 73
258 138
145 49
221 170
229 18
232 130
183 164
236 140
207 5
195 135
240 63
158 18
293 35
306 297
245 32
181 119
225 3
116 37
220 116
274 126
264 28
144 51
252 70
293 221
223 119
106 43
25 18
272 12
93 50
170 18
291 65
298 144
292 37
222 146
196 189
276 202
87 15
129 116
246 2
274 211
87 20
281 271
193 74
34 5
178 56
226 30
300 269
120 5
304 212
134 5
67 11
168 10
309 304
172 17
260 19
256 243
201 59
138 57
263 95
223 178
291 257
115 1
203 41
288 126
254 113
258 152
304 269
92 72
230 20
310 299
196 52
101 1
184 5
301 11
215 11
303 36
211 71
193 129
293 260
81 66
116 8
222 93
309 182
284 11
116 10
262 131
217 115
217 10
101 23
214 37
250 221
165 68
187 120
211 185
86 72
255 58
227 198
13 0
298 91
281 171
311 184
122 67
293 43
311 167
123 108
161 67
88 71
293 264
257 4
129 5
26 1
167 102
252 11
238 192
313 226
267 152
205 124
199 144
305 286
252 133
166 36
176 13
304 270
108 61
308 274
280 106
229 132
200 49
152 63
130 19
285 109
192 42
291 91
274 41
202 0
266 211
243 146
233 32
152 134
104 0
253 151
300 110
242 161
276 130
49 37
234 36
304 233
235 106
182 84
222 2
217 100
192 184
288 212
304 283
198 54
66 33
72 7
158 153
307 64
162 126
112 55
236 97
49 26
300 259
133 77
309 259
237 202
222 121
169 96
227 14
195 175
220 21
154 22
221 25
184 8
174 19
142 8
198 128
250 152
269 15
106 57
302 296
153 95
266 60
214 195
140 134
239 47
286 145
247 17
141 47
305 71
120 112
100 37
100 66
170 48
140 1
106 86
225 85
219 144
207 133
186 95
202 6
300 116
258 239
90 83
227 155
307 96
191 46
151 4
294 88
113 101
262 11
124 56
240 10
284 236
20 9
282 28
298 253
283 243
73 31
229 75
292 196
153 39
119 45
307 220
314 102
229 40
319 149
250 163
229 217
190 165
244 27
124 58
129 92
316 98
161 29
100 85
38 35
150 132
309 231
190 142
297 257
231 3
251 34
239 223
147 76
153 15
155 134
192 175
208 1
110 52
312 60
316 127
291 164
127 9
63 11
157 140
308 89
184 181
276 145
302 61
171 44
229 84
264 239
174 5
224 214
143 52
196 33
254 24
262 160
154 126
256 92
153 24
143 35
294 123
312 13
286 234
186 125
279 179
298 35
237 114
141 49
314 69
307 7
246 25
270 37
275 5
293 96
219 68
274 24
53 11
222 92
297 165
242 241
316 92
199 129
207 96
295 4
202 86
69 56
136 135
282 34
247 101
172 13
253 21
153 137
216 80
196 92
317 269
218 176
162 158
78 13
234 33
232 53
180 10
289 22
255 180
40 5
301 298
315 198
309 146
121 55
185 183
209 191
307 123
151 77
314 95
289 250
268 116
74 54
247 88
133 56
304 204
270 40
307 63
168 161
264 49
155 28
303 73
254 211
297 264
280 40
96 40
262 252
300 79
265 240
240 79
190 87
121 19
194 84
68 2
134 34
311 84
255 42
276 201
175 30
188 146
311 46
257 118
174 60
207 39
183 146
297 126
258 6
311 75
273 4
112 17
172 38
166 30
223 201
317 287
255 194
152 87
113 0
315 157
319 113
215 204
262 178
311 59
117 4
230 162
77 51
164 119
193 114
312 84
276 243
318 65
278 40
194 57
67 43
160 24
91 7
292 135
121 110
284 26
295 37
213 111
312 104
122 93
303 132
244 84
193 148
277 128
287 152
43 29
313 241
240 203
218 43
192 181
268 171
235 115
256 63
308 287
107 10
267 3
235 124
261 5
184 150
178 29
27 15
277 32
297 170
317 289
181 116
255 134
158 108
33 0
319 11
247 13
185 49
99 72
197 190
252 231
308 231
200 54
225 207
257 254
282 212
239 155
192 138
126 5
235 19
78 61
272 230
73 12
243 125
318 99
232 91
252 196
229 177
166 111
291 73
177 46
249 145
246 122
178 162
16 11
138 117
262 75
133 110
214 139
302 31
198 74
143 67
123 37
276 194
222 188
282 239
239 221
283 191
275 3
185 17
72 43
100 15
221 146
235 224
206 60
204 3
135 4
231 95
167 5
256 41
267 67
310 117
263 17
148 15
156 69
259 18
115 7
209 98
195 74
72 37
89 25
271 123
252 235
239 167
195 160
205 137
291 87
234 137
232 230
158 24
305 48
84 23
90 43
266 165
318 214
316 168
257 2
176 96
298 263
123 58
197 64
280 39
282 12
279 70
255 155
168 39
277 68
181 59
296 131
301 261
166 125
78 3
293 59
285 112
114 45
115 36
226 48
180 154
134 119
319 199
164 4
287 258
199 38
256 217
171 153
27 10
272 18
282 172
62 7
259 142
273 255
293 130
142 76
243 147
175 55
112 85
181 160
286 16
157 139
43 28
291 244
193 89
216 167
207 146
146 104
265 32
201 9
101 32
199 156
212 193
99 23
199 118
104 47
312 276
308 27
237 0
95 85
312 176
100 14
190 132
131 38
174 101
124 63
220 135
309 63
248 43
208 153
163 124
191 59
206 150
95 68
278 60
201 105
38 10
216 201
216 142
247 148
135 12
260 193
189 112
265 138
280 164
269 63
243 42
315 29
234 88
180 178
190 117
311 299
216 0
125 38
143 64
311 19
122 19
317 42
133 49
83 26
243 184
287 222
260 174
273 80
64 16
162 55
28 9
175 169
174 58
224 7
311 183
300 198
185 20
125 83
276 270
78 27
156 62
276 67
228 5
271 126
244 30
258 133
86 47
312 20
285 284
174 84
65 50
183 93
290 105
169 41
192 160
236 114
171 10
271 51
284 272
271 191
243 70
151 47
277 120
229 8
78 15
260 15
297 216
87 25
233 149
204 45
108 59
241 172
277 53
312 0
45 24
87 19
245 232
275 102
210 134
242 155
279 51
287 58
65 15
291 24
301 198
219 162
144 36
189 103
309 19
318 243
131 79
230 10
172 153
222 68
90 64
291 187
283 92
184 92
317 174
303 52
152 21
223 157
229 189
203 11
156 92
263 202
305 123
315 52
235 220
98 96
259 37
288 228
319 174
71 22
278 252
184 129
254 0
66 51
154 62
169 95
24 22
257 202
270 178
277 62
40 28
124 103
160 43
172 78
211 152
141 27
253 101
124 100
272 269
217 92
174 14
212 67
297 254
230 221
310 232
216 37
165 55
201 133
293 88
287 50
142 60
284 166
280 133
225 172
90 4
147 102
202 41
308 119
303 230
161 8
186 143
239 134
186 110
222 131
182 0
159 125
92 57
209 172
255 131
122 113
283 20
158 140
68 64
80 0
290 279
317 93
27 6
46 3
166 24
188 106
263 85
103 27
285 31
286 37
47 21
268 51
309 264
265 168
308 22
231 93
106 44
63 12
276 0
259 213
215 177
271 131
253 136
291 64
168 59
72 68
310 256
202 81
217 16
80 63
149 60
311 27
307 113
224 130
300 37
53 6
139 27
203 91
243 227
268 98
316 142
287 8
220 121
130 115
232 6
221 71
241 212
231 156
301 106
318 295
297 61
259 43
261 246
313 160
210 84
277 111
271 36
213 206
61 15
188 83
231 113
202 146
260 136
291 129
315 59
207 99
307 232
53 45
88 81
278 44
257 141
250 73
62 5
318 111
140 19
290 89
178 154
303 0
160 28
228 149
275 13
239 110
286 268
287 257
180 159
308 207
218 71
160 94
304 256
236 32
160 139
161 41
284 126
121 22
142 14
284 66
195 47
315 77
255 188
265 16
215 136
206 161
188 55
315 177
59 56
252 10
210 207
287 183
95 8
307 236
180 176
292 288
298 159
250 108
122 40
191 91
316 147
308 185
65 52
259 25
222 55
283 262
77 44
95 29
202 192
285 188
218 12
210 3
212 171
204 74
292 256
272 23
60 26
298 197
279 113
207 73
276 198
121 15
117 93
83 37
228 52
316 167
193 11
164 108
188 52
286 77
16 13
105 31
138 10
283 51
302 56
303 45
145 83
251 103
206 196
311 179
272 147
202 189
27 18
293 33
129 122
193 134
225 7
39 36
315 314
240 64
289 275
279 53
270 101
106 70
198 73
226 186
164 118
148 101
158 43
280 64
291 15
291 140
118 47
281 273
290 197
265 225
311 98
201 5
247 150
254 10
293 46
221 179
63 52
200 161
277 78
150 54
294 234
282 245
130 114
165 76
93 71
215 117
293 26
171 115
242 38
167 100
156 23
206 151
271 226
246 32
205 182
147 123
267 30
220 49
286 126
180 104
255 117
290 231
131 2
193 191
283 0
114 20
311 252
99 86
293 275
62 3
225 113
143 124
313 187
199 57
201 139
118 102
218 192
292 178
100 16
316 34
283 277
297 240
252 237
110 39
246 34
305 254
275 183
75 46
199 42
150 142
73 72
240 209
223 65
285 52
278 198
184 112
279 263
258 195
193 41
138 56
174 91
310 5
298 60
110 46
302 254
243 83
47 45
252 131
180 129
262 159
138 97
202 154
230 116
234 103
301 142
247 216
214 97
278 105
145 40
243 74
259 79
299 191
272 50
275 159
178 59
283 76
240 220
174 163
43 32
31 15
143 27
184 42
101 92
263 205
258 7
145 59
272 2
226 137
249 204
161 3
315 308
280 147
256 169
198 47
305 20
251 209
313 101
226 153
183 110
206 16
199 124
239 12
258 180
246 8
176 22
98 12
50 0
123 90
75 3
188 140
227 56
77 3
195 84
156 3
175 69
185 137
64 1
261 208
298 68
264 181
129 94
132 16
131 72
194 66
317 140
309 263
299 238
248 206
8 5
208 151
316 279
142 4
196 178
261 192
243 15
162 26
67 12
249 102
151 84
274 59
170 6
241 222
134 24
91 19
241 29
312 54
309 202
186 63
318 314
291 267
301 29
109 12
262 177
175 16
276 85
205 95
260 75
116 104
95 45
185 127
192 134
213 13
225 38
225 209
210 2
147 56
199 30
301 17
122 91
267 205
173 9
111 103
281 162
190 9
299 217
59 39
210 25
163 20
221 124
318 172
276 196
162 145
199 17
193 5
148 65
303 244
181 96
223 222
37 20
288 10
164 160
186 165
298 198
273 271
199 58
230 209
58 17
282 23
239 197
169 43
287 23
179 93
248 136
276 172
167 0
134 50
186 152
121 32
224 75
149 82
199 10
139 53
262 224
188 147
70 33
195 43
310 87
268 124
208 67
181 139
313 182
248 69
314 142
257 209
258 13
165 95
127 62
251 104
140 91
285 172
193 18
232 88
259 52
177 171
72 27
209 181
287 126
273 252
57 27
311 122
78 58
253 246
286 259
167 128
209 176
271 61
79 43
208 166
260 127
244 161
278 133
183 33
103 28
261 81
243 201
224 55
183 109
59 11
295 209
209 162
179 33
173 34
274 224
315 121
264 180
188 151
248 177
233 198
254 4
120 38
175 75
108 84
253 80
219 202
228 81
290 156
84 65
305 142
53 21
33 3
213 173
195 40
300 93
304 281
275 158
204 66
226 29
237 143
