180 179 240 2500
162 100
49 14
85 23
123 47
175 50
31 3
38 3
87 13
18 11
126 41
88 51
93 57
27 10
111 82
134 51
153 141
53 38
132 15
101 6
164 78
126 116
122 7
29 14
68 40
162 39
63 29
79 59
58 34
141 135
130 43
118 104
158 42
110 63
67 44
132 116
86 16
157 139
141 84
78 50
118 27
12 0
174 18
81 28
160 150
162 118
164 2
102 0
101 84
88 72
23 17
50 43
51 36
162 137
144 24
130 16
128 38
146 11
114 33
118 112
158 148
161 6
134 0
133 68
173 13
94 27
101 78
38 14
8 5
175 116
155 140
165 109
124 61
173 128
57 41
170 88
161 131
162 63
157 8
100 26
106 21
172 133
50 47
158 101
116 46
175 1
9 8
150 69
124 82
96 75
74 57
157 144
117 96
73 32
167 75
134 129
33 27
119 110
68 1
121 19
130 98
176 11
107 49
83 68
103 99
143 50
105 36
155 40
90 44
36 8
113 23
161 33
151 46
11 6
158 152
90 61
166 134
82 62
177 14
142 141
47 15
167 9
99 45
128 84
103 62
162 67
177 42
54 17
177 75
126 20
144 108
174 107
179 26
169 132
103 80
168 125
164 82
122 105
148 81
65 42
102 34
85 80
142 62
104 6
39 28
177 112
166 26
135 92
49 25
160 120
152 88
88 27
72 25
72 57
98 37
157 9
18 8
90 73
163 40
99 36
169 149
155 64
16 15
61 43
124 123
149 90
151 48
24 0
133 65
29 8
91 2
117 95
172 29
175 5
176 17
61 42
162 59
71 29
121 28
116 115
157 152
124 52
170 17
171 79
192 7
194 143
109 75
181 96
127 86
133 111
187 64
174 128
129 63
161 106
186 18
70 0
181 87
120 118
121 33
147 14
70 8
141 70
112 61
111 71
232 217
197 85
225 47
128 59
208 51
212 16
187 49
98 64
123 13
213 83
211 6
211 206
232 21
198 94
239 185
203 40
233 230
234 83
185 53
159 70
166 121
199 189
226 147
176 150
99 26
182 53
171 7
187 137
220 124
58 34
90 41
45 30
190 31
217 68
61 14
215 12
174 130
168 38
224 99
53 18
65 13
228 147
208 80
207 109
195 68
187 57
132 131
177 151
79 67
124 62
198 8
107 30
214 110
197 57
71 29
103 55
85 47
33 5
111 82
206 83
96 20
215 140
167 115
228 34
188 9
58 23
227 69
197 135
238 33
217 174
197 170
141 21
39 3
222 219
182 137
125 51
221 61
226 176
229 172
90 11
197 77
181 149
160 144
212 5
152 149
195 148
66 8
199 140
67 9
163 36
198 161
207 194
148 94
221 209
56 25
193 114
90 54
238 6
219 40
194 71
231 111
201 199
174 29
53 6
231 219
228 89
218 151
120 48
112 95
146 117
153 24
132 12
216 53
161 101
201 60
219 3
129 43
160 138
169 119
79 49
175 8
236 204
175 168
95 42
162 16
150 110
177 86
162 48
184 71
18 0
196 63
60 48
225 72
225 53
205 180
227 215
221 173
80 73
136 58
207 67
136 117
221 5
99 73
145 11
238 196
57 18
93 10
232 188
104 12
192 26
231 131
115 97
177 116
157 71
229 110
158 32
227 31
229 60
100 83
73 3
156 139
70 18
116 53
198 21
48 23
144 135
194 104
82 49
208 18
205 188
105 34
54 30
232 107
188 64
171 143
190 102
108 32
121 112
127 10
199 73
207 129
194 112
201 44
224 74
227 219
147 129
165 164
37 22
72 71
109 107
140 127
30 24
186 165
140 24
117 59
133 2
28 25
82 22
124 115
170 95
237 25
205 5
177 82
210 204
230 36
54 15
122 63
89 46
191 75
75 1
127 29
70 13
88 28
232 191
39 33
237 222
123 10
52 4
226 9
217 166
149 55
146 66
144 85
126 70
170 156
154 52
133 51
48 5
123 96
221 13
237 117
223 48
82 20
69 48
185 167
113 7
167 140
149 86
152 80
133 53
66 12
169 110
146 76
193 89
213 138
205 193
213 205
218 25
190 48
124 63
134 111
168 86
8 2
131 11
130 113
81 55
119 32
142 39
115 80
192 19
98 40
149 63
36 26
223 126
91 7
187 83
140 42
223 46
48 2
214 138
222 101
74 8
45 37
160 124
131 29
158 81
221 14
162 83
141 72
218 202
222 87
116 97
149 50
229 40
216 174
122 39
198 77
67 12
35 4
191 39
102 29
200 86
98 65
165 36
234 181
41 35
195 172
234 144
228 91
199 106
176 8
107 53
101 17
106 91
156 73
117 111
166 116
194 118
99 63
205 154
202 64
229 25
207 104
66 17
171 132
142 5
160 132
187 174
182 165
182 34
123 64
226 204
223 25
166 24
153 35
12 3
96 94
132 70
145 71
230 124
148 132
199 153
184 170
59 33
134 89
210 110
235 210
216 67
178 145
209 116
28 26
187 127
130 19
139 133
138 107
229 219
141 20
208 126
228 63
56 36
104 8
15 0
103 47
134 94
198 76
236 202
210 170
79 72
227 156
177 12
59 6
206 72
186 124
108 40
140 111
189 121
125 79
197 7
187 134
179 147
220 21
224 35
153 29
148 92
67 23
96 65
225 60
101 55
58 0
163 48
24 12
161 24
162 104
126 123
39 13
232 120
229 145
172 132
120 60
193 152
147 93
50 32
135 17
201 98
85 65
165 35
189 164
238 169
189 60
227 124
228 119
155 150
239 224
148 107
225 197
67 59
215 76
103 56
132 24
221 44
145 35
36 13
202 186
87 33
219 197
189 45
120 36
142 106
179 159
234 20
143 126
27 8
216 88
104 40
221 122
72 64
119 43
144 14
168 90
148 98
114 69
35 14
195 54
215 71
114 48
215 17
214 104
144 35
102 82
172 169
238 114
150 125
212 150
175 110
185 29
124 16
154 71
51 2
86 21
125 72
213 39
103 101
220 198
160 60
24 9
155 53
87 56
176 54
221 66
224 157
183 67
207 78
182 77
131 5
89 69
118 22
238 11
232 145
227 179
219 195
219 128
198 124
141 97
230 121
174 109
137 6
217 159
205 161
215 62
211 177
193 31
214 121
155 102
213 28
215 35
227 27
91 66
190 79
57 40
192 3
168 18
116 91
172 95
226 80
136 84
153 57
185 184
187 139
141 9
157 130
210 83
174 160
238 4
63 22
142 107
142 62
152 58
223 131
124 51
189 82
205 169
184 120
220 95
199 57
110 98
220 40
131 87
200 149
74 55
148 144
188 7
181 146
239 7
167 101
92 16
160 75
186 157
54 48
61 6
231 220
229 168
225 215
212 83
235 48
130 57
227 109
26 3
80 65
230 171
237 229
166 29
155 35
207 182
102 61
169 20
152 62
174 20
42 20
152 13
176 119
200 99
176 173
204 110
139 110
236 4
106 67
226 218
125 66
225 97
193 94
154 53
178 84
162 158
78 17
117 73
186 43
111 13
215 93
170 157
57 54
236 81
174 80
112 109
94 76
180 130
198 148
160 55
54 19
181 60
128 32
77 12
238 221
132 35
234 206
166 28
207 173
181 165
97 90
102 51
143 81
181 177
56 14
192 140
238 147
145 94
83 69
80 4
230 23
177 69
76 35
31 0
231 23
225 61
224 188
17 3
188 89
207 149
155 73
199 176
20 17
212 47
224 116
191 169
181 78
114 102
225 95
196 183
171 101
228 124
142 48
52 13
173 145
44 20
103 29
226 76
226 88
226 219
210 85
233 111
239 233
180 137
127 70
207 171
199 102
218 102
208 93
147 90
199 72
98 17
80 42
159 53
62 8
228 216
170 46
235 66
177 158
238 132
148 17
221 30
234 96
216 164
106 17
222 10
105 22
112 106
193 192
203 146
235 92
189 138
36 19
215 185
166 159
191 129
115 50
138 57
126 17
191 152
140 87
155 68
188 183
98 32
40 37
210 32
194 76
223 122
85 14
17 10
221 185
101 100
60 59
95 75
150 83
196 61
201 140
189 28
134 122
229 167
237 223
212 118
164 155
58 19
108 3
174 21
117 87
228 5
238 167
175 154
233 142
155 121
229 71
190 33
207 114
92 48
224 55
45 18
83 41
95 24
124 20
163 32
205 179
118 107
231 24
103 86
211 70
70 19
124 54
235 27
190 127
169 63
168 60
210 102
237 194
207 177
177 14
185 22
190 16
127 5
208 55
75 69
166 158
130 59
75 15
114 18
167 21
192 48
51 39
164 47
192 150
164 56
205 101
22 4
114 84
194 153
108 96
122 49
182 17
133 75
105 66
97 19
139 69
179 135
138 93
168 146
215 7
142 100
171 100
198 45
150 8
78 75
171 111
152 2
137 63
237 227
212 171
177 131
170 163
73 30
234 112
60 57
99 82
237 102
140 48
37 27
153 96
237 195
112 101
232 138
202 49
182 108
135 80
152 44
87 58
237 5
211 86
133 67
217 13
172 33
238 31
201 24
218 37
181 171
216 77
91 27
124 122
180 20
143 123
138 2
201 155
216 199
191 143
221 39
205 90
128 123
227 114
115 1
87 8
230 20
77 62
187 173
57 37
129 30
163 4
129 59
165 39
93 9
107 24
128 56
30 8
72 11
148 11
185 32
138 73
147 63
127 44
146 108
203 136
217 5
159 41
197 190
73 41
199 188
195 36
177 80
236 45
233 202
155 99
156 56
198 185
181 123
200 106
107 42
239 23
235 131
215 50
61 2
210 57
114 71
134 85
56 24
169 72
113 104
51 8
147 115
232 56
32 14
226 115
120 6
167 40
218 106
40 8
238 127
189 5
130 20
201 21
79 17
151 148
228 200
189 148
232 74
135 11
156 97
165 27
211 184
202 103
186 93
191 186
208 40
225 90
186 47
207 200
234 13
73 43
165 81
215 114
140 83
188 18
88 65
211 35
77 23
185 147
234 129
42 32
92 39
55 49
107 100
232 171
227 66
178 107
78 74
200 124
237 97
183 77
182 27
192 108
211 163
196 11
188 74
199 127
93 90
118 86
61 51
199 165
158 122
115 62
172 70
131 32
233 27
105 99
194 50
135 54
136 27
170 99
54 46
227 160
97 64
94 90
42 17
93 50
150 50
98 96
171 78
13 6
212 105
173 65
72 38
218 164
208 82
23 4
239 147
219 55
236 71
192 16
66 38
145 38
181 152
173 17
48 22
105 97
200 17
188 124
123 74
138 137
126 90
230 88
117 38
71 15
233 205
170 48
146 21
149 22
235 156
228 15
129 54
105 43
49 36
38 30
167 80
60 54
182 180
104 42
190 113
215 101
225 107
129 110
170 98
121 1
181 119
235 29
116 3
10 1
179 38
102 59
160 20
169 134
225 38
154 42
214 183
235 124
129 65
102 62
230 40
84 17
209 127
199 192
189 100
204 196
58 27
80 70
232 108
194 31
233 214
48 4
98 18
154 10
239 62
164 36
109 22
160 36
177 138
158 82
196 153
77 60
230 9
184 127
131 83
150 75
177 103
109 21
117 16
211 68
229 125
127 68
94 12
140 37
147 102
43 12
169 68
211 159
66 35
104 25
213 107
96 43
111 39
225 89
86 50
169 78
207 5
181 155
230 25
225 31
222 1
222 126
96 85
88 1
207 96
233 40
230 93
198 160
116 30
166 95
123 42
152 124
34 13
238 177
143 48
98 42
135 121
96 33
54 42
182 162
101 33
139 132
222 11
100 64
131 67
239 189
54 49
215 136
17 9
127 58
94 18
174 161
239 198
74 37
45 20
195 192
192 116
138 60
217 47
166 164
164 98
230 65
118 55
83 31
210 75
212 40
230 187
79 78
129 37
184 60
143 79
227 185
204 56
202 149
223 93
172 112
77 61
59 37
136 67
52 16
55 27
186 98
165 14
239 118
208 60
82 78
182 106
187 51
228 70
169 91
231 148
49 40
124 101
156 31
227 184
104 6
217 25
184 24
239 209
18 2
159 84
158 132
146 51
213 212
170 145
211 4
190 52
37 18
232 36
230 141
179 157
183 169
75 65
212 202
138 13
91 76
131 47
126 33
96 79
113 18
90 20
127 93
209 71
150 53
43 6
123 69
54 23
183 20
39 17
104 16
190 104
131 120
238 23
172 97
181 107
42 23
90 25
88 57
115 111
27 5
226 41
157 134
203 47
134 71
82 34
169 120
204 45
106 24
160 71
223 220
177 89
118 71
142 115
105 64
201 7
235 108
149 84
151 7
178 45
206 169
153 69
63 8
220 18
91 57
207 204
208 106
60 21
64 49
183 15
207 84
101 62
171 146
161 65
128 76
208 175
57 27
55 39
145 72
141 132
75 73
218 75
101 37
43 10
198 47
154 18
180 89
208 74
122 114
214 77
239 161
208 103
87 41
60 38
231 146
134 46
224 209
211 124
212 39
136 21
205 16
54 5
207 119
142 4
217 136
233 68
152 32
58 5
117 45
131 17
76 69
199 195
177 74
188 165
156 34
230 69
119 41
239 181
189 30
169 67
236 220
48 24
207 1
130 39
222 172
213 93
118 83
133 43
198 69
238 229
139 62
221 154
238 219
116 75
132 51
156 49
226 60
147 56
204 25
135 32
206 131
176 16
69 6
202 147
168 15
161 28
198 114
150 139
178 133
154 34
206 115
213 50
90 31
220 25
65 14
77 6
110 27
174 33
191 36
232 227
87 51
152 39
191 40
178 86
182 158
158 137
50 40
225 217
21 20
139 129
222 7
139 30
205 43
228 24
151 79
214 7
234 139
199 100
201 54
207 190
168 64
103 2
238 119
132 92
122 119
208 205
117 0
80 53
81 6
137 39
212 99
235 98
59 2
199 187
235 96
215 87
192 9
185 121
232 136
211 157
66 4
162 29
200 190
117 2
191 159
68 66
226 63
163 11
40 1
235 165
58 21
239 213
216 35
191 68
65 16
165 115
139 131
191 102
101 23
232 178
186 45
62 0
139 124
134 116
169 12
185 179
234 57
212 180
128 18
203 108
114 36
147 135
75 5
153 41
206 118
151 138
178 114
126 59
122 107
201 101
157 1
223 186
66 32
132 91
234 14
86 77
218 13
54 6
194 54
211 204
217 182
224 118
222 22
235 126
185 136
109 40
234 91
105 54
31 8
107 85
212 32
204 105
230 31
211 25
219 114
165 62
21 5
76 54
184 37
94 77
219 53
170 60
164 45
146 129
85 18
141 125
158 19
97 96
191 88
173 16
131 77
237 177
150 30
208 87
89 58
120 44
208 76
173 101
229 94
233 105
201 128
116 79
212 134
73 55
227 46
64 34
184 49
93 4
142 15
144 57
187 40
186 152
80 31
190 59
214 156
42 41
141 98
66 31
172 84
214 31
199 164
37 8
101 98
132 0
222 55
198 32
233 147
122 45
115 82
160 130
134 82
116 43
117 95
222 202
99 60
167 137
228 71
92 65
205 194
92 70
179 115
232 157
233 192
88 36
231 196
154 50
122 98
143 52
191 155
184 22
177 111
178 155
159 131
146 136
192 94
211 13
233 31
104 48
203 57
145 48
146 6
204 142
160 146
185 19
195 117
168 69
181 170
99 12
225 66
128 95
232 141
169 58
25 24
226 149
172 109
147 0
228 160
112 17
113 52
183 13
208 200
160 104
236 195
97 40
117 65
217 120
167 31
111 63
238 35
131 110
122 28
165 130
10 9
223 167
53 10
61 57
30 1
228 62
238 106
153 1
148 44
230 47
200 115
168 46
178 165
223 162
122 19
168 13
142 110
130 43
234 131
199 96
49 29
199 8
217 199
232 205
177 156
102 79
217 26
186 11
95 54
130 12
127 50
208 189
78 63
198 140
207 193
112 16
88 45
78 62
151 127
144 36
236 151
152 10
117 81
212 63
235 203
165 23
202 189
26 0
203 53
233 218
197 168
166 104
89 63
234 174
165 20
188 17
214 9
203 62
156 133
232 46
229 62
214 74
182 23
166 73
236 13
134 131
229 111
220 82
93 82
176 10
225 129
188 147
223 55
31 22
102 77
128 71
133 25
157 20
179 143
225 64
138 102
229 21
13 12
207 113
183 99
81 0
214 0
208 153
214 150
146 139
190 178
210 62
71 44
69 18
236 1
138 100
177 155
213 210
106 22
116 58
238 69
154 68
209 122
230 158
69 9
200 12
222 220
230 105
227 91
139 48
220 52
183 91
154 120
85 42
87 17
223 217
234 82
147 52
202 12
164 87
212 58
110 91
161 148
182 149
161 117
17 1
124 57
127 100
92 15
103 57
61 23
170 166
230 137
122 29
81 77
102 80
76 21
59 30
120 45
139 36
195 174
92 23
161 17
146 65
150 32
24 11
231 86
171 108
108 16
178 34
224 206
51 48
228 3
169 123
138 40
190 62
210 89
119 116
201 182
195 149
124 18
108 70
179 139
195 139
202 174
134 64
188 173
142 58
234 53
43 13
182 19
168 128
68 46
223 103
153 86
183 71
171 123
93 91
236 170
189 29
185 112
163 28
186 135
214 134
107 38
174 65
216 202
214 193
227 223
172 120
74 43
179 64
173 44
190 8
176 127
182 88
39 9
205 172
171 129
209 17
217 57
198 127
21 8
119 88
172 85
112 43
117 29
97 71
102 100
201 3
224 111
224 68
169 146
107 75
53 4
134 27
222 140
137 11
82 44
94 87
111 35
146 24
205 46
206 140
164 13
39 14
186 141
150 116
162 65
151 131
145 117
62 34
107 81
163 161
143 113
115 29
51 34
134 95
130 107
235 95
212 205
206 1
158 73
14 2
166 51
191 65
224 137
81 65
188 33
217 133
218 68
203 109
55 48
236 125
187 30
234 158
176 112
114 80
110 79
95 3
176 162
179 15
223 47
212 57
168 25
126 110
51 0
183 89
57 9
169 57
68 11
227 177
132 71
230 190
144 72
2 1
170 92
176 59
123 27
214 61
100 69
193 180
230 186
187 85
192 121
182 69
237 69
164 158
151 125
215 137
162 149
93 70
157 148
78 50
21 10
229 29
89 47
187 96
179 2
178 142
204 166
110 60
131 56
189 91
133 3
142 71
76 27
111 11
157 118
134 78
85 70
201 51
174 116
236 147
29 24
197 113
179 109
209 20
19 7
231 184
53 24
179 138
197 195
221 142
230 78
225 67
86 38
169 105
183 26
137 110
227 158
204 67
198 105
170 120
156 72
235 39
142 42
100 38
168 42
202 152
74 69
209 104
166 148
232 54
119 13
202 190
89 28
116 25
121 4
165 51
222 167
155 11
183 135
230 73
156 64
228 211
236 22
163 153
110 33
153 110
202 79
219 49
175 68
228 31
167 29
138 41
169 93
100 39
236 108
159 125
236 56
103 49
204 116
154 35
168 66
199 26
237 27
106 64
100 4
218 180
207 38
186 12
95 74
158 126
112 73
209 87
95 77
105 61
69 62
147 17
211 108
216 19
98 39
117 24
148 78
152 136
186 113
202 44
220 200
212 133
160 155
13 9
140 98
152 70
129 103
198 176
169 10
147 31
53 46
221 25
51 14
182 159
159 81
161 152
221 169
235 5
111 105
189 59
74 28
179 86
155 127
160 11
105 25
40 28
202 78
231 29
222 122
39 0
169 163
208 34
205 74
117 35
93 45
206 124
156 14
60 46
6 1
156 75
52 33
78 59
188 53
160 99
235 127
197 129
112 29
225 204
212 120
69 58
205 49
123 32
164 48
233 179
159 116
182 72
112 108
236 167
175 142
130 77
234 40
185 24
64 22
115 24
37 24
125 81
86 30
163 106
203 93
148 88
170 115
156 22
169 3
72 42
205 20
187 147
72 44
195 70
109 65
59 4
138 125
191 42
199 125
223 28
236 131
145 108
166 78
91 1
201 142
74 32
229 147
196 105
58 8
115 99
113 95
155 60
143 39
32 12
157 145
138 104
212 36
152 117
57 14
105 77
44 35
114 29
43 7
223 111
140 56
28 16
56 52
187 80
89 65
202 11
156 51
142 0
171 12
225 85
179 153
77 3
144 33
134 133
149 125
185 108
117 104
207 57
192 126
232 67
125 108
94 66
192 100
89 43
148 12
229 186
152 22
206 90
221 55
90 80
193 87
116 96
143 106
195 49
116 64
158 40
47 43
165 112
212 68
108 77
235 63
114 51
189 64
211 60
105 10
184 30
179 79
150 29
207 85
239 113
75 16
122 88
97 95
224 132
160 48
179 8
136 130
86 19
154 109
132 19
173 74
154 37
70 4
179 129
105 83
212 209
221 167
97 61
130 103
192 152
54 31
192 139
207 2
204 86
208 81
222 64
167 149
101 96
151 58
103 13
80 47
239 83
134 7
219 15
236 133
156 93
141 41
166 74
128 70
155 36
45 7
237 0
114 31
202 98
133 17
179 58
231 193
163 12
207 186
167 38
110 92
172 165
182 100
85 11
131 62
188 42
78 12
204 159
198 115
129 76
227 224
133 89
121 18
181 161
45 8
174 53
165 159
186 24
176 156
232 151
196 120
179 150
90 51
202 113
124 120
186 179
198 194
166 45
82 11
190 90
190 9
66 5
163 150
220 3
223 86
214 158
237 65
132 40
172 75
192 102
199 105
213 151
183 64
236 153
129 107
235 121
102 48
233 62
153 80
83 12
146 49
239 89
185 149
154 49
33 3
229 18
162 81
184 108
209 162
198 90
40 29
136 101
221 157
68 7
93 77
124 123
139 97
205 148
73 15
107 36
155 2
149 77
209 143
175 9
71 42
176 118
203 188
225 167
218 136
35 19
200 198
133 66
202 124
87 27
104 75
129 119
232 183
219 119
153 85
91 28
230 26
131 27
154 13
167 61
49 24
169 74
206 87
190 64
133 16
158 134
215 173
231 101
145 98
176 155
94 52
116 108
239 109
152 109
96 71
155 32
191 175
152 142
151 107
206 22
102 17
151 141
34 8
39 31
196 100
206 31
238 183
114 4
144 46
184 139
207 174
137 37
217 208
224 136
168 115
203 45
42 30
173 33
234 187
127 52
233 87
96 40
120 82
197 17
97 93
105 104
218 126
223 56
147 3
166 106
115 78
210 21
94 89
186 154
159 85
119 90
189 6
200 173
216 25
111 24
32 4
227 99
104 17
238 52
172 141
232 225
198 190
188 163
207 175
188 4
67 43
197 40
157 30
238 70
179 6
196 106
201 117
146 58
125 116
87 24
223 148
214 139
146 41
235 89
191 81
149 21
196 84
184 19
81 73
229 89
44 31
22 5
197 98
160 44
235 74
171 74
209 81
74 67
234 38
144 110
218 82
115 102
190 145
177 153
232 116
74 18
190 82
133 104
161 102
187 42
195 119
161 25
151 123
114 1
81 78
169 44
193 42
226 131
208 94
177 44
176 174
186 133
239 0
209 180
147 141
110 40
187 78
141 57
115 40
177 54
109 25
114 108
22 6
54 43
177 30
189 162
150 130
221 11
196 36
129 84
187 102
97 10
128 110
112 68
33 20
27 10
182 41
121 76
239 1
214 132
213 78
148 61
216 186
199 123
125 56
34 11
203 191
199 27
166 59
232 81
185 98
158 15
191 106
61 7
173 27
211 200
118 36
67 24
149 147
202 26
131 45
84 39
115 86
37 26
223 36
115 73
50 38
134 26
130 118
170 107
158 53
169 51
195 113
215 41
129 78
142 28
132 57
219 185
160 74
88 18
58 45
226 225
230 79
158 123
142 121
91 58
182 22
214 151
222 86
232 152
109 70
162 145
178 111
15 11
150 21
132 86
47 41
238 118
211 29
169 38
66 26
137 105
237 129
106 20
166 62
66 21
30 2
179 76
194 21
161 71
134 81
130 36
126 53
186 87
52 34
69 1
153 109
213 36
99 44
125 104
211 183
171 85
159 109
141 44
223 192
234 64
158 80
119 42
70 63
234 12
191 29
238 233
212 125
94 56
177 17
155 96
188 182
225 192
124 81
146 142
131 86
134 32
190 143
122 57
103 36
102 35
78 14
211 113
188 81
167 118
94 80
172 80
158 33
188 8
123 16
149 141
74 4
83 80
225 111
202 145
39 5
104 79
196 138
167 88
98 79
