560 559 300 2500
297 201
227 68
490 474
424 380
544 25
317 115
192 112
496 363
233 87
256 7
313 273
315 310
27 10
558 129
447 413
550 483
501 475
483 435
464 351
535 266
384 63
122 7
218 42
522 482
516 343
453 325
471 258
529 144
311 41
264 103
487 2
539 267
253 134
67 44
391 369
86 16
558 480
521 196
514 156
472 45
279 96
174 18
495 437
539 116
307 284
429 288
210 83
485 145
442 180
493 345
455 370
51 36
507 365
526 161
340 216
430 196
376 152
443 323
426 294
493 77
393 113
220 63
532 14
508 496
258 50
101 78
445 391
322 270
175 116
498 117
165 109
267 183
482 43
559 233
484 352
261 42
281 27
476 96
401 211
311 305
238 132
50 47
540 66
359 17
306 289
292 124
447 94
203 44
429 251
541 222
435 276
518 303
558 97
289 202
134 129
266 118
464 161
68 1
438 351
181 156
244 34
328 13
363 64
347 272
457 310
521 392
259 99
346 106
317 219
274 257
349 168
265 78
402 77
557 72
538 51
408 20
439 2
177 14
432 123
270 189
555 197
436 292
128 84
511 399
487 57
336 328
446 38
301 98
126 20
144 108
295 25
262 74
259 64
303 91
420 172
164 82
415 56
317 169
313 235
493 110
447 271
142 62
104 6
511 438
177 112
532 516
515 391
423 94
260 237
483 208
292 43
476 26
387 135
495 46
401 21
252 115
90 73
240 120
427 56
371 237
528 475
549 293
375 275
459 273
377 179
310 75
493 69
321 316
460 211
91 2
551 300
344 269
313 1
557 505
482 263
185 35
71 29
286 283
511 452
306 292
313 253
299 137
383 7
472 281
444 153
499 150
175 123
497 243
353 242
369 7
497 108
130 110
187 176
322 228
182 106
437 243
476 237
489 142
208 96
540 218
506 284
65 14
343 338
487 71
416 7
400 78
435 208
172 19
368 25
432 76
366 86
363 80
375 362
459 153
273 109
444 405
325 25
130 54
206 144
559 425
513 485
384 336
376 4
556 510
388 116
156 139
472 392
458 118
310 193
233 219
469 342
468 9
66 49
418 396
545 212
199 99
145 120
448 403
476 352
460 17
198 63
333 286
317 232
530 372
557 222
285 223
252 88
520 433
160 132
128 61
434 26
475 14
269 245
357 351
378 132
472 336
365 358
506 12
205 203
358 222
487 432
209 77
357 147
215 123
52 27
477 163
286 153
57 19
421 303
499 149
358 51
276 253
265 256
270 215
558 13
314 121
259 155
398 285
523 204
280 61
301 215
420 370
102 42
310 218
258 143
326 93
326 274
507 18
474 371
144 64
158 14
466 210
505 386
472 429
451 243
539 498
192 181
211 5
362 185
533 188
521 403
530 237
516 478
438 204
258 166
238 131
395 141
432 290
242 226
349 297
151 105
377 190
373 83
370 176
525 95
488 267
544 16
526 405
340 233
350 4
462 349
246 53
498 464
309 261
499 439
490 332
546 9
495 199
440 34
333 261
549 160
22 17
556 523
300 276
530 438
485 361
358 243
393 290
474 149
402 258
531 49
395 198
240 86
346 304
543 140
372 237
136 58
335 238
402 106
318 58
182 3
250 54
486 418
509 391
435 8
493 398
420 246
464 13
374 295
474 119
475 415
424 383
429 194
494 259
554 338
477 299
340 158
411 155
317 259
412 346
365 323
439 230
544 74
444 88
179 157
406 186
372 113
195 179
442 96
504 236
366 8
466 424
317 76
266 194
262 28
435 285
319 256
500 66
217 56
335 219
34 19
334 170
145 142
558 86
536 498
42 29
557 190
187 89
412 172
551 347
552 230
513 117
456 0
413 289
443 276
190 64
320 135
223 165
369 346
539 418
290 268
256 20
487 449
293 32
309 211
441 305
405 264
457 316
542 142
421 319
414 39
476 126
363 238
480 57
391 341
424 399
481 311
125 12
441 301
543 468
543 503
344 30
540 364
424 307
402 148
384 315
296 166
425 291
552 48
360 125
310 65
468 44
516 257
539 225
503 240
502 269
466 298
218 11
277 14
539 138
469 305
516 424
396 286
554 312
542 309
396 111
254 215
559 482
412 181
478 383
404 99
486 459
339 105
427 270
311 21
432 23
504 4
69 23
276 121
406 16
247 72
113 57
550 108
338 334
222 193
426 210
341 282
541 233
303 200
476 244
231 174
525 84
415 120
316 220
453 103
454 439
502 470
502 477
532 129
555 132
220 169
549 450
321 97
522 119
539 149
517 222
233 20
308 253
254 196
234 127
518 145
449 359
474 70
216 20
352 302
386 166
409 245
25 6
304 288
514 141
482 61
289 166
452 27
278 46
327 98
498 418
303 4
503 76
236 203
323 147
494 134
184 29
186 71
540 113
341 108
532 366
232 90
388 308
124 106
138 79
354 57
384 162
417 395
464 295
170 83
523 343
154 113
368 85
410 134
402 387
368 92
423 299
306 94
406 296
488 48
292 212
244 68
490 244
236 11
494 250
525 363
422 339
429 418
447 133
427 240
84 6
511 41
279 115
252 18
82 33
142 141
133 113
198 118
287 20
222 126
231 92
249 118
68 45
187 116
181 160
163 83
86 82
46 19
141 139
159 8
99 36
253 115
234 211
148 101
123 68
224 154
142 123
263 190
197 147
147 4
167 107
273 170
198 52
196 96
124 84
207 61
237 162
24 4
25 8
288 131
239 144
209 51
204 63
264 252
160 150
298 8
226 81
275 180
297 149
299 84
169 140
281 187
294 225
194 70
104 33
112 38
281 279
174 18
161 107
173 145
278 84
196 13
102 91
272 227
230 220
150 116
234 39
37 8
245 50
170 50
253 136
225 140
279 241
247 141
50 45
247 169
233 145
215 41
280 62
140 117
257 77
142 56
225 170
253 146
284 276
165 111
201 39
259 24
296 66
185 161
217 191
258 74
146 13
233 59
185 95
237 192
42 36
280 171
161 16
185 129
90 76
53 18
222 106
147 44
178 80
282 88
298 138
287 200
219 157
249 225
231 121
203 117
151 37
95 83
297 96
182 84
14 7
89 50
211 7
55 14
269 97
130 22
77 45
238 53
271 172
235 213
110 14
118 2
152 149
257 90
94 44
110 85
270 203
70 4
279 186
80 30
262 36
272 30
220 81
53 32
198 111
177 95
190 138
54 39
265 95
27 7
190 180
167 65
106 42
253 68
272 146
119 94
268 124
293 216
298 121
266 68
273 225
26 18
192 48
80 39
240 159
287 185
222 178
215 138
280 200
177 67
149 111
130 0
254 117
198 13
256 16
292 154
233 200
188 82
240 22
165 149
293 20
257 105
125 69
236 202
275 104
107 17
81 73
170 53
239 181
166 137
296 217
44 4
292 236
228 157
260 60
279 73
147 124
215 11
276 12
173 74
136 121
223 191
285 94
211 71
151 38
240 129
287 38
234 40
291 148
72 53
249 156
180 145
176 121
111 106
147 78
65 32
155 16
275 266
282 132
284 131
205 96
186 127
30 16
184 145
195 67
189 60
244 13
262 145
149 142
295 105
130 71
278 34
164 140
38 12
219 206
207 196
272 235
266 167
222 165
265 28
133 100
167 81
255 20
282 122
197 39
252 67
234 75
296 48
164 76
234 36
268 58
190 172
184 148
211 81
286 152
255 123
298 233
257 116
232 180
154 131
201 104
234 218
91 75
187 80
126 11
220 36
130 5
179 53
293 263
213 43
233 191
242 2
265 259
253 81
191 101
168 162
296 269
169 90
36 25
263 127
132 15
234 137
259 101
247 88
168 127
98 36
180 51
89 77
226 161
95 13
299 44
253 62
271 195
172 155
146 60
121 39
219 155
114 13
203 125
213 140
220 166
259 11
217 160
295 125
169 49
196 107
227 31
245 162
90 0
95 64
213 201
294 53
223 41
167 124
212 70
122 105
251 7
166 29
92 88
163 109
143 130
201 142
99 14
192 81
287 109
237 103
82 69
224 192
136 19
289 100
259 3
294 164
83 20
275 19
202 153
96 85
237 40
242 128
211 43
116 38
144 24
280 81
184 52
82 32
28 2
154 139
286 84
146 101
121 33
162 51
295 10
238 143
243 227
107 6
222 195
194 141
290 283
202 158
186 109
263 208
299 240
273 240
196 172
177 102
148 22
188 60
177 50
241 39
285 195
175 78
106 67
282 205
217 168
224 134
237 102
224 169
296 14
217 108
283 157
105 37
238 31
233 22
188 123
143 75
269 3
45 14
93 17
243 106
285 152
147 81
115 52
95 44
266 203
150 51
197 155
242 210
250 145
290 287
114 45
198 73
260 217
230 78
272 73
224 73
198 67
292 241
168 91
155 49
226 139
274 99
212 17
194 164
108 102
129 68
218 76
40 6
189 63
249 240
251 18
274 230
192 159
259 255
250 159
185 96
295 87
287 85
113 39
202 162
193 84
229 191
213 29
175 102
204 34
119 25
118 68
254 89
132 65
291 182
201 75
118 103
204 176
170 97
281 143
143 7
222 96
220 191
94 81
228 54
262 54
211 35
129 22
123 15
177 153
217 181
171 123
214 2
92 83
164 73
11 5
103 80
121 7
197 186
267 236
204 40
239 116
268 258
272 26
259 98
276 240
264 194
292 125
192 80
64 54
259 0
113 92
25 13
272 6
266 235
289 83
212 83
255 90
150 123
271 200
272 189
273 9
284 264
73 36
95 38
255 99
265 216
158 36
237 97
239 23
73 54
268 15
287 236
285 160
210 105
227 84
165 107
146 121
219 81
258 92
107 56
218 56
194 90
286 199
234 146
252 120
230 170
268 19
241 94
60 59
111 28
278 4
298 173
116 105
268 123
152 24
237 94
156 58
178 145
265 52
181 114
285 178
176 128
286 17
283 134
100 57
203 149
248 55
150 39
91 5
286 157
154 120
124 119
208 94
143 128
144 82
292 30
98 16
213 10
160 67
195 95
143 79
282 147
298 276
164 3
244 175
218 113
209 9
48 36
200 16
204 199
220 165
245 241
257 224
267 4
242 37
240 207
73 64
166 147
182 10
292 227
192 166
204 51
85 72
267 100
236 104
247 189
103 1
204 147
57 15
30 23
299 158
279 226
113 68
217 187
225 61
154 104
155 80
186 32
142 47
203 173
236 44
253 135
248 209
220 15
216 5
218 25
159 65
196 134
164 67
260 9
267 266
248 4
224 215
270 67
244 182
273 143
158 42
260 255
286 205
138 29
192 181
264 250
269 93
63 53
239 218
108 41
258 32
242 229
105 8
212 196
128 102
159 126
55 37
159 145
123 99
230 142
245 204
172 116
196 24
231 208
240 19
210 9
250 201
220 37
249 62
235 48
297 48
268 176
227 73
138 93
158 117
288 277
257 193
214 34
175 139
169 108
5 2
130 43
202 122
261 152
84 14
183 13
148 49
293 40
49 9
154 90
271 9
255 115
272 51
287 13
101 54
178 106
185 131
207 87
289 238
251 239
256 138
288 50
295 282
276 111
280 59
107 26
120 105
41 14
282 276
293 88
243 153
235 12
174 57
242 0
92 72
222 27
251 147
220 90
119 54
287 6
141 118
149 5
273 98
183 48
79 41
271 152
177 147
279 108
198 6
258 61
191 90
243 57
180 162
76 7
61 6
193 167
221 191
207 122
203 140
211 116
200 115
62 20
171 120
139 10
11 6
208 191
243 73
111 25
279 22
147 14
260 197
212 30
289 137
198 151
131 89
142 28
201 122
117 28
207 135
156 126
258 16
279 129
249 142
206 45
297 31
190 12
142 85
277 53
218 123
294 191
138 114
236 187
109 59
246 106
287 237
180 173
52 46
64 10
269 70
203 66
205 189
270 45
167 56
94 9
291 234
269 65
216 183
213 87
247 51
222 161
209 97
259 224
96 68
291 142
40 37
31 2
271 0
268 116
282 145
234 159
189 99
230 28
257 178
263 11
119 31
277 7
250 182
272 79
298 119
297 12
130 108
209 31
299 180
165 150
198 84
42 32
129 108
221 199
103 39
182 65
213 100
253 144
210 146
292 132
53 27
204 54
101 6
274 130
277 217
227 48
85 5
101 64
248 203
263 100
247 24
199 125
174 27
227 87
234 103
97 57
261 164
220 28
255 248
223 123
286 161
267 68
205 49
270 51
210 120
227 36
138 20
175 147
283 187
68 36
134 91
129 19
92 18
261 159
53 31
76 14
285 249
221 193
256 1
253 94
273 2
290 123
210 39
29 7
249 46
273 196
217 0
165 39
211 47
247 222
222 171
189 108
298 263
114 71
247 151
169 40
188 181
244 91
296 227
203 133
129 86
229 87
180 118
39 9
252 182
273 30
290 227
287 31
154 21
146 139
251 152
174 144
174 45
234 71
280 258
286 156
239 26
90 11
288 102
60 19
292 46
79 32
279 63
297 101
297 259
288 162
279 41
91 58
65 64
209 36
102 95
193 102
165 20
36 32
276 56
138 37
278 177
238 91
158 129
139 99
118 19
207 160
288 261
285 91
235 72
181 140
217 15
295 277
206 90
44 36
244 132
273 144
258 225
141 129
61 48
275 260
247 209
250 45
117 65
253 56
240 32
207 0
241 99
288 74
264 47
198 197
172 35
244 203
294 3
214 3
276 160
192 145
62 32
248 83
174 137
255 18
256 66
67 60
170 109
286 247
202 17
265 2
190 161
293 115
174 12
195 70
295 0
290 41
185 97
55 9
290 198
242 186
276 241
292 66
114 53
280 12
217 73
138 76
286 16
200 122
167 46
280 74
248 74
43 16
179 124
294 285
290 13
112 13
68 58
297 290
241 155
275 193
198 140
178 41
191 34
41 18
227 100
217 51
89 79
276 117
290 276
183 117
298 161
103 52
284 128
208 186
243 190
245 213
205 106
135 119
290 60
202 178
201 126
248 42
269 72
214 73
233 112
265 206
234 142
89 33
177 117
156 24
105 19
262 100
168 82
269 87
264 6
258 161
197 55
172 99
237 213
49 12
182 116
142 19
293 194
224 113
226 13
40 34
103 23
209 34
261 238
107 42
278 60
147 5
178 151
283 240
105 61
250 102
112 37
87 36
72 7
229 198
272 180
81 25
148 25
59 10
263 180
88 10
16 5
26 19
210 103
210 99
210 162
229 222
221 143
143 82
26 4
288 275
157 121
273 114
96 44
61 27
225 192
200 71
290 53
81 33
90 12
101 37
268 190
223 118
209 73
288 27
266 136
288 153
232 201
156 108
270 180
126 72
296 82
184 168
250 2
57 18
130 47
281 159
238 93
289 245
295 9
240 2
155 54
173 66
272 13
272 271
219 86
189 55
221 120
126 113
215 21
87 70
266 166
295 230
233 114
192 45
189 23
131 77
297 134
271 176
124 109
295 233
253 40
220 67
210 208
144 73
192 56
177 39
40 35
260 209
218 210
241 12
78 66
74 32
264 49
30 13
216 214
51 4
246 75
97 28
253 194
178 21
268 32
252 195
165 48
71 38
295 41
287 50
138 32
73 68
209 57
299 192
243 87
275 261
197 167
185 15
135 43
101 32
277 175
251 31
286 173
149 9
204 81
296 193
232 178
224 120
207 5
260 86
264 233
223 95
105 86
97 45
95 79
177 109
72 48
226 75
247 18
36 0
276 67
200 86
96 25
273 106
145 31
280 58
17 9
260 18
215 82
197 150
268 11
262 140
271 42
113 48
270 81
229 167
181 9
254 70
108 32
260 138
225 13
221 69
298 287
146 52
209 23
145 142
219 38
224 95
262 40
263 122
243 174
189 37
238 85
138 73
163 3
127 126
185 142
206 68
271 165
20 3
223 78
196 155
225 145
57 43
180 127
288 106
227 159
220 3
148 73
247 206
144 5
263 245
184 105
253 74
170 142
139 3
201 186
284 22
91 46
228 22
227 89
60 50
242 1
127 46
43 17
156 97
146 108
40 17
246 21
171 2
138 66
121 6
223 30
258 90
182 35
293 41
188 175
61 15
244 162
77 66
131 12
210 121
98 12
226 88
182 18
167 87
82 6
188 19
296 146
263 193
298 9
260 139
179 24
215 51
275 199
123 67
210 111
296 77
257 175
114 89
184 72
203 148
269 222
278 189
259 254
285 14
223 22
274 207
108 19
272 241
184 42
275 87
97 94
211 145
230 151
180 167
252 226
154 113
78 24
119 103
156 119
274 2
136 128
220 17
135 102
201 121
116 50
196 78
27 3
142 137
257 86
137 76
254 152
172 48
120 89
186 137
267 149
75 71
276 27
36 17
285 247
191 187
274 129
284 269
42 14
105 22
296 287
200 129
130 104
190 28
180 91
272 70
192 94
285 95
229 91
288 190
242 108
277 179
130 17
159 47
188 59
191 143
68 6
48 37
232 172
131 67
262 12
116 23
230 47
208 176
167 18
211 12
256 238
99 65
60 12
163 40
29 20
266 251
139 53
297 237
42 24
223 102
114 104
227 52
256 38
54 31
184 126
191 125
174 161
121 57
25 4
81 2
264 66
188 45
180 100
130 121
294 10
204 104
99 39
74 39
274 39
31 6
243 145
295 35
234 78
273 232
283 141
254 132
89 39
220 110
164 160
263 18
163 121
282 47
204 23
257 47
245 190
255 95
256 103
268 112
87 47
224 0
180 132
215 187
204 69
219 109
289 262
164 69
294 213
105 77
217 141
139 114
44 35
241 122
180 17
224 24
229 172
291 287
38 16
221 170
156 13
108 21
260 128
170 81
147 75
191 120
262 202
286 13
293 241
67 9
273 6
173 56
233 12
261 259
188 147
292 283
223 134
188 75
250 58
147 67
298 88
259 27
262 247
208 17
268 22
282 180
76 29
286 104
209 182
241 167
285 138
256 122
207 141
172 31
278 104
151 102
284 239
149 51
272 107
174 5
251 233
286 112
298 272
175 37
231 196
132 106
176 85
231 110
269 206
138 51
135 122
215 16
218 0
281 94
106 38
212 123
136 15
246 225
190 179
275 10
226 97
68 48
261 44
114 106
161 38
94 3
213 184
298 113
161 138
295 165
231 225
253 33
289 133
130 75
249 210
277 169
271 149
47 19
249 182
189 92
83 48
197 49
139 110
243 171
249 45
219 132
270 110
204 64
226 117
182 1
277 197
146 128
223 127
231 7
99 78
64 17
37 18
251 90
163 48
120 116
109 108
158 136
231 2
217 182
164 11
210 190
221 166
92 90
246 244
71 57
233 192
90 18
193 159
295 254
272 269
255 17
143 114
120 80
35 30
199 54
33 20
164 74
180 154
290 161
297 114
291 251
210 117
259 33
222 145
153 76
290 56
120 101
269 0
298 80
280 49
65 4
295 168
280 233
157 92
242 91
232 132
263 2
107 43
285 225
291 118
164 127
129 125
150 4
246 101
262 8
264 22
122 5
231 73
229 213
137 25
272 91
156 62
116 80
13 2
165 98
211 56
224 105
292 253
20 18
186 76
204 146
201 34
263 148
51 29
233 144
200 192
74 49
282 168
168 131
162 84
111 98
75 59
188 24
261 223
135 36
162 117
72 8
197 45
115 79
236 93
69 22
222 176
84 57
162 1
8 5
245 238
222 70
182 87
218 6
196 28
187 5
243 17
171 97
118 18
299 18
83 60
266 155
147 126
98 15
176 169
206 196
42 7
223 47
298 220
228 159
286 58
231 201
259 47
87 72
168 17
264 148
204 153
256 88
192 82
281 60
242 239
293 126
118 86
241 6
204 193
242 28
245 134
123 45
139 137
142 76
154 12
80 7
158 65
297 91
46 45
187 81
283 155
269 190
217 178
248 233
104 49
235 93
124 93
266 27
109 17
262 248
179 82
14 3
87 40
145 18
252 2
232 118
293 58
126 108
269 35
125 54
295 199
204 168
54 28
220 169
61 36
249 171
125 113
37 31
76 32
206 129
158 91
209 17
278 129
97 34
272 249
236 121
120 82
286 178
269 133
236 141
292 96
143 112
234 59
86 56
218 49
158 156
91 60
297 4
282 112
252 157
271 19
268 114
222 83
185 134
299 176
123 85
289 124
263 36
214 135
294 89
221 45
151 126
67 53
290 113
246 79
227 154
248 232
219 117
112 34
216 45
227 80
295 279
235 113
147 85
241 70
270 89
269 40
141 133
274 178
171 122
132 80
222 212
79 38
239 17
140 67
293 169
86 78
209 87
237 118
224 208
176 144
193 19
220 192
272 62
249 248
174 22
240 191
283 209
199 130
122 120
221 113
267 133
252 62
282 238
38 14
229 103
207 93
238 59
48 11
115 73
165 4
70 30
78 32
286 108
165 112
239 33
293 82
295 11
101 3
123 88
294 7
117 25
209 152
125 26
274 111
134 50
133 105
178 112
185 33
148 60
248 214
221 137
214 12
289 60
271 150
214 178
131 71
152 20
111 53
266 8
106 12
299 138
130 25
55 21
105 91
209 113
166 131
93 0
266 171
225 39
140 95
180 10
297 72
280 221
151 70
225 56
238 160
252 55
178 29
145 117
274 76
252 118
275 232
216 197
261 141
278 58
246 81
174 173
287 190
208 67
69 7
256 227
93 78
247 237
277 144
137 42
180 80
240 30
219 6
277 11
296 12
261 41
261 113
219 133
273 184
265 229
141 98
26 25
280 52
123 38
140 88
40 9
213 161
198 156
234 13
235 89
257 18
171 25
280 175
72 38
290 51
244 161
111 29
213 191
176 68
103 6
267 188
290 46
180 92
294 273
299 259
264 33
248 122
233 177
19 18
94 34
144 104
170 46
106 28
173 98
206 81
282 185
242 102
54 36
276 250
152 28
39 24
104 97
248 21
123 79
198 153
267 74
232 153
283 51
102 42
281 64
275 215
230 54
52 12
131 27
156 155
27 19
225 151
112 7
224 214
275 50
176 49
157 153
266 249
73 51
226 3
223 62
182 171
180 178
275 151
188 25
258 194
231 230
185 164
185 167
267 206
236 16
266 15
155 77
219 1
245 127
289 216
217 17
210 180
137 0
178 177
204 162
198 104
176 51
257 64
121 36
262 32
264 128
132 53
185 144
181 62
241 7
189 139
277 133
176 81
194 59
152 82
271 4
290 242
288 35
249 55
62 12
236 162
35 25
163 71
162 61
279 207
269 254
73 0
124 91
271 210
271 62
101 80
56 1
275 267
70 25
203 9
161 40
226 106
176 109
108 103
181 171
12 4
284 184
280 1
285 66
139 131
280 35
167 62
285 106
248 95
248 69
269 259
51 23
209 21
179 41
189 32
267 209
224 157
69 12
290 237
146 87
128 3
137 80
153 88
264 167
270 111
229 227
192 63
217 208
118 34
269 108
260 161
38 36
130 124
244 204
246 142
254 64
279 21
257 240
183 84
282 100
191 138
292 133
182 14
161 126
35 3
144 139
288 137
260 203
219 42
242 75
250 19
138 74
118 114
250 42
107 29
175 20
161 114
165 27
69 29
93 71
296 242
164 142
88 64
173 141
250 64
270 137
12 9
111 73
150 12
52 1
128 120
207 79
296 84
138 43
260 121
246 189
232 14
196 54
220 209
233 103
198 90
265 185
44 7
248 26
278 261
282 16
156 46
259 238
146 75
221 172
185 84
143 15
285 145
181 132
277 59
113 34
162 104
36 19
215 133
130 122
279 160
257 62
269 256
214 94
193 51
258 183
192 37
210 13
54 53
269 125
168 44
248 175
277 28
207 43
179 57
141 13
277 146
237 217
211 171
173 113
221 145
134 32
179 70
225 134
235 228
251 128
240 189
220 124
90 2
284 9
264 87
288 13
182 135
96 93
261 211
231 45
221 128
194 137
149 78
13 5
263 95
258 13
230 13
210 31
177 7
271 3
100 47
284 118
295 204
208 124
220 6
239 220
157 52
36 8
97 10
160 75
180 20
238 76
130 120
296 267
120 59
48 12
171 41
61 54
258 113
293 207
253 122
190 61
276 20
291 221
198 99
17 8
280 197
199 105
167 88
155 118
111 78
199 139
262 249
214 59
176 154
258 4
59 27
157 94
215 116
279 159
241 124
244 1
259 65
299 60
216 186
20 4
265 50
270 187
272 171
218 174
299 95
154 101
187 186
198 152
254 78
138 50
265 237
166 7
206 70
229 137
218 207
146 68
254 138
239 37
231 64
299 187
114 86
239 168
200 56
70 43
294 64
162 2
121 76
189 73
173 17
252 168
117 111
246 148
35 7
287 265
215 77
80 73
126 77
212 124
177 38
190 157
280 38
176 76
59 2
114 102
127 79
182 106
255 116
235 109
288 243
169 136
179 89
233 182
222 79
76 68
259 62
26 20
172 134
124 72
179 51
222 40
58 19
44 37
166 54
294 279
180 47
273 188
280 34
267 234
59 24
291 210
162 24
273 192
134 104
269 102
212 174
296 29
204 95
269 182
181 82
288 95
104 79
286 272
236 194
170 102
235 218
215 128
202 144
201 37
265 24
154 146
151 14
223 33
255 172
247 130
140 39
33 21
290 289
298 200
133 117
73 29
224 15
223 160
273 231
155 139
208 29
272 66
82 78
291 168
256 165
242 165
195 76
282 98
160 50
126 46
265 166
84 30
172 33
80 64
277 165
231 50
288 155
286 185
261 251
279 249
130 77
219 7
289 81
255 138
237 50
286 53
148 28
250 84
267 167
187 70
289 38
263 184
219 158
250 119
119 5
134 74
138 44
191 63
274 133
217 9
224 92
298 10
219 169
239 121
287 271
219 41
185 123
98 27
88 19
286 83
259 236
64 3
242 101
282 78
84 46
265 124
164 38
117 19
212 64
108 28
229 180
131 87
206 97
277 97
155 143
228 103
210 137
253 244
173 152
262 109
165 132
247 126
52 49
280 268
199 50
284 210
120 13
248 1
231 32
240 80
293 238
299 25
283 57
250 39
272 61
181 11
267 37
232 221
295 112
287 224
262 24
136 24
139 103
132 81
109 81
241 187
201 95
201 116
183 177
230 45
101 41
261 64
251 37
144 133
160 40
239 119
202 146
240 214
196 18
284 246
294 147
189 155
259 228
108 92
227 108
115 110
243 165
262 115
10 9
111 46
151 121
265 85
189 130
268 30
290 100
161 35
155 82
268 134
222 72
126 67
199 126
285 174
90 66
287 211
278 36
247 79
283 254
110 88
198 185
154 91
82 10
276 154
135 21
297 21
179 76
159 154
232 205
282 164
289 94
291 19
215 113
124 64
248 128
202 7
243 33
22 19
63 38
214 11
152 76
232 207
109 18
194 82
93 83
209 158
97 27
108 85
184 30
101 18
28 11
275 150
285 264
295 253
269 110
282 45
243 67
233 99
286 142
152 16
219 78
270 185
136 108
199 57
210 61
4 0
137 49
141 63
26 12
101 75
283 188
238 87
261 177
264 237
130 63
281 140
252 44
243 169
180 23
123 30
297 222
275 105
182 122
263 67
258 249
138 131
234 155
297 157
224 100
122 78
204 32
200 149
211 26
210 163
153 28
171 79
218 206
232 23
213 80
207 73
213 61
292 114
259 119
280 119
299 293
215 75
241 153
240 78
208 79
210 43
121 92
144 9
45 8
288 282
238 6
154 56
178 173
213 188
172 91
265 160
290 144
153 46
157 97
202 177
81 45
263 88
76 59
294 201
298 238
61 9
256 11
263 15
233 156
170 140
89 76
283 36
298 77
298 125
169 37
242 173
174 61
12 3
261 33
284 92
264 240
100 12
212 157
253 188
154 152
243 209
163 161
249 47
224 75
257 138
297 122
271 5
231 192
206 20
9 6
207 103
218 162
215 136
298 280
160 41
269 62
244 136
196 184
268 78
