200 199 320 2500
182 54
49 14
85 23
123 47
187 185
31 3
192 112
199 121
18 11
126 41
88 51
93 57
27 10
111 82
134 51
153 141
53 38
132 15
101 6
181 92
126 116
122 7
29 14
68 40
162 39
63 29
79 59
58 34
141 135
199 15
118 104
158 42
196 22
67 44
190 149
86 16
157 139
141 84
78 50
189 72
12 0
174 18
81 28
160 150
162 118
164 2
102 0
101 84
88 72
23 17
50 43
51 36
162 137
144 24
130 16
128 38
146 11
114 33
118 112
158 148
161 6
134 0
133 68
173 13
194 164
101 78
38 14
8 5
175 116
155 140
165 109
187 4
173 128
57 41
170 88
161 131
162 63
157 8
198 50
106 21
172 133
50 47
158 101
116 46
175 1
9 8
150 69
124 82
96 75
74 57
157 144
117 96
73 32
167 75
134 129
33 27
119 110
68 1
188 120
181 156
176 11
107 49
83 68
193 36
143 50
187 183
155 40
90 44
36 8
113 23
161 33
151 46
11 6
194 66
90 61
181 177
82 62
177 14
142 141
185 108
167 9
187 156
128 84
103 62
185 10
177 42
54 17
177 75
126 20
144 108
174 107
188 170
192 49
103 80
168 125
164 82
122 105
191 73
65 42
102 34
85 80
142 62
104 6
39 28
177 112
166 26
135 92
49 25
191 62
182 13
88 27
72 25
72 57
98 37
157 9
198 8
90 73
183 35
99 36
197 149
155 64
16 15
61 43
124 123
149 90
151 48
24 0
133 65
29 8
91 2
117 95
172 29
175 5
192 6
61 42
185 35
71 29
121 28
116 115
180 37
123 113
77 69
186 164
177 102
83 65
191 148
175 123
94 29
199 103
88 64
194 154
130 110
187 176
96 84
182 106
105 62
197 140
117 55
192 91
118 24
254 200
260 148
141 99
126 44
304 212
268 47
271 255
317 124
213 174
125 18
276 38
311 2
299 154
119 66
155 150
167 150
156 10
156 81
244 203
282 34
243 193
143 114
202 107
255 206
62 29
202 176
219 156
83 0
257 36
284 206
161 152
220 132
285 260
304 52
96 36
116 105
234 78
102 17
220 127
59 14
204 108
166 149
118 61
314 274
231 216
119 2
65 37
213 29
178 122
256 220
214 61
193 3
154 150
245 81
253 246
258 153
318 92
312 285
308 287
18 5
64 46
290 185
149 82
234 80
106 101
177 162
286 209
308 242
232 123
229 88
255 43
253 145
254 228
256 203
291 26
251 1
102 44
233 14
313 159
79 46
195 8
179 153
317 258
118 37
254 229
205 82
244 69
158 54
107 105
296 235
87 85
264 181
198 175
66 28
198 29
305 35
252 247
81 9
239 159
278 175
265 177
305 176
253 186
249 161
286 62
123 11
298 203
244 14
274 246
226 149
260 90
216 195
286 170
291 146
294 214
178 33
153 8
203 5
189 38
210 5
89 23
302 217
137 5
117 66
306 175
269 266
190 137
281 200
277 233
264 29
140 77
197 155
290 38
209 9
280 4
178 170
78 6
123 98
269 97
232 117
122 42
240 33
282 149
159 62
153 133
107 17
306 113
255 103
101 28
312 198
140 64
267 236
262 187
311 165
208 195
255 131
192 23
147 144
252 36
254 246
45 31
282 79
230 81
157 138
131 44
253 67
188 145
126 31
308 197
233 136
158 141
202 99
154 43
95 77
197 21
162 10
261 216
303 15
197 60
299 271
102 85
315 250
307 176
261 124
182 131
74 45
308 39
169 107
204 5
149 77
246 223
305 56
159 136
193 92
317 236
276 89
140 92
266 155
208 170
184 37
315 298
83 24
221 214
150 144
122 101
286 203
234 164
179 87
181 123
239 104
241 103
317 306
254 116
163 72
224 139
274 43
251 176
151 82
254 144
239 1
200 179
162 51
193 48
182 124
130 57
106 85
60 51
282 112
209 130
180 92
252 105
274 161
242 227
285 58
260 96
314 46
280 42
305 293
224 164
282 246
35 16
270 74
219 171
268 184
169 153
259 217
60 58
48 13
206 116
63 27
206 5
210 77
133 107
256 74
231 102
241 100
220 197
153 80
294 235
168 9
202 1
285 194
180 137
288 29
41 39
191 154
253 88
301 149
74 42
289 113
128 39
292 108
285 74
242 47
32 3
268 116
249 41
296 230
175 45
287 50
267 39
289 281
260 211
239 167
158 109
248 51
144 135
290 227
147 2
121 18
316 13
293 69
306 298
258 120
66 41
134 105
133 12
292 60
280 3
232 3
314 289
63 52
284 173
154 71
160 66
306 57
189 181
314 256
291 63
214 39
248 134
147 100
131 26
153 51
134 34
291 249
256 235
147 98
294 70
160 57
308 123
282 1
284 68
116 92
315 64
278 203
229 212
305 69
138 94
236 213
155 119
214 22
159 101
277 183
192 107
304 209
169 94
242 27
302 171
299 289
149 35
209 160
206 133
20 0
266 261
240 3
79 57
67 0
305 172
219 215
242 70
83 12
295 137
267 108
170 144
140 131
146 76
180 112
305 41
60 48
212 186
227 8
273 174
138 29
172 16
185 35
201 162
247 143
93 64
149 74
216 41
311 85
129 22
316 250
318 104
109 90
97 21
210 114
271 127
193 183
247 206
269 153
293 96
265 164
276 257
275 197
166 41
111 19
240 122
34 12
252 164
143 42
222 175
256 115
178 5
126 118
166 116
282 31
186 85
196 20
214 63
195 164
314 281
108 37
94 87
286 98
246 13
290 154
73 1
222 14
179 85
244 39
251 119
89 36
187 131
274 93
238 182
279 159
70 47
189 60
310 217
241 77
184 159
84 33
157 72
305 208
295 278
151 1
265 211
197 30
188 178
236 190
191 65
216 90
235 213
183 139
247 9
229 221
304 238
298 126
218 176
202 13
295 268
146 114
290 184
290 25
304 2
305 101
66 43
276 79
235 38
295 126
174 155
296 266
304 224
174 154
40 9
210 38
168 93
314 147
299 23
157 146
279 129
259 215
108 23
271 216
252 28
267 190
295 148
318 142
251 214
220 16
205 68
281 60
280 217
205 22
289 215
142 85
284 145
111 82
304 3
267 20
264 61
183 98
217 132
248 11
278 64
171 66
106 16
165 51
257 201
183 70
256 190
171 121
241 92
101 97
244 138
300 156
273 103
216 6
182 126
278 191
286 205
269 207
88 74
129 117
302 235
228 175
297 224
306 287
304 112
304 76
213 5
319 263
195 25
208 149
125 57
208 68
319 219
224 156
178 114
185 132
168 22
208 191
133 65
192 139
318 135
280 155
247 182
258 206
167 154
50 13
161 61
136 68
49 27
296 73
226 90
314 156
218 32
292 138
70 23
288 9
115 58
201 195
197 69
255 3
293 163
290 72
208 202
264 233
41 12
97 50
283 212
253 141
305 112
309 216
131 19
249 146
231 214
128 31
227 212
219 11
255 39
99 95
155 66
94 39
288 60
294 81
252 172
225 186
175 42
318 108
199 39
184 78
148 12
317 267
185 173
192 46
196 180
242 37
118 16
280 34
247 221
252 159
105 96
219 137
249 21
98 44
50 44
303 8
309 266
274 270
210 131
309 218
93 75
288 154
23 11
85 11
275 182
285 200
305 39
257 212
181 19
298 174
106 24
195 47
236 122
183 36
224 202
197 158
194 141
302 113
309 240
307 140
317 175
155 47
172 78
295 114
227 95
299 204
169 28
203 192
180 43
251 107
273 114
297 198
167 126
202 139
299 90
246 220
204 184
123 47
66 24
260 196
292 132
115 14
90 45
198 37
165 50
290 111
206 179
241 212
68 8
292 10
241 95
228 150
209 163
279 102
309 11
254 181
227 73
279 93
263 219
280 45
149 102
202 50
280 17
254 47
239 113
264 1
43 30
99 93
235 154
309 300
273 142
69 40
233 88
163 144
286 145
162 97
303 278
189 111
309 168
112 57
294 179
199 133
287 1
246 27
107 1
200 50
194 176
69 23
207 83
157 47
233 74
212 108
163 50
142 93
300 44
207 36
290 157
146 15
279 205
261 103
177 140
171 73
197 23
225 180
216 171
220 42
227 27
232 225
308 136
266 57
231 163
154 67
92 31
271 55
300 272
310 174
221 176
295 203
276 148
102 48
113 46
168 60
270 72
310 229
315 106
274 141
63 3
170 53
154 120
316 91
309 18
138 104
180 168
33 10
282 234
269 219
293 238
62 41
131 126
214 68
245 227
253 68
319 235
199 74
227 74
228 153
97 26
205 190
173 75
187 115
258 46
292 183
192 130
164 98
312 216
121 86
262 231
211 131
207 65
128 61
253 73
167 12
317 308
252 179
197 118
130 8
300 130
217 30
274 195
271 263
65 54
214 119
127 72
293 131
279 214
276 99
116 26
162 125
297 7
207 166
82 24
311 260
213 54
270 124
232 178
160 101
221 132
164 155
236 1
304 94
297 37
55 44
33 20
247 77
212 21
258 54
213 83
190 20
218 16
149 122
294 205
294 0
184 102
295 188
221 123
307 98
152 53
251 132
91 57
191 104
306 24
90 44
250 54
249 143
303 5
165 21
301 25
212 10
265 139
251 20
273 80
157 30
41 19
247 65
38 29
124 113
205 71
221 60
299 207
296 99
234 127
148 88
223 44
207 23
126 54
130 30
62 4
207 127
243 140
295 60
150 52
257 114
307 224
130 82
312 235
316 127
222 200
309 52
107 68
226 1
155 136
217 4
308 85
127 107
206 173
38 22
277 22
101 51
243 221
251 163
164 30
54 46
276 139
95 91
184 13
312 66
291 42
235 220
237 169
108 73
285 213
97 31
306 91
298 200
234 96
218 209
221 1
62 22
310 136
211 47
315 32
78 47
227 206
259 238
295 92
313 27
227 124
243 127
268 258
314 184
309 130
170 20
194 6
237 161
54 40
176 76
289 103
116 29
300 38
149 60
119 84
285 229
306 254
313 30
266 11
238 132
105 56
153 50
297 51
157 148
181 61
255 1
186 169
301 27
142 78
182 112
219 67
248 125
120 48
85 37
184 60
242 166
223 157
159 0
81 54
313 306
78 64
199 13
90 74
293 170
34 28
265 155
293 94
25 14
281 108
286 198
244 140
169 40
267 157
297 118
194 190
254 212
178 63
267 231
128 83
173 113
132 38
187 158
283 142
307 90
162 20
71 57
260 3
223 179
267 0
302 121
169 102
218 215
124 21
298 112
56 18
302 154
255 140
180 9
201 6
247 114
243 231
316 153
151 96
81 20
265 197
208 172
281 196
130 66
130 1
277 152
269 181
64 8
310 110
203 145
312 20
250 130
292 41
130 112
176 28
224 187
296 203
234 232
299 109
314 137
186 153
217 184
91 25
224 109
257 59
247 126
268 54
221 63
288 32
299 269
289 38
233 51
246 104
270 143
131 124
315 12
276 260
188 149
143 103
128 45
234 32
301 252
260 20
227 193
112 29
180 129
49 15
235 71
267 203
185 101
299 132
158 119
285 13
221 191
286 271
246 121
318 41
285 244
139 79
135 134
154 58
200 180
299 265
189 29
242 203
306 119
285 193
69 19
291 201
261 152
253 147
176 144
168 20
311 155
262 118
237 85
257 173
234 147
289 125
228 4
278 145
187 5
237 210
317 183
296 6
269 35
74 70
97 63
86 16
239 147
286 142
299 128
273 226
308 265
129 120
174 172
163 77
268 91
81 68
290 272
319 306
211 191
79 21
275 119
201 13
93 8
224 8
84 36
192 158
285 166
158 31
274 86
318 45
309 111
225 112
167 32
212 2
277 170
84 13
184 181
117 72
289 112
266 169
298 30
76 68
199 147
262 69
215 70
280 92
219 162
221 206
243 180
99 32
104 99
152 42
294 75
157 91
218 192
292 68
280 228
191 40
279 64
242 146
161 109
92 80
149 50
292 119
304 42
194 147
210 35
67 9
310 222
114 80
35 22
103 90
270 205
218 15
215 3
136 46
189 97
311 66
182 134
297 296
256 163
106 47
216 203
105 23
213 104
253 52
311 136
291 87
215 189
168 107
162 15
174 93
258 78
258 158
223 188
221 151
262 89
315 208
243 192
221 100
184 71
278 0
181 130
190 174
313 136
314 298
251 172
233 210
178 166
44 31
307 80
117 5
260 89
66 25
156 111
164 143
252 128
304 148
273 96
225 113
280 67
187 36
203 17
22 3
251 166
220 201
152 13
274 118
97 83
212 205
229 16
267 169
89 65
39 24
17 14
194 33
265 26
134 20
242 178
226 120
297 50
318 275
287 67
281 125
110 60
193 97
195 113
195 1
255 123
278 100
82 37
101 100
154 96
265 254
133 123
187 53
114 0
82 51
230 82
296 35
295 293
260 34
157 78
302 252
270 45
28 0
301 156
123 36
223 186
254 86
205 182
295 180
175 44
194 180
170 72
312 123
154 125
207 163
133 66
239 92
184 141
153 60
68 0
210 8
270 146
43 0
118 53
196 153
193 154
256 42
130 77
158 106
318 305
212 195
272 4
211 58
147 75
193 136
178 143
215 143
265 195
171 151
170 58
192 59
273 261
220 48
217 160
184 139
186 132
253 143
98 21
311 44
76 71
300 136
177 105
243 52
176 60
149 121
270 6
302 39
315 61
234 64
157 111
217 34
178 70
281 177
150 20
210 112
118 62
187 45
81 7
233 57
201 5
247 50
276 138
197 173
166 155
193 138
181 115
279 98
276 53
147 94
273 141
185 91
80 12
203 84
261 165
222 125
242 44
127 98
280 49
273 71
23 10
61 54
290 246
92 83
280 209
300 179
268 231
224 79
313 298
257 132
317 186
316 183
213 167
101 69
302 173
118 47
252 12
254 100
188 0
143 113
187 151
306 63
307 181
105 41
175 62
210 44
260 53
261 89
82 43
136 128
184 57
293 254
67 17
225 216
209 152
165 18
150 125
216 20
315 67
87 28
171 19
299 71
121 105
309 67
290 56
214 107
263 18
250 38
76 10
210 41
172 67
267 149
254 121
228 171
302 2
33 27
277 92
128 3
111 64
190 2
232 154
296 64
302 59
63 38
214 154
290 274
185 124
222 42
177 138
90 59
157 67
203 71
143 117
55 7
297 126
265 171
193 170
81 61
209 198
122 87
207 195
137 55
260 104
218 153
223 140
292 86
247 141
219 71
267 127
262 238
272 55
201 143
225 158
152 34
149 88
98 0
246 25
241 132
178 48
180 30
206 31
296 108
190 148
311 230
296 270
285 272
102 41
225 59
251 198
252 20
272 83
221 21
16 14
196 115
83 76
265 152
300 80
133 104
242 125
287 41
314 311
232 66
139 131
78 43
165 105
227 93
259 21
295 276
276 149
275 74
232 105
168 98
223 172
227 106
292 113
292 29
295 225
269 214
306 227
219 202
275 147
175 22
222 75
312 60
266 116
270 258
87 35
193 35
55 32
182 32
288 197
319 269
123 7
184 54
219 190
235 20
313 112
215 184
314 37
253 173
249 67
94 56
226 112
150 143
281 97
110 109
215 1
277 14
177 59
296 281
313 286
313 156
124 9
283 196
183 166
191 44
173 38
66 1
302 114
231 169
312 18
310 173
292 103
286 211
259 172
302 41
98 3
228 189
216 187
201 14
304 119
284 95
193 24
301 166
185 7
110 17
303 132
103 36
65 36
155 95
314 7
270 164
318 79
244 89
184 166
246 137
302 4
139 73
316 247
206 158
236 189
83 61
298 276
313 261
46 37
145 67
241 65
305 223
118 32
302 176
187 44
190 176
263 48
271 121
202 61
211 21
189 77
292 249
189 8
224 193
196 192
179 78
165 125
176 53
300 235
165 152
98 38
222 72
96 72
94 93
186 26
272 248
269 194
160 61
156 99
252 102
149 25
161 153
300 216
281 195
154 129
268 241
151 57
190 189
218 3
178 93
154 132
300 96
275 76
271 68
232 169
246 108
171 64
299 147
189 170
218 10
174 130
234 40
315 104
221 183
259 176
178 103
315 231
190 134
48 9
253 14
211 12
309 94
316 35
276 172
145 137
180 149
112 52
175 97
110 107
42 20
289 63
220 125
102 59
303 37
238 75
287 214
255 51
49 33
204 120
273 248
248 220
294 94
188 66
153 145
276 153
106 44
319 218
307 182
281 205
188 32
309 182
285 65
256 66
191 31
191 162
101 31
230 129
315 125
88 48
222 147
207 54
157 113
315 285
271 150
165 115
212 130
266 53
277 175
197 111
249 171
227 148
316 33
49 24
165 93
319 236
261 17
177 145
114 58
112 58
126 39
137 10
160 125
249 183
196 168
120 52
93 21
179 170
281 270
247 176
105 8
137 131
155 17
227 204
111 88
248 104
265 70
177 94
73 66
300 68
281 273
160 152
274 126
278 146
227 35
299 287
284 80
159 70
212 97
137 122
258 225
99 44
281 247
185 53
185 110
315 29
235 130
309 298
268 170
281 180
276 74
243 152
282 88
216 29
177 37
250 249
230 41
258 204
265 261
303 171
122 49
236 48
83 41
198 148
194 91
278 160
308 22
216 205
166 74
146 8
245 184
261 259
238 200
290 155
120 90
300 209
292 66
281 111
252 216
115 104
237 222
287 258
252 70
185 27
80 59
52 25
245 219
284 108
209 159
179 69
205 150
83 78
296 161
132 17
202 146
317 59
283 189
295 184
168 76
276 209
152 51
261 236
303 117
224 30
72 71
63 57
206 114
260 4
150 72
287 130
84 53
183 99
188 162
308 68
207 192
100 75
43 9
310 94
95 73
162 89
40 8
196 86
87 49
42 24
261 53
260 230
243 87
118 78
147 15
143 18
145 118
272 193
86 73
131 1
222 178
183 121
187 90
46 35
264 41
304 278
13 3
218 61
188 127
45 16
230 111
273 189
37 13
305 100
282 147
277 215
272 73
181 117
301 65
146 49
236 158
161 59
312 143
47 33
267 85
208 180
173 76
298 89
196 119
114 3
145 66
263 101
212 184
290 167
169 54
186 55
116 7
218 200
299 8
104 90
274 51
273 164
235 11
177 142
246 53
159 78
319 252
269 178
107 106
309 151
306 80
262 11
192 135
287 114
160 131
292 235
129 13
143 1
289 102
247 224
109 39
303 191
90 82
301 106
109 63
282 54
16 5
249 120
292 168
255 181
100 12
220 123
178 140
290 219
264 14
293 79
225 213
131 11
307 291
237 75
285 268
283 264
219 40
284 7
99 78
290 128
146 86
225 50
190 1
277 238
202 57
218 47
85 21
268 190
308 41
187 68
177 76
262 56
51 12
154 12
298 63
217 195
80 50
15 10
223 83
256 36
299 167
99 3
270 228
128 16
304 138
208 151
278 14
228 125
107 2
254 237
197 106
218 76
124 52
319 45
90 80
190 185
217 215
310 20
146 58
294 230
267 11
44 35
215 60
241 31
149 137
293 37
236 94
130 11
245 154
251 77
104 64
127 73
196 37
147 69
193 103
179 24
152 92
121 14
75 45
307 191
311 255
181 148
253 209
85 69
77 25
24 10
143 136
194 115
188 23
127 91
175 135
304 80
283 184
268 96
207 67
289 251
182 78
126 22
310 130
299 295
295 23
215 150
241 117
100 58
173 44
173 70
316 51
282 225
110 101
279 108
220 116
161 104
150 28
286 252
293 137
192 95
213 55
272 71
215 209
206 63
13 11
139 138
155 92
298 219
117 110
195 70
213 115
230 146
38 26
311 171
66 31
297 266
255 235
296 76
69 3
62 16
188 98
88 49
161 143
206 22
307 166
293 154
312 186
258 32
107 8
159 138
184 106
270 139
191 187
111 4
20 7
187 175
250 73
226 217
291 212
265 13
272 89
287 26
211 101
130 12
159 113
264 249
300 239
230 43
269 19
114 53
77 13
303 196
273 86
192 4
193 163
266 112
269 108
87 9
237 72
201 182
277 185
301 10
292 162
215 105
310 273
37 33
261 247
268 191
107 93
224 40
255 231
318 256
235 215
222 53
58 5
160 37
143 46
245 53
244 67
249 106
178 53
276 63
94 60
126 38
125 31
211 136
302 232
252 24
163 147
233 154
304 8
260 199
176 96
249 156
244 169
294 218
192 7
250 62
162 19
256 178
194 81
163 22
295 58
187 96
208 144
280 275
171 123
186 105
285 201
102 34
255 12
280 177
169 44
157 58
202 149
249 129
232 124
301 114
202 108
46 15
298 14
253 72
170 95
173 143
256 16
298 269
264 216
303 190
233 214
217 46
148 135
179 155
175 14
86 84
279 118
160 141
218 191
299 86
220 174
214 47
126 24
191 143
97 48
276 195
284 222
270 168
193 59
207 186
267 155
283 133
261 186
243 41
192 185
195 158
147 1
262 138
213 92
273 272
296 253
96 22
183 146
274 266
206 118
247 163
177 13
180 122
108 27
171 112
313 295
253 239
217 11
219 127
73 45
125 99
59 34
242 134
161 57
318 159
284 113
146 70
182 13
13 7
187 49
306 164
291 113
53 40
271 70
38 37
156 12
301 56
227 128
269 139
274 158
307 228
312 215
312 299
296 50
210 169
317 38
64 3
314 108
168 16
161 73
229 167
238 162
246 134
244 225
258 229
284 130
56 36
130 18
218 29
266 104
251 60
57 10
47 26
212 198
207 205
272 197
315 297
158 133
221 27
97 96
286 0
250 120
73 41
65 43
209 114
221 138
178 128
285 108
154 149
318 10
200 186
154 104
263 90
308 152
204 198
155 86
240 202
305 68
227 222
224 153
221 77
157 125
319 107
188 144
274 14
281 71
137 95
56 14
266 207
96 1
224 157
241 56
241 219
151 58
197 169
283 28
302 123
237 78
295 21
304 268
269 42
272 184
163 46
172 87
80 64
76 18
311 63
265 180
264 198
275 274
241 0
302 35
233 169
318 140
167 99
230 7
150 90
151 140
281 183
285 255
239 170
233 134
141 139
140 117
209 169
222 196
298 29
255 109
277 118
275 7
110 16
180 135
155 34
275 249
179 55
295 57
250 182
312 164
299 196
134 54
300 86
304 40
92 7
318 249
169 85
240 93
70 64
277 86
212 121
209 26
216 17
26 24
243 209
210 185
58 53
309 189
91 32
188 116
273 145
274 103
311 143
291 221
189 1
141 122
244 18
243 201
112 59
316 32
225 149
212 60
164 36
312 15
213 9
283 231
273 53
48 27
228 64
179 111
287 48
45 9
103 32
315 55
113 5
225 193
290 94
160 12
205 104
318 42
247 157
214 192
60 42
93 14
190 65
310 194
215 9
224 120
139 47
223 222
159 124
105 6
287 23
173 15
199 115
317 145
161 68
230 180
284 133
109 24
104 54
249 81
242 104
239 84
235 86
178 134
227 146
277 104
209 102
100 78
134 77
305 166
296 186
45 19
195 19
277 8
212 11
302 67
279 67
310 24
177 117
297 241
282 134
231 187
284 115
65 22
190 8
166 88
287 219
304 62
188 114
161 135
201 72
248 139
318 224
221 30
202 37
239 214
319 162
277 258
220 0
133 125
214 161
41 38
226 224
228 107
172 166
170 135
244 86
272 175
131 101
242 4
281 98
126 63
42 26
35 12
263 178
241 78
229 72
210 137
259 224
198 113
310 120
166 60
95 34
133 44
107 101
286 115
296 114
155 73
214 79
197 45
287 15
92 86
139 32
286 81
241 182
263 103
213 205
246 236
234 145
114 91
298 39
310 36
153 16
257 139
218 94
217 147
230 95
239 79
280 153
257 130
75 0
133 73
185 157
319 191
136 8
291 248
269 21
259 212
190 153
280 146
245 24
230 141
91 80
83 57
54 45
239 112
269 177
185 48
54 28
313 249
316 119
79 62
274 176
32 29
220 126
173 0
303 177
285 174
313 139
313 35
106 105
299 193
297 156
277 117
203 125
217 164
288 159
257 106
121 27
173 146
243 159
254 221
294 89
256 43
145 104
154 81
236 118
172 160
252 7
307 0
103 18
295 55
244 59
122 9
259 170
220 57
310 261
217 141
315 137
242 84
205 31
297 111
178 15
262 251
293 151
91 88
282 27
79 20
127 93
265 65
112 0
267 163
283 261
309 15
281 146
265 178
201 129
304 56
241 148
308 135
222 165
251 8
315 156
123 87
308 74
249 12
318 161
242 225
142 107
317 86
295 230
222 56
128 108
317 131
162 30
136 45
