120 119 320 2500
80 26
49 14
85 23
94 71
69 54
31 3
38 3
87 13
18 11
88 84
88 51
93 57
27 10
111 82
109 97
82 16
53 38
49 18
101 6
77 47
56 35
74 54
29 14
68 40
109 95
63 29
79 59
58 34
95 8
97 24
118 104
102 27
110 63
67 44
79 41
86 16
114 21
110 80
78 50
118 27
12 0
37 6
81 28
95 28
103 22
114 96
102 0
101 84
88 72
23 17
50 43
51 36
98 11
115 15
103 55
114 30
53 8
114 33
118 112
85 26
106 98
28 11
17 5
86 69
94 27
101 78
38 14
8 5
56 6
101 2
7 4
40 1
38 7
57 41
115 112
29 28
33 14
62 4
100 26
106 21
49 17
50 47
49 46
116 46
117 111
9 8
78 55
77 52
96 75
74 57
113 102
117 96
73 32
90 16
116 5
33 27
119 110
68 1
102 83
43 5
114 13
107 49
83 68
103 99
64 28
105 36
101 89
90 44
36 8
113 23
118 11
103 28
11 6
32 10
90 61
12 1
82 62
37 21
90 1
138 110
209 51
139 0
62 27
188 129
193 9
286 262
190 111
89 85
188 135
214 61
273 247
243 172
68 35
218 200
296 77
286 229
287 108
221 165
241 167
193 114
187 28
260 73
316 241
236 55
250 46
282 163
229 36
223 168
280 16
120 102
91 65
303 114
242 134
40 3
253 14
286 216
101 16
88 74
65 55
144 122
254 204
148 18
307 228
281 138
295 146
178 55
110 8
47 19
124 74
152 41
293 30
113 91
252 25
299 80
265 58
29 26
175 49
142 89
230 15
160 53
124 35
301 136
206 172
79 61
147 143
294 37
67 5
51 16
309 161
93 84
190 37
262 97
98 96
110 36
302 154
272 267
301 95
300 110
241 179
224 152
240 14
266 97
298 116
284 254
131 125
247 69
316 114
156 73
303 171
238 100
254 158
170 129
223 25
216 10
251 35
167 88
287 4
253 22
296 148
316 313
303 123
227 201
304 254
152 75
261 95
270 202
139 134
171 150
293 168
109 25
39 22
290 119
215 98
312 239
241 23
310 258
280 158
297 147
309 17
304 72
172 163
274 100
266 83
261 83
243 86
122 100
71 63
252 154
194 10
127 8
48 25
260 4
209 160
251 117
129 112
253 44
217 94
191 99
220 109
157 69
229 184
258 234
310 307
183 178
288 130
203 12
144 93
178 171
268 165
94 2
265 174
194 86
257 117
233 62
159 133
106 68
151 0
311 97
318 106
205 23
135 33
102 56
253 63
275 218
191 12
223 220
298 260
267 85
136 134
170 16
229 187
281 155
300 175
306 246
293 229
317 176
234 223
262 132
275 56
204 39
95 84
34 30
141 49
267 23
310 63
303 151
183 149
245 200
220 108
136 133
310 202
286 98
238 163
291 132
263 200
315 199
57 32
154 147
319 107
310 220
242 35
230 11
190 23
268 256
180 133
116 26
289 110
289 228
170 102
315 30
207 76
318 202
239 123
208 56
125 56
261 36
229 155
139 30
205 124
242 241
303 71
271 175
235 232
267 152
69 50
219 203
221 1
271 197
137 83
43 4
293 107
191 40
77 18
227 125
212 114
135 46
214 127
42 14
246 20
175 94
276 70
196 160
315 57
187 42
137 112
188 146
317 230
133 106
289 239
306 15
246 243
244 162
262 197
309 268
309 74
272 79
196 76
311 181
318 65
222 87
57 28
271 210
245 86
217 176
208 26
260 152
211 120
256 3
202 151
254 156
152 94
299 49
315 158
243 91
229 115
260 66
308 33
225 31
288 76
182 152
253 85
16 6
291 36
317 242
230 99
266 155
292 135
196 115
275 46
308 229
116 90
211 129
266 215
137 136
287 165
297 274
277 136
180 166
196 73
245 29
186 182
221 100
199 126
194 184
85 76
214 8
271 0
260 56
145 39
208 5
251 13
147 114
194 172
149 26
177 136
143 69
269 196
295 103
298 291
80 41
166 76
295 78
297 64
308 8
185 169
216 96
230 154
172 124
96 53
313 185
163 14
125 64
294 151
265 93
163 76
242 40
108 80
305 107
124 81
217 91
164 4
201 88
228 147
47 13
87 43
217 182
232 17
305 215
205 122
226 134
192 86
312 25
157 68
319 162
260 130
99 33
96 51
197 169
289 138
266 100
294 110
188 138
87 82
68 33
143 18
221 176
287 96
297 240
249 181
63 60
126 119
74 4
165 76
206 51
49 29
193 171
314 288
287 200
122 51
279 12
70 9
208 193
301 168
299 127
187 179
284 204
317 204
279 117
180 33
170 120
316 56
163 158
272 253
131 4
215 110
195 44
257 40
279 274
180 3
109 104
184 108
240 139
189 180
236 186
252 67
288 174
143 50
174 132
169 63
254 70
196 38
236 164
204 28
318 53
318 19
40 8
179 85
262 18
182 56
312 284
247 120
216 76
264 85
99 46
309 85
230 169
300 36
157 88
128 102
153 72
298 160
296 35
314 260
167 163
248 58
315 108
286 264
257 41
223 136
203 9
241 191
96 83
297 85
294 233
114 76
232 210
304 68
309 176
100 36
156 101
271 140
80 36
306 47
112 4
316 75
73 16
212 192
153 10
211 194
297 159
217 136
219 54
177 69
285 74
242 157
278 56
204 77
140 94
295 157
221 39
187 98
308 234
284 7
259 73
280 52
274 69
115 101
108 47
256 30
304 189
193 30
176 106
133 117
119 106
277 26
186 45
210 36
315 8
281 101
304 153
228 22
254 123
246 161
184 19
316 165
289 98
297 131
280 198
257 72
240 192
154 146
252 89
166 67
108 30
257 149
317 273
280 245
229 107
260 37
245 160
297 103
144 121
249 203
37 17
252 138
241 186
224 98
292 162
194 105
273 194
230 5
238 70
125 60
308 73
244 155
210 119
219 0
112 85
295 68
312 281
302 13
267 0
262 15
127 93
234 97
316 101
244 143
217 117
193 165
256 116
277 210
87 58
311 57
222 45
275 151
143 44
161 158
245 146
306 2
236 100
187 105
124 11
261 79
281 102
286 164
157 65
209 31
310 308
255 36
113 86
221 116
188 23
241 156
151 149
259 185
235 109
206 28
182 164
314 118
297 140
158 121
169 125
229 164
132 43
317 244
160 146
250 111
209 8
171 134
100 9
278 202
192 34
39 0
161 29
146 12
107 70
176 107
186 63
203 165
175 18
267 38
305 137
165 127
218 208
289 102
148 65
121 64
149 6
296 143
314 0
123 49
307 232
29 23
201 166
137 134
246 90
318 59
230 226
264 59
191 101
120 81
209 61
311 273
196 157
272 1
239 93
112 29
155 41
140 19
86 19
150 90
199 132
163 58
306 33
128 4
121 32
128 25
183 113
306 78
304 165
214 188
255 227
112 34
228 108
319 82
269 143
310 135
192 130
302 89
237 229
254 136
204 150
94 1
304 261
246 52
289 256
288 24
248 197
102 101
81 32
145 66
301 137
175 47
175 149
181 29
306 11
237 169
140 115
212 170
129 124
171 36
261 21
291 98
46 29
195 5
283 170
228 117
201 129
191 45
257 125
262 100
287 116
203 188
305 114
283 236
232 143
312 290
282 279
287 286
146 38
148 137
169 5
90 51
191 151
220 15
132 80
123 47
316 105
40 15
295 199
140 111
319 173
50 27
299 137
49 33
87 46
200 193
250 31
174 26
271 257
276 84
160 101
132 14
300 225
282 246
206 38
296 73
219 154
197 91
201 39
246 137
241 169
265 45
218 145
319 49
160 104
291 51
140 132
246 37
315 183
156 53
290 73
241 232
315 313
300 25
98 60
187 180
182 147
273 93
83 49
31 13
195 191
149 79
184 76
239 55
305 99
304 125
68 20
163 139
246 15
167 89
259 125
267 171
284 155
249 170
180 128
310 265
142 74
254 177
271 108
132 22
243 159
182 51
265 177
158 115
254 91
225 91
204 37
221 88
312 165
225 114
242 205
173 37
170 5
278 165
27 15
309 52
213 64
187 111
285 14
261 154
255 26
110 9
216 123
241 190
195 63
132 77
271 6
274 119
162 30
95 27
297 233
281 21
203 181
177 90
199 65
252 64
278 50
294 113
163 67
232 81
179 9
217 211
266 116
307 14
264 251
203 123
123 104
56 24
228 213
281 265
297 96
120 12
121 25
275 203
267 49
222 24
243 136
186 134
272 166
152 15
184 51
86 42
234 198
211 146
210 163
222 211
21 5
163 132
199 122
179 24
250 71
223 39
108 14
308 291
285 58
236 105
81 70
144 65
316 37
115 45
214 51
121 49
217 8
45 27
307 32
222 114
280 279
274 9
280 56
131 106
312 221
35 14
317 250
157 131
295 75
119 23
287 249
258 92
241 104
109 69
241 8
126 42
259 82
116 99
170 10
302 164
133 124
120 3
314 71
73 45
228 18
159 23
314 206
311 206
298 203
218 27
236 38
297 6
270 23
261 81
171 138
171 117
169 140
258 169
182 167
164 117
291 11
206 191
283 274
191 105
314 53
305 226
74 54
235 121
240 105
18 2
280 132
205 98
303 220
277 269
184 0
178 168
153 126
252 11
289 267
225 181
179 32
60 36
180 146
150 46
174 38
293 160
265 242
101 51
158 50
186 85
235 98
160 125
249 204
301 210
81 20
289 103
200 75
243 42
53 23
298 39
168 124
43 17
234 38
135 18
222 11
273 261
178 144
314 108
191 16
270 110
242 189
312 80
181 65
238 203
262 240
270 198
252 185
163 142
172 110
258 13
258 246
214 59
315 159
270 142
153 8
114 64
268 32
318 139
172 81
205 184
237 164
144 38
301 245
282 220
311 302
44 26
258 68
312 37
318 67
313 10
268 54
247 113
245 225
313 295
233 160
143 90
158 41
218 129
282 239
264 64
215 156
280 272
271 47
272 2
90 20
245 178
158 89
203 161
170 46
200 24
241 69
267 156
83 33
198 60
166 34
214 95
280 28
293 80
129 89
139 22
308 201
135 67
199 12
145 67
135 123
298 17
252 189
282 280
205 35
36 17
222 186
258 151
244 26
303 14
317 298
107 20
265 20
144 143
233 206
312 112
145 140
305 45
202 40
202 21
269 114
133 98
89 80
303 11
179 21
100 92
296 62
84 7
194 93
205 74
156 131
307 206
177 10
126 38
125 74
305 17
204 74
257 227
318 26
313 294
297 198
241 93
246 84
172 87
284 259
284 27
231 29
185 171
61 37
233 161
143 66
280 63
203 62
111 85
293 140
129 17
81 7
121 92
224 162
231 59
50 8
219 193
163 18
304 201
317 99
114 58
300 28
185 181
92 54
267 224
219 6
308 240
317 179
201 51
89 77
297 291
266 145
147 95
263 119
300 136
240 121
98 41
291 93
196 36
178 77
310 276
111 92
257 38
306 222
302 169
33 21
220 3
236 58
218 36
139 69
166 98
239 176
301 167
300 189
281 43
306 226
258 257
247 195
31 29
182 88
62 50
197 167
297 76
209 168
163 41
154 18
204 147
220 99
146 121
248 169
233 50
315 297
209 93
282 156
169 6
257 11
172 169
137 135
220 26
150 124
53 10
297 293
176 68
253 235
311 246
50 26
54 37
265 119
167 126
84 20
184 85
216 195
130 6
107 60
115 75
276 77
299 117
267 219
239 225
260 220
262 242
159 44
249 49
319 187
142 101
252 192
178 94
187 40
93 64
260 62
131 52
277 151
112 7
196 136
132 18
306 116
246 143
223 219
293 74
212 123
139 13
311 176
206 92
141 101
98 20
289 248
135 35
268 5
307 107
142 55
285 158
144 77
163 111
196 159
273 116
231 177
266 231
280 59
56 8
227 42
222 92
204 8
140 98
128 94
243 228
287 229
228 152
110 30
168 30
204 92
288 113
188 49
251 11
283 217
180 147
148 48
299 50
224 136
81 35
294 264
256 224
188 176
312 164
319 17
262 251
295 152
117 48
190 25
314 212
163 30
284 180
148 44
186 19
59 23
264 224
318 177
112 55
279 39
176 171
243 209
177 100
278 187
312 97
292 283
299 222
240 44
282 30
284 95
305 70
152 117
196 103
248 141
213 38
235 132
271 168
271 19
217 158
248 117
186 18
34 15
245 164
207 31
133 111
316 179
82 51
250 79
265 59
101 59
316 278
285 125
166 14
168 66
295 223
77 12
192 54
83 37
315 34
287 0
253 154
159 7
186 59
217 112
50 18
244 14
133 72
255 168
239 80
310 190
173 126
30 25
206 102
124 119
241 1
68 5
202 87
258 238
221 158
217 53
245 74
222 70
115 2
229 135
231 110
260 257
183 59
148 81
114 10
174 40
87 5
192 25
287 211
163 144
284 129
258 209
303 76
287 203
190 64
260 20
218 102
71 67
305 74
128 127
61 40
279 89
201 80
169 23
262 61
92 24
101 28
291 125
240 115
280 127
206 192
214 150
186 120
252 119
149 59
37 22
50 23
274 142
188 83
198 161
154 84
79 76
273 154
269 192
144 44
140 45
275 232
238 210
264 119
211 61
301 67
16 10
210 21
276 47
137 12
237 190
220 152
250 74
294 210
239 47
180 74
268 227
253 207
46 36
155 84
281 76
254 135
67 44
178 136
287 16
298 52
271 261
204 122
194 162
165 95
298 201
308 247
258 36
300 13
289 41
278 49
263 257
261 200
189 154
231 35
241 223
318 165
249 111
260 151
179 78
38 7
252 208
224 83
314 11
64 10
241 94
84 63
135 130
233 2
214 120
120 94
152 90
185 39
79 47
172 83
166 2
149 43
315 68
258 116
294 24
248 158
303 30
197 77
131 56
307 91
165 40
159 31
295 278
207 169
298 163
124 16
300 164
268 195
95 88
214 108
286 77
271 75
226 117
247 227
176 153
69 47
158 105
267 184
102 83
257 106
299 141
239 24
171 140
199 144
318 131
252 180
297 272
93 52
289 16
140 121
319 61
264 161
237 29
233 27
233 191
99 60
222 192
276 103
284 20
253 160
223 143
274 160
82 40
60 6
303 126
224 193
206 109
267 265
70 43
216 19
274 125
82 47
186 174
126 79
56 45
290 181
85 41
163 1
175 88
236 138
317 287
89 55
168 160
232 48
177 106
263 130
303 240
173 63
138 90
297 259
297 11
300 135
295 239
293 57
247 136
162 28
198 47
268 183
314 173
318 279
163 73
105 51
277 127
206 176
291 176
261 135
109 46
288 137
71 68
136 29
113 88
224 2
294 28
318 18
129 85
251 78
22 21
223 218
203 85
314 210
199 43
178 140
312 280
264 183
255 150
178 17
187 68
260 65
275 253
225 96
169 94
220 101
295 264
117 89
295 28
268 50
197 45
93 13
152 76
200 25
314 311
92 53
247 204
191 153
81 2
259 237
73 69
211 115
315 64
288 53
270 151
122 99
298 217
156 142
82 58
216 55
305 82
224 221
237 81
209 74
99 13
26 14
234 227
214 146
198 10
210 141
254 206
95 76
159 12
106 102
181 16
270 96
69 10
304 174
122 88
274 39
137 29
310 30
94 40
130 106
318 207
226 221
43 10
286 103
282 104
217 6
200 131
270 227
53 51
141 86
137 58
161 45
266 229
161 14
61 46
276 115
228 176
302 33
110 46
309 276
209 169
216 170
161 129
187 33
231 9
111 80
187 20
239 126
199 117
168 8
201 140
165 121
193 160
171 57
224 30
233 32
146 56
301 124
89 65
291 240
222 221
230 42
256 43
159 78
119 26
288 78
240 147
218 213
233 114
248 236
79 11
192 2
163 134
170 104
187 123
147 135
305 225
245 143
234 126
283 10
238 30
191 94
247 6
218 198
215 5
64 13
149 41
289 82
313 83
304 206
317 296
170 74
92 32
279 165
229 81
298 146
121 42
88 52
155 117
156 106
313 151
72 43
49 24
175 143
135 60
257 37
86 3
252 114
248 26
96 79
109 108
173 16
61 23
267 2
146 44
261 29
288 31
239 145
192 91
277 181
262 188
270 42
311 127
252 93
127 29
81 15
289 175
113 52
200 83
319 193
264 46
295 101
300 247
210 26
230 152
278 20
279 84
160 11
306 238
257 133
167 21
175 130
314 127
180 159
70 38
238 51
169 141
247 104
182 159
297 74
245 159
209 109
294 196
304 218
309 150
230 188
239 56
244 196
222 84
39 7
202 98
258 8
297 112
42 9
182 109
131 74
178 11
155 65
163 32
265 142
218 95
175 113
227 95
257 193
102 75
247 176
44 43
129 71
144 110
63 37
176 137
214 115
186 87
219 195
269 158
253 2
207 116
219 123
301 282
301 159
138 99
263 172
312 258
190 94
148 97
85 63
261 113
81 8
85 24
132 58
162 119
230 33
275 246
271 32
160 113
227 84
126 28
223 12
185 173
59 28
118 45
185 168
202 201
217 114
268 213
307 151
234 89
297 62
303 31
280 115
314 204
183 0
256 179
222 215
209 101
240 97
295 254
118 97
207 165
238 129
148 127
147 136
172 57
297 158
225 118
290 115
182 118
74 29
136 22
190 176
252 198
253 80
241 112
303 272
44 7
125 66
150 3
228 98
296 227
293 137
285 10
235 139
214 19
227 209
316 200
286 194
130 84
314 241
308 183
289 250
39 16
201 199
255 149
266 191
189 91
238 59
317 46
258 79
255 29
164 114
252 153
266 92
233 192
206 78
269 174
59 17
283 76
284 181
72 44
214 175
292 225
57 39
69 58
313 49
205 199
254 225
258 128
159 32
194 68
280 34
265 178
183 155
271 69
241 164
155 106
201 139
232 101
274 82
261 90
241 24
310 50
304 98
144 64
219 60
184 77
220 128
134 99
245 20
180 107
279 14
167 25
315 74
172 105
264 145
308 113
281 24
199 180
277 67
211 117
262 12
289 178
311 152
217 38
215 63
313 160
158 31
289 64
247 31
100 24
205 17
252 0
176 114
176 38
270 267
154 34
254 208
239 150
265 111
140 11
130 129
259 27
243 235
66 54
210 48
230 145
181 174
197 13
316 191
192 38
114 36
14 1
234 40
12 5
78 68
292 68
219 217
306 170
279 55
151 114
144 34
315 44
298 222
277 185
238 17
258 109
311 189
290 107
245 204
177 149
111 68
158 152
95 18
177 77
282 122
276 88
116 107
256 139
262 28
126 73
237 209
241 208
292 72
296 237
249 140
252 232
80 49
302 36
263 68
174 130
302 137
148 17
302 128
188 80
54 50
102 28
167 127
168 110
192 176
117 44
182 8
206 84
224 52
117 1
279 126
161 74
219 127
200 120
210 190
290 91
65 0
213 73
243 163
208 164
248 147
312 21
230 219
203 81
159 93
319 182
57 53
69 53
156 99
134 28
138 102
294 128
314 230
281 167
291 164
278 52
319 288
231 28
240 4
150 41
305 197
134 115
246 213
228 209
300 84
244 75
226 71
121 14
81 0
206 20
244 138
166 41
209 123
106 42
268 228
221 59
191 56
204 114
165 139
290 273
291 61
229 14
238 166
318 37
270 133
247 59
209 111
133 43
297 225
41 11
267 57
257 208
282 118
85 67
288 96
151 35
163 90
134 96
218 11
288 103
142 123
214 106
302 166
159 127
119 43
289 83
282 102
294 86
249 6
222 198
230 199
207 51
225 119
293 6
251 181
282 250
20 11
319 305
124 12
191 189
119 14
224 112
181 167
250 96
247 86
270 89
284 228
229 180
271 114
162 5
224 106
253 113
279 7
299 243
267 177
263 143
254 234
247 99
164 153
84 61
293 136
236 4
127 1
212 83
231 210
155 43
55 37
220 8
203 104
249 31
214 6
318 275
120 112
187 118
266 200
279 93
284 74
219 37
222 42
107 48
161 150
127 44
228 94
200 132
119 3
289 142
310 133
183 40
232 62
214 5
217 146
298 83
303 183
199 44
298 207
234 180
145 14
176 121
7 1
264 131
317 108
131 63
299 27
297 176
300 284
259 166
220 183
134 30
288 14
170 35
297 168
205 48
243 117
268 193
182 0
266 157
20 6
126 16
118 102
192 178
116 109
247 235
202 159
126 102
295 206
313 137
293 132
318 311
316 12
206 57
78 8
255 1
293 157
128 40
271 200
278 259
101 78
211 57
266 124
232 76
310 160
288 248
105 25
225 217
212 121
219 102
203 48
33 8
286 71
115 32
64 41
123 7
100 56
314 120
237 168
295 46
276 50
165 81
188 68
300 293
122 112
212 119
167 114
45 39
205 41
94 42
185 53
159 9
134 109
224 92
315 238
141 14
142 43
164 120
117 116
264 188
55 46
276 182
289 257
281 279
215 96
231 208
267 44
250 113
314 49
236 69
69 19
274 44
84 17
265 191
285 99
222 122
259 2
174 33
247 224
89 36
270 264
255 191
128 98
218 163
246 242
263 114
184 80
195 177
288 287
302 158
74 45
71 35
189 151
201 150
102 99
301 144
207 194
198 155
145 62
217 51
197 93
261 137
180 24
308 65
307 251
291 152
293 23
131 14
252 71
200 130
93 70
197 10
208 159
313 206
132 105
42 23
184 26
133 39
143 42
134 47
270 253
150 11
274 246
316 283
151 132
302 180
138 105
82 80
136 74
252 200
149 67
284 128
233 113
248 68
155 91
99 86
129 14
137 103
157 60
189 47
245 235
261 92
176 21
156 140
258 145
273 8
143 97
280 269
264 152
53 29
49 23
139 129
274 210
172 115
275 66
271 243
83 4
107 57
242 53
271 57
271 29
210 97
237 224
184 94
178 65
41 30
56 19
302 138
114 41
294 124
290 258
297 25
247 121
136 96
270 219
156 57
158 99
92 52
283 180
318 12
253 55
92 89
294 243
220 80
175 80
179 29
90 83
277 239
164 135
311 42
189 22
266 225
205 182
271 194
293 186
183 22
172 73
68 39
180 135
196 65
130 4
279 37
118 17
130 68
302 75
299 233
190 185
153 3
170 33
94 71
248 96
139 35
217 42
183 66
239 177
196 186
128 89
47 10
270 231
271 33
180 155
287 215
75 34
240 31
231 27
255 54
167 148
212 32
89 23
30 23
261 64
229 26
271 147
244 123
278 190
299 168
247 216
282 64
255 204
213 145
271 184
61 38
314 62
157 150
110 83
185 37
307 221
93 41
316 116
305 68
158 61
105 59
179 118
282 152
161 137
151 30
117 11
287 241
238 153
284 200
242 59
223 59
315 79
216 185
213 40
248 28
185 180
31 14
264 82
259 208
259 60
311 174
207 124
255 171
260 185
238 167
307 218
165 4
255 187
215 77
258 255
262 72
177 70
45 10
209 13
122 85
204 139
266 96
195 152
264 106
312 254
247 142
199 116
229 211
32 10
233 232
51 9
154 19
266 55
115 91
157 51
294 263
142 100
56 0
220 207
266 220
219 197
211 124
63 7
222 112
120 43
137 16
250 239
93 48
207 122
127 48
154 35
248 97
111 88
205 143
290 69
181 177
301 9
300 212
316 127
133 64
259 233
53 25
170 149
187 60
171 66
288 183
104 35
319 121
306 179
254 240
164 112
105 48
26 19
198 166
279 42
231 74
294 214
201 168
256 34
163 100
244 48
135 40
253 110
308 56
290 208
262 45
306 291
267 200
46 35
42 6
158 96
98 35
289 84
233 199
187 185
250 20
252 238
140 55
272 89
259 88
205 156
206 122
164 92
238 193
213 76
165 28
223 150
160 26
253 217
313 74
277 157
173 0
275 84
191 72
205 151
200 10
171 52
316 210
172 104
214 117
300 114
96 88
233 139
268 151
295 130
224 25
263 144
241 38
253 180
253 245
259 46
