220 219 300 2500
182 54
49 14
85 23
123 47
187 185
201 138
192 112
199 121
18 11
126 41
88 51
207 203
27 10
111 82
134 51
153 141
53 38
132 15
200 23
181 92
126 116
122 7
218 42
68 40
162 39
63 29
79 59
209 109
141 135
199 15
118 104
158 42
196 22
67 44
190 149
86 16
157 139
215 202
78 50
208 149
12 0
174 18
81 28
160 150
162 118
164 2
210 83
101 84
88 72
23 17
50 43
51 36
162 137
144 24
130 16
128 38
146 11
114 33
118 112
158 148
161 6
134 0
133 68
173 13
203 97
101 78
38 14
8 5
175 116
155 140
165 109
187 4
173 128
57 41
170 88
219 143
162 63
157 8
217 54
106 21
172 133
50 47
158 101
116 46
175 1
202 70
150 69
203 44
96 75
74 57
157 144
208 93
73 32
167 75
134 129
33 27
212 62
68 1
188 120
181 156
176 11
107 49
202 107
209 64
143 50
210 40
155 40
90 44
219 151
113 23
161 33
151 46
11 6
204 191
90 61
181 177
82 62
177 14
142 141
185 108
167 9
187 156
128 84
103 62
185 10
214 119
218 119
177 75
126 20
144 108
174 107
188 170
192 49
103 80
168 125
164 82
122 105
217 35
65 42
102 34
85 80
142 62
104 6
206 201
177 112
166 26
135 92
49 25
191 62
182 13
88 27
72 25
72 57
98 37
157 9
198 8
90 73
183 35
99 36
197 149
155 64
16 15
218 37
124 123
149 90
151 48
24 0
133 65
29 8
91 2
117 95
172 29
175 5
192 6
61 42
185 35
71 29
121 28
116 115
180 37
123 113
209 125
186 164
177 102
83 65
191 148
175 123
94 29
199 103
204 27
194 154
130 110
187 176
96 84
182 106
219 130
197 140
213 126
208 96
217 95
123 61
65 14
141 2
133 129
144 45
147 89
213 98
172 19
86 28
196 133
133 112
49 26
171 45
145 144
183 96
118 107
28 25
130 54
206 144
237 199
45 36
244 28
246 235
233 218
192 169
226 124
243 38
212 21
82 45
256 245
193 119
170 14
198 94
46 14
118 71
144 132
229 65
78 27
259 225
27 0
197 25
248 172
240 142
225 107
253 165
170 46
151 99
273 225
252 92
172 57
214 34
213 190
95 31
269 24
241 92
247 10
267 21
195 161
158 13
170 22
118 47
298 50
287 270
184 25
13 0
145 9
266 150
242 165
243 121
214 78
231 205
283 89
192 139
276 264
295 123
154 67
257 79
186 107
79 15
261 109
220 57
154 36
188 50
151 88
60 13
163 42
114 20
222 85
26 18
261 130
201 125
250 118
271 103
186 79
135 52
217 195
176 119
158 3
201 14
295 193
169 52
296 292
223 30
127 65
226 121
248 8
176 55
295 268
261 87
291 101
96 4
126 16
229 89
83 24
291 107
248 134
230 76
48 27
144 7
237 81
274 170
190 46
100 23
105 15
183 171
224 60
295 212
252 4
43 2
156 73
162 142
246 165
77 59
245 228
70 0
297 83
193 3
282 209
114 48
150 112
246 168
210 182
188 103
214 117
165 76
280 225
208 51
239 133
234 145
204 189
136 58
294 144
258 180
121 59
148 142
260 103
272 263
141 103
124 112
294 37
247 220
183 72
37 5
243 201
252 11
285 15
291 209
114 108
297 24
153 38
101 41
151 68
162 127
147 120
230 229
157 5
281 259
256 224
292 160
133 84
289 253
219 99
142 4
158 152
186 145
89 19
229 95
272 60
223 159
144 53
225 173
213 198
128 18
244 85
201 188
212 14
261 114
159 31
289 17
295 85
148 126
185 51
237 175
276 130
212 99
175 115
86 78
205 121
83 70
77 1
162 131
242 236
186 165
171 84
262 122
272 184
271 8
234 219
225 81
220 94
233 85
272 53
63 42
290 11
286 197
247 111
22 1
298 273
234 168
123 37
275 122
232 206
292 190
165 83
253 36
209 143
287 82
262 23
237 225
186 170
180 107
126 56
98 70
252 5
179 42
267 247
265 120
232 118
271 32
192 126
205 136
178 137
276 263
283 113
71 35
159 13
272 36
210 126
93 40
247 89
147 72
124 120
135 4
270 189
99 24
297 252
202 181
187 14
103 49
231 19
285 199
284 118
295 54
222 88
30 13
222 169
261 149
130 65
122 27
164 67
149 35
296 264
241 200
255 196
261 42
101 52
84 5
192 78
283 13
255 58
96 90
204 38
32 31
132 112
299 133
158 14
241 81
242 207
278 90
107 0
287 245
159 33
272 162
288 249
220 107
227 211
189 125
148 56
273 59
117 89
257 98
171 96
72 57
179 11
131 108
196 31
297 0
256 81
197 195
107 36
181 8
235 59
115 12
262 97
247 11
284 178
227 134
254 58
275 186
144 68
98 72
172 24
221 19
265 144
135 70
58 32
255 18
233 24
202 128
159 119
48 18
221 143
125 124
297 154
243 12
287 162
46 43
171 101
280 186
221 157
276 23
120 39
149 34
200 86
263 260
178 11
58 20
115 47
235 177
203 132
122 15
278 249
259 32
258 193
140 50
79 42
147 16
110 67
161 68
299 11
14 12
265 200
192 143
126 0
279 5
186 83
294 131
159 157
235 11
224 150
70 32
158 140
212 95
166 63
297 283
249 96
287 127
263 112
210 187
290 251
182 50
292 284
106 34
9 5
289 265
287 135
119 89
291 6
289 239
115 2
287 161
86 63
296 49
238 135
222 31
237 34
230 17
280 175
216 57
235 76
269 88
213 127
238 186
120 86
141 111
244 141
266 171
275 257
248 201
243 20
287 284
141 77
193 88
204 161
210 93
193 160
78 60
113 43
58 49
204 172
260 25
57 47
103 51
187 158
246 245
226 58
260 200
69 32
188 43
264 245
294 122
251 202
163 63
269 47
198 59
107 20
212 32
295 44
263 65
228 209
211 133
240 178
23 14
227 198
203 148
96 92
198 39
288 279
265 230
265 138
134 38
250 174
280 217
287 75
141 3
228 14
31 30
164 57
200 14
65 29
205 128
259 141
238 233
228 40
216 3
162 80
233 84
86 26
106 61
244 81
270 96
277 225
281 52
170 168
225 208
120 75
268 24
229 160
252 206
83 34
83 27
274 228
203 118
165 29
277 111
85 83
281 233
271 227
197 41
291 86
230 184
262 135
118 43
205 194
274 262
142 140
253 112
218 202
167 107
241 151
284 123
253 87
156 27
219 40
180 38
233 7
235 219
187 126
202 199
261 208
250 134
279 190
162 12
188 178
277 105
71 18
195 2
223 199
269 154
53 9
159 101
208 75
117 11
196 138
206 187
279 244
87 18
294 174
199 112
218 126
273 38
288 92
160 65
252 80
239 16
256 150
242 62
207 133
164 41
212 19
106 17
228 8
285 175
192 4
130 119
297 255
72 55
192 61
47 36
278 167
124 1
296 265
209 7
298 281
279 38
247 49
248 45
145 34
192 57
245 6
138 85
192 100
252 185
256 182
247 79
147 130
227 80
250 167
201 28
243 99
190 186
91 15
293 260
279 32
70 43
52 32
228 92
85 18
52 50
254 81
173 26
296 108
96 13
290 122
153 33
266 109
247 5
283 161
158 44
185 106
166 81
192 163
277 80
142 37
276 39
296 295
273 49
208 2
137 117
188 86
265 257
52 17
129 94
245 132
146 84
160 52
139 60
221 108
275 260
195 182
271 118
252 89
171 29
284 206
85 60
234 178
197 60
82 23
112 103
273 23
298 122
235 231
297 80
194 46
285 185
132 13
254 41
287 223
188 9
253 226
217 111
277 120
275 231
171 104
261 145
247 25
215 42
225 131
83 16
180 150
276 196
196 159
230 56
219 194
278 119
127 111
256 231
189 78
256 146
135 132
266 194
267 211
151 112
58 10
215 55
267 138
284 71
299 22
287 230
266 186
240 21
91 59
130 77
268 151
218 37
206 189
62 30
293 240
237 122
237 183
84 43
190 117
153 152
87 62
188 75
190 146
78 24
220 141
204 118
123 20
167 18
142 22
275 167
198 93
283 194
162 104
57 33
250 50
141 92
101 14
193 37
218 89
239 226
156 92
101 3
247 155
261 192
247 118
42 21
244 101
255 55
164 132
291 74
149 15
136 50
128 70
151 69
201 74
258 140
251 3
114 1
228 170
43 26
176 144
263 203
169 82
298 111
288 41
164 100
280 92
287 221
255 170
246 90
203 122
193 102
198 188
278 45
91 70
160 32
78 49
243 80
204 158
176 70
197 107
205 95
275 116
236 82
101 35
54 37
235 79
232 76
262 46
202 197
128 115
227 94
280 157
182 168
296 167
258 34
293 200
198 85
269 173
130 42
269 225
243 155
58 28
144 122
194 38
205 82
201 57
124 40
223 6
177 102
159 99
272 59
173 91
227 213
200 80
134 9
166 105
287 67
259 217
180 63
268 246
297 178
136 42
150 31
78 74
195 164
155 97
156 120
194 132
245 215
187 93
241 42
222 2
169 155
294 159
251 225
72 61
290 106
252 98
209 164
289 91
260 68
138 84
264 50
209 90
208 25
207 143
297 236
105 37
252 74
97 46
82 8
126 18
156 35
292 245
254 211
143 124
200 11
289 135
262 185
233 125
229 104
196 108
288 234
145 15
290 90
43 22
243 50
162 26
151 57
254 248
190 69
69 26
282 100
207 73
294 192
200 119
223 83
77 58
163 52
204 173
147 137
241 224
258 2
203 3
202 70
150 140
66 23
270 243
150 83
148 110
269 96
277 226
247 163
260 140
155 42
276 74
243 233
190 172
193 91
261 106
160 66
116 51
79 66
247 133
293 121
241 126
87 70
229 108
290 113
175 28
272 88
224 22
195 157
206 186
261 170
237 98
120 96
274 81
277 113
94 71
147 145
257 156
275 18
237 217
260 167
122 50
294 209
263 198
230 48
219 45
122 80
145 114
191 186
277 100
237 25
283 71
210 74
246 135
242 228
276 31
215 62
169 134
182 21
209 122
166 53
160 90
274 53
262 167
88 57
157 89
293 176
107 11
256 6
160 67
153 90
294 277
242 40
129 101
297 88
28 12
248 239
292 68
193 9
273 176
165 136
297 145
280 263
279 63
211 159
186 131
255 40
209 126
298 34
211 27
136 5
87 68
279 193
228 185
68 1
216 11
114 36
138 0
199 71
179 49
37 20
126 69
68 62
200 111
276 24
288 97
118 6
208 22
299 73
132 86
157 96
207 89
296 85
250 241
272 135
136 72
178 52
88 22
253 158
183 174
76 17
215 101
248 176
215 108
131 32
235 124
67 20
274 121
260 78
279 121
181 68
25 9
158 87
86 5
170 138
278 95
97 39
197 156
266 68
222 176
79 22
141 10
233 219
198 145
146 6
212 110
112 55
211 175
58 43
130 6
105 43
43 5
239 149
263 64
83 36
170 89
182 65
208 159
176 113
297 48
232 182
207 182
278 148
127 123
247 24
107 48
206 159
139 125
176 48
279 229
233 213
127 83
291 16
243 114
180 121
130 15
279 107
153 12
227 28
294 69
242 7
291 195
275 40
297 258
179 163
206 23
151 67
165 66
232 200
92 34
297 113
185 67
268 209
284 86
271 37
146 47
76 27
276 78
74 37
247 222
204 19
278 16
197 151
219 32
35 14
24 7
256 118
283 237
269 193
224 27
219 129
170 140
101 55
54 26
204 138
289 99
191 108
294 269
146 11
126 62
129 122
247 137
134 19
264 37
261 85
147 77
185 180
274 130
126 4
182 45
198 57
163 30
212 188
276 261
242 123
260 94
108 24
274 27
77 39
121 8
140 37
283 65
77 16
264 53
168 125
183 68
266 35
155 137
159 43
266 101
253 133
83 47
190 56
187 79
220 92
74 7
214 100
165 75
285 262
80 59
264 214
55 43
167 78
187 2
224 190
253 7
286 93
292 240
264 109
164 94
228 38
213 158
30 26
293 34
67 30
255 60
128 80
202 130
106 32
197 192
104 94
170 75
84 44
138 7
278 25
271 219
176 90
93 92
89 58
141 63
89 39
217 78
251 15
290 13
52 51
195 25
64 10
270 17
283 146
211 109
286 191
297 190
193 52
279 205
179 4
257 37
294 35
251 206
295 108
32 7
238 144
197 1
114 77
184 76
230 220
234 192
167 157
85 73
217 183
235 161
290 98
118 96
272 77
207 131
205 189
220 140
101 72
190 107
180 14
280 70
260 113
209 61
170 82
101 29
285 202
186 13
283 70
144 110
238 164
54 50
237 39
220 54
255 195
164 159
288 58
52 14
217 171
56 37
148 128
259 115
254 31
245 168
117 34
253 76
293 283
165 46
250 196
244 48
263 147
199 181
294 181
239 234
221 73
254 63
43 7
6 0
275 199
254 214
228 10
117 2
195 69
289 246
91 26
284 89
293 237
221 1
171 21
42 10
237 121
262 14
297 135
172 107
165 132
177 71
286 133
234 77
218 190
208 193
289 40
113 67
160 2
68 14
236 169
282 169
224 126
294 10
151 38
229 168
121 110
279 104
276 80
121 73
64 11
286 7
262 179
213 157
154 32
95 93
217 66
216 104
282 191
262 157
262 241
135 42
204 41
256 110
49 22
283 188
275 246
270 264
278 142
241 194
253 236
17 5
260 163
83 17
274 186
263 43
205 130
206 99
121 95
209 128
117 115
217 185
194 67
262 175
295 3
253 155
132 128
179 138
103 12
229 203
157 48
227 226
222 134
221 125
239 208
266 167
31 14
170 84
201 133
197 170
169 96
109 26
296 13
293 231
237 91
290 128
243 187
283 149
206 83
296 280
282 106
250 242
243 19
280 203
235 118
172 82
107 85
215 21
139 23
216 200
117 80
155 135
57 56
192 0
233 193
240 130
249 23
152 35
251 244
289 30
242 23
183 48
296 274
32 10
288 69
136 123
259 0
247 214
221 167
288 271
279 99
160 139
116 4
217 209
258 71
239 73
214 110
173 168
243 33
52 46
247 14
290 56
111 92
216 211
152 42
252 118
168 23
176 5
266 188
282 153
217 146
157 109
148 52
260 193
97 85
297 193
118 85
151 19
283 223
150 126
297 221
254 25
120 21
298 220
289 183
96 46
104 12
234 127
179 15
154 130
281 98
239 39
96 91
295 93
209 121
218 171
199 66
35 11
94 42
296 220
178 136
298 289
281 55
231 68
63 0
230 228
267 134
173 119
206 21
285 215
282 175
100 48
254 173
259 213
285 200
192 121
253 109
232 214
176 66
241 44
177 164
279 144
287 16
223 179
237 132
260 36
105 97
263 114
185 138
257 198
290 227
49 29
240 119
126 79
233 83
289 274
170 13
166 26
172 88
37 9
243 186
24 4
186 81
250 76
299 66
238 210
181 43
273 254
107 8
93 32
170 70
182 84
140 64
80 66
266 134
173 145
217 206
232 171
251 29
154 116
290 3
164 140
236 23
286 255
277 130
295 261
254 176
204 116
221 138
145 121
90 73
212 43
280 72
280 248
183 54
152 61
293 82
186 51
196 92
39 34
272 214
296 237
209 59
208 197
157 56
170 111
114 46
140 55
194 153
132 63
53 51
171 16
266 263
219 66
150 63
250 239
164 151
230 103
257 28
117 59
247 182
145 136
239 77
104 47
255 235
242 217
299 140
284 65
190 68
188 11
170 58
266 29
163 138
162 0
292 237
134 75
111 73
119 102
101 8
263 109
293 84
299 176
225 41
232 139
238 118
152 128
185 130
176 53
66 14
210 112
201 92
283 271
100 81
276 111
241 114
103 77
123 77
123 48
266 138
295 265
129 123
234 80
235 190
91 0
116 38
291 271
270 59
124 98
68 55
253 191
142 87
222 200
31 5
290 78
17 12
165 42
220 75
165 53
144 76
202 158
295 116
293 55
87 12
128 49
90 42
181 24
148 82
98 32
236 129
118 69
275 132
109 105
233 33
155 126
280 211
290 163
227 106
175 12
54 7
220 167
188 102
271 43
201 77
171 121
238 91
237 209
124 111
207 203
237 126
238 157
209 83
289 233
266 185
178 171
238 165
240 223
264 137
128 0
281 36
277 271
211 79
126 9
169 99
214 157
144 44
115 26
259 198
231 6
211 153
226 128
241 195
238 162
172 138
268 199
214 148
224 31
232 154
243 69
158 28
182 29
296 124
258 74
245 242
261 69
236 167
230 185
278 237
221 4
92 81
297 27
238 197
232 225
266 181
143 77
157 141
19 5
254 97
287 96
94 23
69 24
178 35
199 85
242 102
228 23
177 109
190 135
172 120
222 9
282 231
95 70
152 65
165 143
262 197
279 19
74 25
289 108
70 57
269 204
290 43
266 72
191 50
63 33
238 3
295 126
179 99
263 58
217 164
188 183
273 251
153 92
252 141
166 116
216 90
183 27
216 107
185 93
228 205
223 221
253 8
138 113
157 94
96 21
17 15
264 22
257 11
269 238
248 136
221 124
169 149
176 33
266 108
122 83
89 72
138 39
180 17
272 41
145 25
191 162
162 5
103 76
285 277
264 21
44 30
208 121
194 41
116 16
262 113
166 140
33 27
239 232
229 88
126 23
277 8
273 29
22 11
289 198
296 109
242 5
275 201
56 20
298 240
137 122
59 39
50 22
283 236
135 127
194 92
202 119
248 170
279 101
264 215
242 201
240 116
230 227
267 203
46 33
249 163
292 213
268 197
185 167
99 49
106 21
60 34
44 24
288 224
294 18
72 16
285 230
262 44
52 37
214 207
157 47
285 42
205 87
197 166
51 3
209 6
61 21
245 111
203 177
119 97
265 105
87 73
2 1
224 127
296 103
147 85
231 33
199 84
242 224
240 139
263 68
261 0
191 149
128 94
187 122
178 5
199 59
262 20
149 107
120 67
69 6
204 197
106 80
52 40
127 103
122 59
280 218
188 34
126 17
185 21
118 100
246 81
253 146
201 0
268 156
138 86
253 34
258 185
198 195
51 4
180 20
273 187
70 54
41 12
295 68
109 49
241 211
275 72
115 61
251 125
236 229
51 39
186 37
115 93
233 94
281 30
150 76
221 97
217 98
209 100
201 73
25 16
114 53
161 1
293 108
159 35
295 27
235 155
133 124
196 72
94 61
170 136
264 210
76 75
273 271
100 91
211 8
279 2
62 46
92 13
239 58
131 10
282 207
252 201
119 39
249 178
178 176
118 101
189 109
141 83
250 78
109 92
205 105
74 59
290 74
142 128
227 207
258 76
243 164
285 53
108 94
235 138
131 62
202 183
265 15
232 228
204 156
280 258
102 36
158 4
79 36
279 95
277 44
171 38
190 183
213 96
243 54
204 159
292 201
90 7
96 82
204 200
252 21
133 132
252 188
248 17
267 173
214 37
195 7
99 61
289 287
240 0
196 82
90 70
245 27
207 3
187 36
272 265
79 41
284 35
133 103
214 202
263 117
171 141
276 122
202 41
220 16
285 90
181 23
174 130
136 121
207 126
260 190
200 8
268 176
193 35
151 131
230 90
147 61
262 203
127 23
76 50
116 101
233 206
104 54
295 115
167 73
187 168
190 158
293 92
182 62
216 123
167 148
104 44
236 219
272 107
254 24
79 29
89 68
167 94
282 150
263 119
85 78
218 63
241 198
175 145
279 165
254 82
198 3
98 57
158 11
40 10
162 135
170 23
141 102
196 29
234 70
257 87
274 134
193 187
139 133
245 238
244 80
90 83
117 71
167 8
116 48
163 17
252 143
63 7
204 143
229 58
167 139
63 11
157 104
222 140
282 249
194 11
266 252
161 74
224 55
259 145
273 154
162 40
283 257
292 106
220 13
268 44
210 10
275 34
252 88
36 12
231 132
284 87
168 26
283 78
144 101
299 70
120 35
249 42
54 10
246 84
83 59
94 84
244 151
206 103
95 84
279 96
253 229
242 168
236 44
253 190
291 169
241 1
61 20
221 149
191 39
222 144
284 164
152 51
288 46
37 4
179 152
117 26
122 119
201 174
136 63
216 160
162 7
243 67
264 23
57 55
228 137
118 58
287 263
203 24
78 5
272 189
92 9
100 27
180 163
181 118
289 24
262 183
114 70
279 51
246 97
85 59
291 120
111 61
130 1
200 112
122 45
194 150
275 62
255 222
171 26
161 63
210 62
245 46
269 189
295 259
242 174
217 11
259 50
175 127
183 143
295 204
155 76
224 180
251 183
99 25
5 1
292 197
78 75
162 88
292 182
222 150
168 21
157 17
298 183
190 177
144 48
88 48
233 159
168 119
265 224
202 62
264 25
190 119
282 33
260 222
151 90
123 109
276 170
84 81
297 97
281 206
205 158
277 229
213 193
198 127
148 115
221 93
129 14
174 144
60 28
62 11
257 249
282 67
212 183
247 188
243 92
128 37
182 160
278 121
280 214
161 43
247 60
234 198
126 86
133 34
241 20
164 73
185 79
134 7
280 33
188 149
194 176
280 173
140 60
233 54
138 137
196 58
231 204
254 108
227 50
187 119
132 108
245 180
88 37
256 106
244 99
125 76
223 196
76 8
219 92
291 225
285 21
273 129
281 236
251 23
133 78
250 232
111 100
254 141
257 100
221 26
170 167
253 101
128 13
278 56
128 59
249 99
273 124
298 227
266 190
270 219
195 173
130 67
232 201
265 218
216 81
265 81
152 82
192 167
287 1
265 123
212 72
290 67
144 2
141 100
135 68
75 5
242 6
294 53
236 68
164 86
271 151
108 76
92 0
237 27
288 194
267 125
198 138
294 276
128 96
154 141
101 92
120 68
164 68
202 60
131 103
178 156
229 226
157 14
254 5
162 44
78 3
167 13
272 64
216 66
152 54
188 110
152 134
178 25
278 47
272 44
245 244
155 52
264 239
194 76
244 218
280 118
222 67
201 119
290 8
260 19
232 54
249 79
299 290
185 45
115 108
204 136
258 150
281 103
248 69
278 161
281 109
238 54
112 43
278 188
14 9
292 271
281 28
9 6
202 88
276 217
89 71
239 46
261 55
154 153
225 36
248 190
149 71
267 82
196 144
148 31
184 178
143 113
271 157
213 110
274 205
289 149
240 114
275 232
184 101
278 227
274 261
68 27
177 158
262 88
189 171
290 215
236 227
284 168
213 144
35 13
201 97
274 26
273 127
273 107
105 21
192 13
248 226
182 68
214 130
144 35
95 51
232 36
296 188
227 208
207 93
209 44
196 192
265 237
299 284
155 80
122 68
180 148
295 280
179 122
257 24
222 136
164 118
276 129
147 7
191 32
156 97
281 160
57 9
241 116
93 53
288 118
287 266
248 166
163 36
51 35
92 25
251 105
241 163
257 157
213 139
105 41
111 12
284 233
297 140
200 64
176 19
125 16
260 95
229 133
292 233
248 108
190 11
187 56
133 110
203 16
54 16
110 63
221 39
116 104
118 82
158 57
144 37
241 235
259 248
132 28
283 140
175 42
150 79
98 61
179 24
286 259
287 227
299 277
103 25
225 119
263 189
100 60
178 88
168 122
214 69
103 29
279 21
289 276
155 68
281 145
286 128
155 46
268 187
190 187
286 224
296 121
210 95
252 220
157 103
299 139
278 143
119 109
201 58
258 4
287 25
258 47
140 115
152 102
278 97
246 66
159 108
244 18
180 122
77 66
116 83
269 169
104 9
177 101
285 98
257 113
213 210
241 149
99 48
231 186
181 80
226 159
214 57
248 41
186 54
170 1
147 40
109 69
219 26
231 77
112 100
88 27
297 286
203 117
259 18
187 173
136 98
110 52
198 197
287 9
125 4
264 171
239 93
287 272
72 39
273 215
243 140
112 23
267 89
237 77
168 123
208 131
218 165
35 2
222 187
75 13
292 224
174 48
202 126
291 81
238 192
225 154
260 182
66 30
261 195
265 196
224 209
216 152
163 22
296 158
288 36
215 159
162 157
211 35
226 170
176 4
165 152
286 240
244 33
216 165
291 194
212 205
134 11
225 135
39 23
242 29
39 17
287 85
167 77
206 204
281 169
284 273
212 57
18 16
70 4
258 242
253 177
260 48
283 35
287 234
294 136
272 113
183 90
56 44
135 17
299 124
200 44
268 161
157 124
254 185
49 0
152 141
259 39
68 11
198 167
259 164
269 262
204 174
187 186
212 176
180 159
294 226
259 19
50 19
261 193
234 108
209 181
143 44
251 82
217 21
157 64
149 68
291 48
262 134
286 198
172 37
91 77
229 138
298 157
295 254
289 9
247 209
239 120
234 193
288 204
285 241
