120 119 240 2500
80 26
49 14
85 23
94 71
69 54
31 3
38 3
87 13
18 11
88 84
88 51
93 57
27 10
111 82
109 97
82 16
53 38
49 18
101 6
77 47
56 35
74 54
29 14
68 40
109 95
63 29
79 59
58 34
95 8
97 24
118 104
102 27
110 63
67 44
79 41
86 16
114 21
110 80
78 50
118 27
12 0
37 6
81 28
95 28
103 22
114 96
102 0
101 84
88 72
23 17
50 43
51 36
98 11
115 15
103 55
114 30
53 8
114 33
118 112
85 26
106 98
28 11
17 5
86 69
94 27
101 78
38 14
8 5
56 6
101 2
7 4
40 1
38 7
57 41
115 112
29 28
33 14
62 4
100 26
106 21
49 17
50 47
49 46
116 46
117 111
9 8
78 55
77 52
96 75
74 57
113 102
117 96
73 32
90 16
116 5
33 27
119 110
68 1
102 83
43 5
114 13
107 49
83 68
103 99
64 28
105 36
101 89
90 44
36 8
113 23
118 11
103 28
11 6
32 10
90 61
12 1
82 62
37 21
90 1
138 110
209 51
139 0
62 27
188 129
193 9
197 127
190 111
89 85
188 135
214 61
235 191
174 154
68 35
218 200
148 140
87 0
98 25
221 165
194 118
193 114
187 28
98 52
209 151
236 55
162 0
49 3
229 36
223 168
213 51
120 102
91 65
237 40
150 57
40 3
206 52
164 41
101 16
88 74
65 55
144 122
150 106
148 18
132 42
215 70
211 112
178 55
110 8
47 19
124 74
152 41
156 76
113 91
234 30
111 34
235 25
29 26
175 49
142 89
230 15
160 53
124 35
229 150
206 172
79 61
147 143
156 65
67 5
51 16
218 157
93 84
190 37
59 27
98 96
110 36
206 107
231 150
122 119
75 50
188 127
224 152
110 37
171 64
215 32
211 8
131 125
95 9
191 170
156 73
155 74
238 100
227 138
170 129
223 25
216 10
129 80
167 88
212 208
173 113
154 30
229 59
182 69
227 201
173 143
152 75
187 4
102 98
139 134
171 150
217 80
109 25
39 22
73 19
215 98
164 162
154 31
199 95
232 174
239 45
63 4
169 167
172 163
148 138
108 103
197 195
216 153
122 100
71 63
157 119
194 10
127 8
48 25
93 38
209 160
124 93
129 112
125 124
217 94
191 99
220 109
157 69
229 184
57 52
106 9
183 178
179 1
203 12
144 93
178 171
165 54
94 2
216 39
194 86
18 7
233 62
159 133
106 68
151 0
217 19
202 17
205 23
135 33
102 56
95 34
182 181
191 12
223 220
209 191
109 13
136 134
170 16
229 187
156 58
232 211
212 69
217 125
111 103
234 223
227 70
54 53
204 39
95 84
34 30
141 49
195 162
239 143
142 17
183 149
138 24
220 108
136 133
139 56
46 26
238 163
188 170
73 50
189 16
57 32
154 147
191 183
156 24
210 177
230 11
190 23
77 53
180 133
116 26
188 6
201 177
170 102
84 29
207 76
128 20
239 123
208 56
125 56
30 3
229 155
139 30
205 124
238 74
113 57
175 70
235 232
81 54
69 50
219 203
221 1
127 74
137 83
43 4
140 17
191 40
77 18
227 125
212 114
135 46
214 127
42 14
80 37
175 94
150 93
196 160
128 36
187 42
137 112
188 146
137 85
133 106
204 106
111 87
239 42
176 81
237 174
238 229
172 140
99 19
196 76
177 140
57 47
222 87
57 28
203 0
68 25
217 176
208 26
197 49
211 120
166 29
202 151
140 88
152 94
131 79
147 139
144 96
229 115
223 156
208 1
225 31
145 22
182 152
131 29
16 6
91 19
236 220
230 99
219 131
132 6
196 115
211 79
94 70
116 90
211 129
166 36
137 136
119 27
167 29
216 149
180 166
196 73
199 113
186 182
221 100
199 126
194 184
85 76
214 8
191 160
77 29
145 39
208 5
206 34
147 114
194 172
149 26
177 136
143 69
234 141
235 56
73 12
80 41
166 76
68 40
108 53
219 208
185 169
216 96
230 154
172 124
96 53
114 62
163 14
125 64
54 21
72 57
163 76
178 126
108 80
130 63
124 81
217 91
164 4
201 88
228 147
47 13
87 43
217 182
232 17
224 27
205 122
226 134
192 86
168 167
157 68
157 143
162 153
99 33
96 51
197 169
141 111
96 58
182 86
188 138
87 82
68 33
143 18
221 176
105 83
200 82
157 74
63 60
126 119
74 4
165 76
206 51
49 29
193 171
143 52
232 100
122 51
78 49
70 9
208 193
193 128
223 212
187 179
160 153
206 146
50 22
180 33
170 120
101 69
163 158
233 150
131 4
215 110
195 44
217 108
51 27
180 3
109 104
184 108
163 25
189 180
236 186
191 0
110 20
143 50
174 132
169 63
98 26
196 38
236 164
204 28
157 55
129 49
40 8
179 85
224 129
182 56
102 12
238 158
216 76
63 34
99 46
156 8
230 169
215 200
157 88
128 102
153 72
86 31
192 66
158 10
167 163
198 107
161 85
231 63
170 26
223 136
203 9
136 90
96 83
217 26
89 42
114 76
232 210
219 179
217 55
100 36
156 101
235 216
80 36
209 77
112 4
231 224
73 16
212 192
153 10
211 194
238 115
217 136
219 54
177 69
24 8
189 21
23 6
204 77
140 94
200 175
221 39
187 98
231 13
153 111
128 27
231 183
161 34
115 101
108 47
235 110
178 58
193 30
176 106
133 117
119 106
168 43
186 45
210 36
188 101
231 58
189 33
228 22
122 29
211 54
184 19
217 160
78 1
164 109
180 44
166 48
79 73
154 146
108 28
166 67
108 30
149 40
134 44
231 90
229 107
163 79
182 119
221 94
144 121
89 73
37 17
239 158
221 3
224 98
134 125
194 105
65 45
230 5
238 70
125 60
230 190
139 121
210 119
219 0
112 85
195 164
162 111
233 3
23 7
175 107
127 93
234 97
58 16
96 52
217 117
193 165
146 113
230 91
87 58
199 153
222 45
220 212
143 44
161 158
115 50
57 49
236 100
187 105
124 11
25 6
179 94
176 173
157 65
209 31
234 132
192 182
113 86
221 116
188 23
221 189
151 149
219 175
235 109
206 28
182 164
80 10
175 21
158 121
169 125
229 164
132 43
219 107
160 146
143 4
209 8
171 134
100 9
216 163
192 34
39 0
161 29
146 12
107 70
176 107
186 63
203 165
175 18
225 133
107 36
165 127
218 208
227 135
148 65
121 64
149 6
183 104
140 77
123 49
26 23
29 23
201 166
137 134
216 20
60 12
230 226
233 45
191 101
120 81
209 61
194 186
196 157
53 11
239 93
112 29
155 41
140 19
86 19
150 90
199 132
163 58
159 41
128 4
121 32
128 25
183 113
149 33
231 142
214 188
224 56
112 34
228 108
207 74
227 57
34 22
192 130
211 173
237 229
147 34
204 150
94 1
220 216
151 131
202 117
190 57
12 11
102 101
81 32
145 66
178 80
175 47
175 149
181 29
91 9
237 169
140 115
212 170
129 124
171 36
182 148
221 160
46 29
195 5
176 50
228 117
201 129
191 45
136 107
149 18
219 172
203 188
207 68
128 119
232 143
138 69
184 49
183 93
146 38
148 137
169 5
90 51
191 151
220 15
132 80
123 47
36 8
40 15
189 54
140 111
48 14
50 27
155 112
49 33
87 46
200 193
184 129
174 26
162 58
195 74
160 101
132 14
136 117
203 102
206 38
187 71
219 154
197 91
201 39
101 70
216 23
170 41
218 145
76 30
160 104
33 13
140 132
148 114
205 81
156 53
133 71
195 0
194 175
120 114
98 60
187 180
182 147
129 69
83 49
31 13
195 191
149 79
184 76
239 55
173 170
186 35
68 20
163 139
38 36
167 89
211 98
202 37
97 81
111 5
180 128
174 44
142 74
200 30
181 63
132 22
198 29
182 51
137 8
158 115
222 52
225 91
204 37
221 88
155 118
225 114
183 126
173 37
170 5
59 7
27 15
173 135
213 64
187 111
223 132
140 52
45 43
110 9
216 123
156 87
195 63
132 77
102 39
154 74
162 30
95 27
183 168
155 147
203 181
177 90
199 65
112 74
178 99
197 182
163 67
232 81
179 9
217 211
29 10
179 109
198 82
203 123
123 104
56 24
228 213
170 109
97 35
120 12
121 25
231 54
74 69
222 24
51 47
186 134
100 95
152 15
184 51
86 42
234 198
211 146
210 163
222 211
21 5
163 132
199 122
179 24
190 65
223 39
108 14
199 74
238 23
236 105
81 70
144 65
223 67
115 45
214 51
121 49
217 8
45 27
210 109
222 114
220 87
107 33
177 164
131 106
205 147
35 14
232 96
157 131
136 43
119 23
121 114
208 51
47 40
109 69
88 62
126 42
193 91
116 99
170 10
100 5
133 124
120 3
137 74
73 45
228 18
159 23
235 17
190 66
176 29
218 27
236 38
195 194
186 4
213 132
171 138
171 117
169 140
105 37
182 167
164 117
128 99
206 191
234 134
191 105
122 71
100 68
74 54
235 121
216 40
18 2
124 90
205 98
208 111
214 55
184 0
178 168
153 126
105 81
152 98
225 181
179 32
60 36
180 146
150 46
174 38
59 4
166 151
101 51
158 50
186 85
235 98
160 125
210 51
136 115
81 20
238 113
200 75
211 11
53 23
180 111
168 124
43 17
234 38
135 18
222 11
222 20
178 144
114 27
191 16
125 9
146 75
215 117
181 65
238 203
119 69
123 24
198 38
163 142
172 110
191 131
177 51
214 59
18 5
118 85
153 8
114 64
106 24
107 47
172 81
205 184
237 164
144 38
163 52
169 151
74 26
44 26
184 114
82 73
217 113
220 96
124 56
139 49
90 64
229 12
233 160
143 90
158 41
218 129
110 103
226 11
215 156
103 101
213 25
208 136
90 20
178 31
158 89
203 161
170 46
200 24
183 129
158 70
83 33
198 60
166 34
214 95
70 7
199 76
129 89
139 22
229 37
135 67
199 12
145 67
135 123
121 18
198 126
201 102
205 35
36 17
222 186
226 53
239 104
233 20
169 33
107 20
110 38
144 143
233 206
144 45
145 140
231 85
202 40
202 21
204 109
133 98
89 80
112 10
179 21
100 92
170 150
84 7
194 93
205 74
156 131
122 9
177 10
126 38
125 74
199 87
204 74
119 16
229 170
163 12
178 2
85 79
198 84
172 87
72 52
234 202
231 29
185 171
61 37
233 161
143 66
202 180
203 62
111 85
211 206
129 17
81 7
121 92
224 162
231 59
50 8
219 193
163 18
140 113
146 1
114 58
229 122
185 181
92 54
206 120
219 6
223 108
102 86
201 51
89 77
173 12
53 26
147 95
170 11
42 7
134 131
98 41
198 180
196 36
178 77
88 1
111 92
156 145
218 111
123 21
33 21
220 3
236 58
218 36
139 69
166 98
239 176
85 29
183 105
211 24
64 63
106 16
173 8
31 29
182 88
62 50
197 167
197 155
209 168
163 41
154 18
204 147
220 99
146 121
166 116
233 50
123 118
209 93
194 84
169 6
190 131
172 169
137 135
220 26
150 124
53 10
77 3
176 68
70 64
236 155
50 26
54 37
199 110
167 126
84 20
184 85
216 195
130 6
107 60
115 75
215 43
118 96
233 140
239 225
223 5
123 79
159 44
134 94
162 148
142 101
225 98
178 94
187 40
93 64
39 10
131 52
192 68
112 7
196 136
132 18
85 80
223 73
223 219
103 86
212 123
139 13
109 91
206 92
141 101
98 20
196 61
135 35
202 176
35 15
142 55
225 156
144 77
163 111
196 159
89 30
231 177
217 188
142 102
56 8
227 42
222 92
204 8
140 98
128 94
140 70
98 91
228 152
110 30
168 30
204 92
189 164
188 49
158 130
169 76
180 147
148 48
235 161
224 136
81 35
127 98
176 7
188 176
213 131
159 3
139 113
102 69
117 48
190 25
21 2
163 30
169 108
148 44
186 19
59 23
159 8
102 55
112 55
150 88
176 171
111 14
177 100
128 86
228 39
179 125
152 116
124 4
112 30
199 123
166 26
152 117
196 103
238 135
213 38
235 132
89 61
175 96
217 158
183 27
186 18
34 15
194 170
207 31
133 111
205 140
82 51
199 191
237 176
101 59
124 68
143 73
166 14
168 66
232 79
77 12
192 54
83 37
214 50
125 51
65 61
159 7
186 59
217 112
50 18
28 24
133 72
98 2
239 80
206 130
173 126
30 25
206 102
124 119
97 61
68 5
202 87
182 6
221 158
217 53
34 6
222 70
115 2
229 135
231 110
156 2
183 59
148 81
114 10
174 40
87 5
192 25
172 13
163 144
217 116
153 84
93 29
221 87
190 64
43 22
218 102
71 67
226 211
128 127
61 40
145 131
201 80
169 23
98 73
92 24
101 28
154 1
188 13
147 31
206 192
214 150
186 120
167 91
149 59
37 22
50 23
138 35
188 83
198 161
154 84
79 76
138 34
175 48
144 44
140 45
173 145
238 210
111 18
211 61
164 64
16 10
210 21
166 16
137 12
237 190
220 152
202 36
239 70
239 47
180 74
123 70
130 49
46 36
155 84
168 86
58 13
67 44
178 136
120 14
178 151
145 32
204 122
194 162
165 95
134 71
235 124
11 9
109 18
225 47
223 100
180 65
182 13
189 154
231 35
216 177
232 141
223 56
70 24
179 78
38 7
236 87
224 83
161 20
64 10
76 6
84 63
135 130
233 2
214 120
120 94
152 90
185 39
79 47
172 83
166 2
149 43
190 93
198 151
125 20
215 85
160 31
197 77
131 56
230 93
165 40
159 31
110 94
207 169
129 70
124 16
155 55
216 50
95 88
214 108
171 75
217 129
226 117
106 2
176 153
69 47
158 105
224 107
102 83
230 181
175 153
239 24
171 140
199 144
153 135
118 50
167 105
93 52
188 26
140 121
199 172
206 15
237 29
233 27
233 191
99 60
222 192
185 69
171 91
194 169
223 143
221 70
82 40
60 6
207 50
224 193
206 109
102 74
70 43
216 19
196 139
82 47
186 174
126 79
56 45
135 36
85 41
163 1
175 88
236 138
119 41
89 55
168 160
232 48
177 106
58 54
235 102
173 63
138 90
122 59
159 70
210 129
92 5
84 18
200 160
162 28
198 47
191 124
204 82
218 82
163 73
105 51
160 16
206 176
22 1
51 13
109 46
179 3
71 68
136 29
113 88
224 2
146 68
65 29
129 85
207 45
22 21
223 218
203 85
227 129
199 43
178 140
219 2
231 26
145 95
178 17
187 68
131 111
157 122
225 96
169 94
220 101
196 164
117 89
144 72
164 44
197 45
93 13
152 76
200 25
134 58
92 53
206 145
191 153
81 2
216 207
73 69
211 115
186 60
178 13
125 0
122 99
219 89
156 142
82 58
216 55
212 57
224 221
237 81
209 74
99 13
26 14
234 227
214 146
198 10
210 141
218 186
95 76
159 12
106 102
181 16
95 20
69 10
204 156
122 88
148 86
137 29
117 42
94 40
130 106
85 13
226 221
43 10
152 4
109 57
217 6
200 131
108 34
53 51
141 86
137 58
161 45
211 16
161 14
61 46
167 16
228 176
207 158
110 46
173 119
209 169
216 170
161 129
187 33
231 9
111 80
187 20
239 126
199 117
168 8
201 140
165 121
193 160
171 57
224 30
233 32
146 56
239 161
89 65
201 32
222 221
230 42
221 95
159 78
119 26
191 31
146 55
218 213
233 114
155 137
79 11
192 2
163 134
170 104
187 123
147 135
189 138
117 92
234 126
53 27
238 30
191 94
229 188
218 198
215 5
64 13
149 41
153 140
106 97
222 113
133 83
170 74
92 32
173 103
229 81
216 98
121 42
88 52
155 117
156 106
133 104
72 43
49 24
175 143
135 60
170 121
86 3
152 39
195 12
96 79
109 108
173 16
61 23
182 116
146 44
211 81
172 37
239 145
192 91
204 126
139 29
152 139
130 90
66 41
127 29
81 15
222 193
113 52
200 83
43 13
89 47
212 2
155 6
210 26
230 152
237 96
104 4
160 11
236 110
227 214
167 21
175 130
187 108
180 159
70 38
238 51
169 141
114 98
182 159
35 17
26 25
209 109
64 51
175 171
71 48
230 188
239 56
146 127
222 84
39 7
202 98
220 173
166 21
42 9
182 109
131 74
178 11
155 65
163 32
92 72
218 95
175 113
227 95
122 86
102 75
233 91
44 43
129 71
144 110
63 37
176 137
214 115
186 87
219 195
197 46
144 94
207 116
219 123
52 31
85 6
138 99
119 55
118 109
190 94
148 97
85 63
218 190
81 8
85 24
132 58
162 119
230 33
226 77
193 23
160 113
227 84
126 28
223 12
185 173
59 28
118 45
185 168
202 201
217 114
199 108
129 64
234 89
145 17
221 51
170 115
139 82
183 0
146 5
222 215
209 101
166 69
140 120
118 97
207 165
238 129
148 127
147 136
172 57
227 124
225 118
226 32
182 118
74 29
136 22
190 176
213 160
146 93
226 58
230 67
44 7
125 66
150 3
228 98
160 33
192 26
164 19
235 139
214 19
227 209
138 80
150 128
130 84
196 116
221 163
232 111
39 16
201 199
188 18
87 42
189 91
238 59
143 129
212 86
218 217
164 114
108 89
211 132
233 192
206 78
223 187
59 17
128 117
202 45
72 44
214 175
109 102
57 39
69 58
215 93
205 199
224 150
190 56
159 32
194 68
205 181
143 101
183 155
184 135
154 121
155 106
201 139
232 101
162 92
238 168
23 19
37 3
180 118
144 64
219 60
184 77
220 128
134 99
130 26
180 107
185 11
167 25
69 35
172 105
207 70
71 8
129 61
199 180
73 30
211 117
107 40
194 164
93 50
217 38
215 63
235 71
158 31
125 76
132 106
100 24
205 17
101 34
176 114
176 38
221 54
154 34
234 29
239 150
124 49
140 11
130 129
162 72
228 103
66 54
210 48
230 145
181 174
197 13
202 10
192 38
114 36
14 1
234 40
12 5
78 68
229 190
219 217
225 126
113 103
151 114
144 34
148 73
235 201
172 146
238 17
193 42
71 18
218 40
187 34
177 149
111 68
158 152
95 18
177 77
169 160
125 42
116 107
227 39
111 3
126 73
237 209
122 2
162 56
83 34
133 14
191 62
80 49
206 70
158 28
174 130
57 56
148 17
106 85
188 80
54 50
102 28
167 127
168 110
192 176
117 44
182 8
206 84
224 52
117 1
124 106
161 74
219 127
200 120
210 190
114 7
65 0
213 73
212 93
208 164
79 53
68 34
230 219
203 81
159 93
178 75
57 53
69 53
156 99
134 28
138 102
229 66
231 131
236 72
225 139
200 147
125 94
231 28
165 43
150 41
125 39
134 115
206 17
228 209
213 44
37 30
226 71
121 14
81 0
206 20
158 0
166 41
209 123
106 42
67 19
221 59
191 56
204 114
165 139
202 128
43 9
229 14
238 166
218 184
195 104
206 67
209 111
133 43
151 16
41 11
197 176
180 143
183 52
85 67
237 115
151 35
163 90
134 96
218 11
101 19
142 123
214 106
202 68
159 127
119 43
74 12
196 182
138 88
106 72
222 198
230 199
207 51
225 119
166 91
235 75
176 58
20 11
102 17
124 12
191 189
119 14
224 112
181 167
167 94
177 48
209 35
88 34
229 180
217 157
162 5
224 106
155 28
238 16
176 134
141 125
165 37
170 24
215 179
164 153
84 61
100 34
236 4
127 1
212 83
231 210
155 43
55 37
220 8
203 104
149 49
214 6
179 68
120 112
187 118
85 48
77 14
237 43
219 37
222 42
107 48
161 150
127 44
228 94
200 132
119 3
224 37
58 26
183 40
232 62
214 5
217 146
200 0
92 28
199 44
213 140
234 180
145 14
176 121
7 1
119 79
196 54
131 63
130 15
193 101
218 73
89 70
220 183
134 30
129 25
170 35
110 68
205 48
131 128
82 19
182 0
136 5
20 6
126 16
118 102
192 178
116 109
133 70
202 159
126 102
230 69
206 151
207 199
186 99
141 9
206 57
78 8
129 29
76 3
128 40
191 73
167 154
101 78
211 57
207 144
232 76
200 18
69 59
105 25
225 217
212 121
219 102
203 48
33 8
167 149
115 32
64 41
123 7
100 56
225 100
237 168
129 8
216 196
165 81
188 68
176 65
122 112
212 119
167 114
45 39
205 41
94 42
185 53
159 9
134 109
224 92
170 51
141 14
142 43
164 120
117 116
218 86
55 46
98 97
145 79
110 33
215 96
231 208
81 45
188 116
37 5
236 69
69 19
183 53
84 17
213 207
159 106
222 122
187 64
174 33
237 82
89 36
226 106
182 144
128 98
218 163
67 17
78 41
184 80
195 177
91 23
201 30
74 45
71 35
189 151
201 150
102 99
238 20
207 194
198 155
145 62
217 51
197 93
115 14
180 24
198 124
76 29
141 122
71 36
131 14
238 126
200 130
93 70
197 10
208 159
160 159
132 105
42 23
184 26
133 39
143 42
134 47
197 30
150 11
106 80
195 148
151 132
187 1
138 105
82 80
136 74
121 20
149 67
60 2
233 113
119 113
155 91
99 86
129 14
137 103
157 60
189 47
233 36
4 2
176 21
156 140
171 121
136 79
143 97
164 100
133 51
53 29
49 23
139 129
182 23
172 115
184 36
237 30
83 4
107 57
174 172
164 124
182 94
210 97
237 224
184 94
178 65
41 30
56 19
184 90
114 41
185 10
83 64
166 88
190 175
136 96
235 30
156 57
158 99
92 52
227 18
144 84
199 79
92 89
194 119
220 80
175 80
179 29
90 83
216 115
164 135
125 37
189 22
191 63
205 182
159 145
195 169
183 22
172 73
68 39
180 135
196 65
130 4
51 3
118 17
130 68
169 65
165 85
190 185
153 3
170 33
94 71
106 86
139 35
217 42
183 66
239 177
196 186
128 89
47 10
168 35
165 20
180 155
120 108
75 34
235 174
231 27
103 71
167 148
212 32
89 23
30 23
204 145
229 26
161 145
220 72
95 91
40 31
176 61
206 30
236 116
213 145
152 59
61 38
206 91
157 150
110 83
185 37
58 57
93 41
210 199
149 135
158 61
105 59
179 118
142 137
161 137
151 30
117 11
212 70
238 153
127 52
64 22
223 59
231 154
216 185
213 40
205 55
185 180
31 14
66 39
199 185
54 12
222 124
207 124
171 56
123 38
238 167
188 39
165 4
167 125
215 77
194 181
237 75
177 70
45 10
209 13
122 85
204 139
208 105
195 152
129 122
126 9
200 174
199 116
229 211
32 10
233 232
51 9
154 19
224 160
115 91
157 51
221 164
142 100
56 0
220 207
98 55
219 197
211 124
63 7
222 112
120 43
137 16
52 16
93 48
207 122
127 48
154 35
125 35
111 88
205 143
200 23
181 177
147 61
177 41
168 149
133 64
198 99
53 25
170 149
187 60
171 66
229 156
104 35
86 41
225 177
127 35
164 112
105 48
26 19
198 166
220 147
231 74
161 119
201 168
125 99
163 100
57 34
135 40
165 6
236 14
48 3
124 94
145 135
159 43
46 35
42 6
158 96
98 35
208 163
233 199
187 185
125 8
217 36
140 55
104 12
184 6
205 156
206 122
164 92
238 193
213 76
165 28
223 150
160 26
48 10
107 11
215 104
173 0
151 108
191 72
205 151
200 10
171 52
179 160
172 104
214 117
219 52
96 88
233 139
215 213
75 55
224 25
70 32
189 135
115 63
92 82
189 167
