5 
10 0.0006800000 0.0007600000 0.0007910000 0.0006720000 0.0007000000 
15 0.0010090000 0.0009670000 0.0009860000 0.0010120000 0.0009620000 
20 0.0013160000 0.0013330000 0.0013490000 0.0013630000 0.0013180000 
25 0.0016220000 0.0016050000 0.0016040000 0.0018260000 0.0015750000 
30 0.0019480000 0.0019130000 0.0019190000 0.0020180000 0.0019170000 
35 0.0022110000 0.0024260000 0.0021630000 0.0021810000 0.0022060000 
40 0.0024970000 0.0025640000 0.0024810000 0.0025070000 0.0025290000 
45 0.0028640000 0.0028570000 0.0028740000 0.0028370000 0.0028390000 
50 0.0031350000 0.0031630000 0.0033570000 0.0031020000 0.0034260000 
55 0.0043770000 0.0044430000 0.0043670000 0.0047370000 0.0043900000 
60 0.0048410000 0.0048060000 0.0052130000 0.0049030000 0.0051360000 
65 0.0052110000 0.0053930000 0.0051810000 0.0051840000 0.0054240000 
70 0.0056500000 0.0055710000 0.0055900000 0.0058520000 0.0057020000 
