5 
10 0.3122100000 0.3104820000 0.3055890000 0.3254280000 0.3210750000 
15 0.8660060000 0.8357360000 0.8169870000 0.8259260000 0.8322150000 
20 0.5061840000 0.5028560000 0.5012720000 0.4971640000 0.5097870000 
25 1.3237440000 1.3326210000 1.3315480000 1.3153690000 1.2991260000 
30 1.5190650000 1.5084710000 1.5490490000 1.5288140000 1.5287450000 
35 1.2746360000 1.2751400000 1.3100460000 1.2660120000 1.2581020000 
40 2.4480400000 2.4373760000 2.4529150000 2.4277920000 2.4319610000 
45 3.9477640000 3.9148400000 3.9274720000 3.9056590000 3.9164680000 
50 4.4193450000 4.3859880000 4.3447500000 4.4334660000 4.4027340000 
55 7.0632130000 6.9483000000 7.1219150000 7.2586930000 7.0722880000 
60 3.7175830000 3.7269900000 3.6926360000 3.6992820000 3.6830440000 
65 9.2164870000 8.9676150000 9.0775760000 9.0533220000 9.0739160000 
70 9.5567690000 9.5334630000 9.5635650000 9.6072630000 9.5419280000 
