5 
10 0.0000470000 0.0000460000 0.0000450000 0.0000460000 0.0000460000 
15 0.0000680000 0.0000710000 0.0000700000 0.0001100000 0.0000730000 
20 0.0000950000 0.0000980000 0.0000980000 0.0000980000 0.0000970000 
25 0.0000970000 0.0000980000 0.0001200000 0.0000970000 0.0000980000 
30 0.0001000000 0.0001000000 0.0001000000 0.0001010000 0.0000990000 
35 0.0001260000 0.0001410000 0.0001270000 0.0001520000 0.0001230000 
40 0.0001610000 0.0001800000 0.0001610000 0.0001810000 0.0001550000 
45 0.0001560000 0.0001530000 0.0001530000 0.0001580000 0.0001570000 
50 0.0001810000 0.0001730000 0.0001590000 0.0001670000 0.0001590000 
55 0.0036530000 0.0035480000 0.0038470000 0.0036960000 0.0036480000 
60 0.0038640000 0.0042160000 0.0039840000 0.0039140000 0.0041720000 
65 0.0044240000 0.0042260000 0.0042970000 0.0041360000 0.0046300000 
70 0.0042880000 0.0043700000 0.0044320000 0.0049810000 0.0046550000 
