5 
10 0.0005520000 0.0005000000 0.0005000000 0.0004960000 0.0005070000 
15 0.0019200000 0.0018820000 0.0018590000 0.0018330000 0.0018880000 
20 0.0031750000 0.0029580000 0.0029840000 0.0029270000 0.0031700000 
25 0.0015730000 0.0015490000 0.0014770000 0.0016420000 0.0015220000 
30 0.0016650000 0.0015570000 0.0015640000 0.0015680000 0.0015500000 
35 0.0060120000 0.0058580000 0.0058470000 0.0056540000 0.0058290000 
40 0.0049960000 0.0050170000 0.0057930000 0.0053870000 0.0079020000 
45 0.0029010000 0.0026520000 0.0026940000 0.0027830000 0.0026690000 
50 0.0707840000 0.0714870000 0.0746410000 0.0751640000 0.0746630000 
55 0.0867490000 0.0849980000 0.0875730000 0.0882810000 0.0856620000 
60 0.0915520000 0.0920040000 0.0878850000 0.0886990000 0.0874380000 
65 0.0947710000 0.0983030000 0.0951240000 0.0968030000 0.0966130000 
70 0.0994240000 0.0986290000 0.0980430000 0.0996010000 0.1000300000 
