5 
10 0.0040500000 0.0044140000 0.0042200000 0.0044970000 0.0040720000 
15 0.0107070000 0.0104270000 0.0098000000 0.0104470000 0.0098880000 
20 0.0162970000 0.0154400000 0.0165890000 0.0156730000 0.0156930000 
25 0.0215450000 0.0207780000 0.0207700000 0.0202910000 0.0208450000 
30 0.0195710000 0.0196130000 0.0190770000 0.0199410000 0.0193420000 
35 0.0431230000 0.0427040000 0.0430070000 0.0430750000 0.0431980000 
40 0.0322380000 0.0323270000 0.0322620000 0.0320260000 0.0326950000 
45 0.0362660000 0.0367010000 0.0359380000 0.0362850000 0.0369990000 
50 1.3274870000 1.2992020000 1.3262510000 1.3797800000 1.3131150000 
55 0.7487110000 0.7426460000 0.7540680000 0.7382410000 0.7394090000 
60 1.9968360000 1.9806570000 2.0215130000 1.9697010000 2.0546490000 
65 1.7621830000 1.7076060000 1.6986320000 1.6963780000 1.7089310000 
70 1.6135210000 1.6312840000 1.6252060000 1.6051840000 1.6036940000 
