5 
10 0.0436020000 0.0431610000 0.0435570000 0.0420410000 0.0423580000 
15 0.1059300000 0.1054330000 0.1054760000 0.1069870000 0.1059120000 
20 0.2316860000 0.2297610000 0.2320350000 0.2297670000 0.2288170000 
25 0.1763650000 0.1795680000 0.1775490000 0.1773780000 0.1777500000 
30 0.3387180000 0.3363480000 0.3344050000 0.3338400000 0.3378160000 
35 0.4940730000 0.4877140000 0.4877720000 0.4861270000 0.4921410000 
40 1.0505830000 1.0548720000 1.0501560000 1.0573360000 1.0583610000 
45 0.7552030000 0.7524420000 0.7615570000 0.7516970000 0.7572740000 
50 0.9017020000 0.9018080000 0.9177740000 0.8995130000 0.8786730000 
55 1.5413610000 1.5418200000 1.5431680000 1.5828070000 1.5695330000 
60 0.9520350000 0.9599790000 0.9869330000 0.9555520000 0.9483950000 
65 1.8509990000 1.8201070000 1.8438430000 1.8223290000 1.8789240000 
70 1.3430540000 1.3403280000 1.3525790000 1.3419950000 1.3492250000 
