1 
10 32767

15 32764

20 32767

25 32765

30 32764

35 32767

40 32767

45 32766

50 32766

55 32767

60 32767

65 32764

70 32766

1 
10 32765

15 32765

20 32766

25 32765

30 32766

35 32766

40 32767

45 32766

50 32767

55 32765

60 32765

65 32767

70 32764

1 
10 32767

15 32767

20 32764

25 32767

30 32765

35 32764

40 32764

45 32764

50 32767

55 32764

60 32766

65 32765

70 32766

1 
10 32764

15 32764

20 32767

25 32766

30 32765

35 32766

40 32767

45 32766

50 32765

55 32767

60 32765

65 32766

70 32764

1 
10 0

15 0

20 0

25 0

30 0

35 2

40 4

45 6

50 6

55 6

60 2

65 2

70 4

1 
10 0

15 0

20 0

25 0

30 0

35 2

40 4

45 6

50 6

55 6

60 2

65 2

70 4

1 
10 0

15 0

20 0

25 0

30 0

35 2

40 4

45 6

50 6

55 6

60 2

65 2

70 4

