1 
32766

32766

32767

32767

32764

32765

32765

32767

32767

32765

32765

32767

32765

1 
32766

32766

32764

32764

32765

32764

32764

32765

32767

32765

32764

32765

32767

1 
32767

32767

32764

32764

32766

32764

32765

32764

32767

32766

32767

32767

32766

1 
32766

32767

32767

32764

32765

32765

32767

32765

32765

32766

32766

32764

32765

1 
10

14

16

22

24

32

32

32

1 
10

14

16

22

24

32

32

32

42

50

48

54

60

1 
10

14

16

22

24

32

32

32

42

50

48

54

60

