1 
10 32767

15 32766

20 32765

25 32766

30 32766

35 32765

40 32766

45 32764

50 32765

55 32766

60 32766

65 32766

70 32766

10 15 20 25 30 35 40 45 50 55 60 65 70 1 
10 32764

15 32764

20 32767

25 32766

30 32765

35 32766

40 32767

45 32766

50 32767

55 32765

60 32764

65 32767

70 32765

10 15 20 25 30 35 40 45 50 55 60 65 70 1 
10 32764

15 32766

20 32764

25 32766

30 32765

35 32765

40 32764

45 32764

50 32767

55 32765

60 32766

65 32765

70 32764

10 15 20 25 30 35 40 45 50 55 60 65 70 1 
10 32764

15 32766

20 32765

25 32765

30 32764

35 32766

40 32766

45 32767

50 32767

55 32766

60 32766

65 32767

70 32765

10 15 20 25 30 35 40 45 50 55 60 65 70 1 
10 32764

15 32766

20 32765

25 32766

30 32767

35 32765

40 32767

45 32766

50 32767

55 32767

60 32764

65 32766

70 32766

10 15 20 25 30 35 40 45 50 1 
10 6

15 10

20 10

25 12

30 10

35 16

40 20

45 22

50 36

55 16

60 34

65 18

70 32

10 15 20 25 30 35 40 45 50 55 60 65 70 1 
10 6

15 10

20 10

25 12

30 10

35 16

40 20

45 22

50 36

55 16

60 34

65 18

70 32

10 15 20 25 30 35 40 45 50 55 60 65 70 