200 3900 200 2500
182 54
49 14
85 23
123 47
187 185
31 3
192 112
199 121
18 11
126 41
88 51
93 57
27 10
111 82
134 51
153 141
53 38
132 15
101 6
181 92
126 116
122 7
29 14
68 40
162 39
63 29
79 59
58 34
141 135
199 15
118 104
158 42
196 22
67 44
190 149
86 16
157 139
141 84
78 50
189 72
12 0
174 18
81 28
160 150
162 118
164 2
102 0
101 84
88 72
23 17
50 43
51 36
162 137
144 24
130 16
128 38
146 11
114 33
118 112
158 148
161 6
134 0
133 68
173 13
194 164
101 78
38 14
8 5
175 116
155 140
165 109
187 4
173 128
57 41
170 88
161 131
162 63
157 8
198 50
106 21
172 133
50 47
158 101
116 46
175 1
9 8
150 69
124 82
96 75
74 57
157 144
117 96
73 32
167 75
134 129
33 27
119 110
68 1
188 120
181 156
176 11
107 49
83 68
193 36
143 50
187 183
155 40
90 44
36 8
113 23
161 33
151 46
11 6
194 66
90 61
181 177
82 62
177 14
142 141
185 108
167 9
187 156
128 84
103 62
185 10
177 42
54 17
177 75
126 20
144 108
174 107
188 170
192 49
103 80
168 125
164 82
122 105
191 73
65 42
102 34
85 80
142 62
104 6
39 28
177 112
166 26
135 92
49 25
191 62
182 13
88 27
72 25
72 57
98 37
157 9
198 8
90 73
183 35
99 36
197 149
155 64
16 15
61 43
124 123
149 90
151 48
24 0
133 65
29 8
91 2
117 95
172 29
175 5
192 6
61 42
185 35
71 29
121 28
116 115
180 37
123 113
77 69
186 164
177 102
83 65
191 148
175 123
94 29
199 103
88 64
194 154
130 110
187 176
96 84
182 106
105 62
197 140
117 55
192 91
115 31
123 61
65 14
141 2
133 129
144 45
147 89
61 14
172 19
86 28
196 133
133 112
49 26
171 45
145 144
183 96
118 107
28 25
130 54
153 97
185 163
151 145
125 72
142 96
122 48
194 140
156 139
107 86
153 54
178 11
165 128
164 75
95 73
66 49
105 16
179 112
199 99
145 120
31 12
171 54
153 103
198 63
194 25
78 30
110 26
135 81
147 50
76 8
119 38
160 132
128 61
165 9
198 155
179 38
186 46
120 25
194 98
176 174
190 37
167 147
51 11
68 23
159 45
81 52
166 108
52 27
188 135
125 39
57 19
148 147
199 172
197 111
144 60
27 19
178 85
117 83
113 104
71 68
139 61
139 107
181 61
46 22
159 44
102 42
143 98
164 20
194 88
153 150
79 31
153 152
144 64
158 14
168 65
183 64
138 123
115 30
161 127
192 181
66 16
192 43
182 73
146 39
107 43
126 59
175 30
54 23
183 8
190 176
183 48
149 103
64 63
151 105
190 101
182 93
172 130
161 93
157 5
149 24
152 136
125 123
68 37
127 104
187 96
196 13
183 74
140 138
178 100
128 109
175 137
150 15
184 13
38 34
22 17
123 2
129 63
20 13
107 39
141 37
115 53
52 31
72 63
116 110
191 5
139 52
98 95
193 120
167 149
136 58
111 55
93 6
187 145
182 3
146 1
85 42
107 45
78 24
116 56
118 66
114 70
196 7
115 71
132 63
189 38
51 14
184 183
168 68
173 99
110 87
172 57
106 64
177 143
140 33
158 52
158 55
165 48
179 157
142 81
175 75
195 179
76 3
109 36
162 135
188 178
94 11
199 26
198 57
184 33
114 56
19 0
61 2
141 12
34 19
139 111
145 142
68 33
42 27
42 29
164 92
187 89
72 64
118 53
129 55
183 37
11 0
163 4
189 58
190 64
143 80
192 45
125 77
186 156
188 154
141 74
194 16
135 118
171 16
26 11
172 122
107 72
62 45
198 35
130 32
194 95
186 33
135 79
148 119
81 54
136 74
125 12
177 123
150 46
82 50
166 142
152 83
193 117
145 96
144 9
179 138
68 15
31 18
165 6
167 73
104 63
109 60
149 123
170 119
77 71
77 32
26 0
171 24
92 16
114 52
186 44
75 25
199 41
193 43
140 14
169 122
179 20
172 38
111 75
133 3
68 45
184 167
106 70
130 86
171 44
116 44
69 23
97 10
194 145
181 178
113 57
145 66
23 18
68 35
56 5
179 108
126 95
185 132
134 99
163 103
125 11
152 51
167 18
196 61
101 1
186 180
99 61
111 17
158 154
129 49
156 36
162 45
155 111
106 40
156 121
81 64
52 30
95 54
172 85
197 12
125 19
195 193
192 90
181 103
88 17
184 137
25 6
150 55
72 28
88 40
183 122
106 75
83 82
96 18
116 15
158 119
184 87
21 16
46 15
160 158
184 29
186 71
151 40
65 34
175 173
189 84
192 130
124 106
138 79
186 185
180 123
192 1
46 42
170 83
89 53
154 113
187 70
145 30
195 68
103 25
109 23
157 74
166 118
62 36
59 13
146 86
23 0
52 12
146 14
195 152
84 70
193 10
154 147
30 25
84 6
111 95
117 94
140 135
92 83
69 47
162 144
27 16
76 44
171 161
41 1
122 121
75 35
127 120
153 19
90 56
133 116
196 39
177 128
137 99
103 37
153 112
80 74
160 104
118 113
173 86
81 22
137 75
135 25
140 64
178 113
158 124
151 12
130 113
17 7
75 10
126 40
161 21
91 60
174 170
164 47
119 95
96 79
161 61
157 151
104 93
84 79
90 64
172 4
105 14
108 83
185 142
198 182
164 38
168 113
180 19
137 50
139 64
160 97
92 30
131 114
158 127
82 15
134 131
101 94
179 139
189 119
111 30
103 26
114 7
198 92
124 114
190 52
162 18
130 18
150 18
117 115
156 31
133 26
112 20
37 7
150 59
159 13
167 31
131 80
183 65
91 76
177 69
156 120
106 84
164 69
71 47
165 13
179 75
112 6
126 108
191 164
131 118
186 29
178 89
191 166
180 3
160 46
194 115
98 18
148 76
150 87
177 18
174 90
165 56
187 177
105 31
125 103
125 79
122 58
33 19
29 15
167 92
151 47
69 40
168 92
143 96
158 37
132 2
182 63
136 5
76 31
153 0
175 124
106 65
37 22
129 20
181 115
190 137
68 62
134 127
109 57
181 145
129 42
71 49
184 105
104 57
22 4
114 34
170 5
171 141
97 68
73 33
154 122
82 58
123 68
189 82
129 36
170 152
144 39
129 76
101 25
152 150
109 47
69 37
134 103
130 8
199 44
105 6
163 34
82 13
175 131
115 51
76 50
164 4
179 10
87 56
149 118
174 89
24 1
178 64
47 26
175 93
113 51
185 100
41 0
165 78
152 120
168 166
155 105
43 25
154 143
79 15
133 82
145 46
173 30
164 29
13 10
192 136
152 97
132 114
168 18
148 130
92 4
157 103
173 51
124 74
144 48
123 81
186 157
109 56
199 100
162 43
15 4
109 102
153 137
141 22
194 69
123 70
166 138
180 140
22 12
134 95
89 18
88 14
181 38
123 91
143 45
154 19
37 12
178 80
130 22
104 29
77 48
194 52
179 82
98 84
124 119
199 5
68 19
195 106
116 59
172 157
112 47
124 93
186 140
136 124
102 28
140 68
163 35
148 106
127 58
71 70
174 133
192 19
155 5
177 89
134 101
130 101
179 58
160 115
17 4
100 3
106 92
176 122
164 27
85 55
94 15
93 26
78 60
57 5
115 16
184 39
131 55
195 177
168 149
147 75
78 57
62 51
199 10
27 4
156 34
169 49
63 6
91 36
171 95
139 1
131 88
155 63
133 90
151 92
76 68
145 39
161 89
161 144
164 57
82 28
194 37
75 49
146 69
82 4
74 47
173 125
28 5
162 30
174 23
51 21
134 125
163 16
179 78
66 56
73 55
93 10
184 115
80 9
163 26
126 50
182 142
32 2
109 61
112 48
117 11
193 188
144 20
157 137
158 81
168 69
150 131
74 43
130 104
89 37
123 31
26 3
178 151
143 54
109 16
182 151
165 138
160 157
182 94
118 34
89 67
158 117
121 81
160 119
187 86
142 97
164 115
152 15
86 59
181 138
176 49
158 115
164 117
121 52
149 134
92 59
147 14
157 23
36 27
17 13
117 91
151 36
92 27
114 73
144 90
188 34
106 54
77 31
165 63
163 27
56 36
157 126
140 7
113 25
150 129
130 126
173 14
194 62
177 134
26 15
188 158
140 27
144 88
194 8
179 3
126 109
159 36
38 16
189 77
177 49
112 61
172 151
190 114
188 27
180 42
66 19
160 36
35 25
133 48
141 88
138 113
196 85
185 159
140 51
104 91
182 131
175 7
131 66
166 153
98 56
160 33
128 36
111 88
184 109
45 41
195 150
68 17
141 99
112 95
134 102
162 49
140 115
148 128
118 82
172 169
144 4
122 0
65 23
163 116
148 103
198 123
164 125
98 60
89 42
180 169
69 64
90 80
39 33
158 47
190 168
136 68
101 56
137 61
188 185
128 10
186 177
139 23
158 25
190 158
75 47
86 19
27 17
168 67
156 107
187 64
166 55
135 48
190 92
164 13
64 19
145 116
163 79
199 80
187 24
32 24
198 183
135 119
162 42
15 8
198 187
88 7
195 182
36 24
108 45
154 21
92 44
166 145
112 8
128 41
178 32
168 146
155 53
23 7
142 65
128 39
93 45
77 14
73 23
95 19
131 37
127 5
73 59
126 71
86 22
182 146
127 125
127 49
56 25
119 116
166 77
176 131
135 120
84 55
94 38
94 1
193 50
159 47
90 29
33 32
187 30
171 146
169 13
121 100
193 121
153 81
191 43
164 21
160 148
173 37
164 98
87 85
155 107
185 134
168 29
189 114
147 121
104 3
164 86
45 18
164 41
191 86
186 167
194 133
127 75
135 41
120 115
87 62
81 30
84 64
132 82
62 8
60 56
75 54
92 53
118 63
125 16
152 63
128 26
72 23
181 81
187 167
92 19
163 53
20 5
109 45
36 31
95 23
109 1
106 99
106 25
83 25
106 97
187 164
98 78
137 87
103 27
153 69
191 112
104 31
132 124
168 145
140 81
101 24
117 13
167 129
124 7
114 0
127 10
130 99
104 48
116 101
160 84
199 149
178 81
198 97
163 114
104 36
153 8
75 70
199 91
186 118
169 55
134 39
93 55
194 146
83 49
159 70
138 93
182 148
104 27
117 54
199 104
127 30
181 49
162 94
127 94
124 51
123 114
42 25
174 139
166 79
153 151
34 26
160 72
94 86
128 48
132 40
197 155
158 104
146 126
142 42
182 49
190 86
126 23
197 185
97 38
66 15
179 160
42 4
190 46
181 102
97 45
106 73
43 22
188 166
162 57
163 148
28 23
66 34
183 42
34 7
128 58
110 66
119 30
150 70
129 118
162 146
125 71
145 95
157 55
142 35
45 13
122 32
157 53
132 75
162 74
194 73
142 55
189 122
125 21
145 121
135 62
101 36
172 153
153 13
188 91
191 18
124 59
129 53
67 37
150 119
130 9
179 77
180 162
189 140
174 95
81 32
177 36
185 117
191 40
156 46
198 141
58 46
193 92
177 15
35 13
171 102
177 175
135 99
112 45
110 6
156 75
146 44
111 78
161 156
136 26
68 38
179 36
192 15
184 52
123 97
184 130
170 10
22 15
21 6
172 98
26 8
25 15
85 83
135 44
88 24
154 33
111 43
116 57
122 90
96 0
182 111
179 72
71 45
154 60
98 25
186 132
185 54
136 108
28 1
154 30
46 17
117 76
113 103
118 26
196 9
189 127
172 148
178 37
195 42
133 39
151 130
163 0
104 69
56 45
83 34
198 114
190 161
173 1
77 9
191 115
149 65
175 59
122 37
192 183
180 85
169 12
177 137
175 126
94 30
181 0
170 74
144 110
193 97
96 76
171 8
189 145
169 46
111 90
193 129
178 34
88 69
99 7
134 18
163 36
174 25
181 155
161 160
177 40
159 39
197 196
166 72
131 18
83 30
86 78
177 53
121 49
44 1
194 153
131 38
135 19
197 37
54 11
186 64
36 25
115 109
142 52
98 49
120 19
75 53
115 26
142 7
150 34
150 127
182 17
37 28
92 46
149 85
153 91
124 60
157 127
151 141
181 79
142 31
144 70
64 21
92 29
188 144
159 151
96 14
89 32
129 78
172 101
47 28
75 11
45 2
182 41
61 6
53 13
61 31
193 171
51 7
118 61
12 7
100 37
174 31
55 23
106 4
196 15
165 110
56 29
197 156
68 4
93 71
59 56
199 181
164 114
88 48
103 81
133 23
150 43
84 11
189 178
57 42
192 22
173 106
187 79
107 83
195 145
149 133
63 11
198 166
117 62
170 163
191 10
179 116
193 113
135 124
192 44
161 104
170 34
94 49
118 14
138 59
196 178
179 0
150 122
169 51
172 91
113 52
88 60
103 98
90 34
41 32
175 117
128 72
177 169
39 3
152 100
154 95
108 87
66 32
185 30
195 190
18 9
15 0
162 140
174 41
136 98
144 69
119 108
146 136
99 68
72 53
182 158
191 144
157 129
173 73
92 23
121 119
153 147
188 174
103 35
172 67
131 31
199 175
144 76
136 24
181 15
58 0
111 94
140 18
148 42
171 137
162 147
115 52
96 38
121 95
85 69
111 48
37 27
152 60
122 59
136 8
60 34
86 76
176 34
191 103
161 129
174 145
134 24
172 15
152 31
66 17
149 8
159 117
179 55
190 111
196 171
61 32
90 55
124 39
27 12
118 97
69 3
40 27
167 71
95 7
88 19
196 66
107 7
188 131
184 72
73 40
122 29
138 40
143 87
152 56
147 90
93 46
49 30
44 19
182 143
190 7
199 12
147 59
161 142
100 24
90 74
80 55
197 57
134 112
164 44
181 143
164 151
175 85
171 122
172 69
111 15
137 78
74 25
69 25
91 68
182 114
106 27
176 136
156 79
38 33
176 50
173 18
194 76
80 27
159 61
155 27
81 17
150 103
164 155
42 36
97 6
136 13
171 152
108 35
193 13
103 15
153 96
45 19
188 39
177 88
150 36
130 125
24 17
83 81
130 70
145 68
186 128
130 2
164 113
138 110
115 59
153 57
193 180
52 32
51 23
144 56
195 172
74 61
158 111
133 78
108 19
131 75
143 53
100 29
195 146
196 87
88 85
141 60
193 132
71 63
188 29
165 114
159 135
98 31
108 69
127 95
190 82
171 157
100 91
121 118
142 95
194 110
159 113
138 80
136 132
147 112
180 160
138 84
154 132
197 44
197 7
79 72
146 145
133 104
129 72
133 11
55 49
192 66
167 67
144 82
122 20
164 52
31 22
127 114
174 32
116 12
68 57
164 107
149 84
82 34
117 86
169 7
173 123
144 94
115 69
95 64
156 138
30 0
62 28
97 28
86 25
84 52
43 41
164 81
191 88
139 119
195 5
90 12
180 156
156 17
47 30
153 27
119 5
142 32
198 178
158 109
126 21
104 10
173 62
190 1
160 2
128 79
17 1
92 71
143 42
169 30
157 84
33 30
129 17
86 42
158 121
25 20
168 63
150 135
128 105
150 104
133 87
73 54
197 48
29 26
174 118
104 85
190 119
179 62
163 139
194 18
126 47
191 34
83 73
145 34
60 35
147 110
113 81
163 93
130 38
9 6
90 53
61 19
153 143
138 39
137 38
175 20
195 117
106 86
145 100
133 108
168 156
185 65
136 103
167 16
139 98
137 25
196 84
167 156
141 61
167 110
199 84
171 76
172 61
111 0
110 14
112 7
192 20
171 33
87 2
107 84
154 103
59 39
179 123
102 33
178 8
100 49
137 4
169 130
190 74
62 9
150 128
117 30
108 62
166 61
91 59
140 79
112 23
119 113
142 29
33 28
152 134
121 61
96 28
149 79
159 38
94 59
143 114
21 5
169 143
140 102
183 134
194 80
101 91
178 6
43 27
147 37
113 53
142 27
169 145
88 53
56 11
96 87
52 29
184 41
120 61
26 22
182 165
199 171
122 13
120 90
119 61
192 69
102 78
105 13
102 9
151 56
182 32
175 74
99 4
125 0
89 6
96 77
157 24
169 53
137 55
167 130
125 38
123 56
123 34
136 118
192 76
180 49
164 148
60 38
113 9
72 22
191 51
83 10
182 16
179 133
168 23
112 17
60 8
85 18
160 42
112 109
62 47
47 40
191 134
111 50
30 26
99 62
142 105
192 56
101 35
140 121
176 140
164 74
85 47
193 82
60 2
52 10
194 57
73 66
91 67
107 92
192 54
128 102
165 139
18 16
40 16
2 1
92 39
197 4
56 40
76 62
86 13
197 128
192 31
171 37
104 87
197 55
156 86
70 1
51 19
100 38
192 16
60 58
149 44
100 44
93 64
148 109
154 94
185 126
71 16
91 80
158 136
174 8
123 1
181 36
176 141
122 18
195 76
159 16
168 66
146 113
187 100
126 54
184 8
194 155
153 74
74 6
153 94
138 19
125 78
154 4
137 83
166 65
108 84
94 4
181 85
111 73
131 65
184 146
163 121
199 188
137 24
123 105
125 64
58 6
143 20
160 35
19 15
158 83
163 111
85 1
122 38
166 4
16 12
107 81
91 19
176 147
196 16
42 11
46 29
62 18
181 158
155 65
176 102
157 113
157 42
135 74
176 175
153 25
84 3
104 44
87 45
170 13
103 76
192 98
180 165
173 95
115 84
167 5
159 12
199 29
159 77
193 88
83 36
153 61
136 90
137 32
177 170
173 6
196 123
99 41
115 63
153 11
163 106
181 113
124 77
132 60
191 7
110 70
189 3
138 133
79 51
75 56
198 165
175 83
142 39
188 112
194 0
37 2
159 84
138 78
47 34
56 10
137 100
195 134
161 153
89 73
122 112
92 10
84 20
93 72
132 107
161 52
71 32
161 111
192 186
199 131
150 35
188 16
79 20
124 122
190 180
137 82
140 104
158 20
78 19
166 115
70 51
173 17
92 90
148 87
165 153
107 50
57 24
172 152
154 102
81 12
184 16
89 12
70 33
168 116
104 95
70 38
83 24
162 41
130 117
74 37
138 120
85 77
144 102
167 0
173 167
108 95
154 9
131 13
59 16
165 141
175 130
149 83
166 76
173 25
117 69
185 70
197 73
158 76
185 16
183 58
185 96
141 67
106 72
130 119
136 45
140 93
85 33
52 42
117 29
36 5
185 165
159 155
102 38
114 61
93 49
45 40
137 34
27 25
149 82
169 58
143 40
190 88
144 122
143 49
137 18
37 33
165 44
54 34
80 44
91 77
169 144
50 45
125 17
140 45
189 183
103 5
166 67
112 28
192 166
138 111
109 48
192 170
74 20
52 9
70 15
162 80
187 67
51 26
41 19
175 67
121 36
119 32
177 153
124 116
159 115
169 114
80 38
110 10
195 173
76 40
133 34
119 109
152 7
76 26
106 49
145 63
32 23
110 11
137 117
180 4
75 43
183 0
170 157
46 36
167 41
180 98
162 71
67 34
163 161
176 16
169 28
53 6
139 3
171 91
146 48
127 88
96 30
165 148
184 27
112 49
49 48
154 41
78 29
171 83
127 26
103 17
192 143
176 94
197 159
129 66
175 95
134 110
116 3
168 150
83 9
147 138
196 69
132 91
196 195
34 32
3 2
158 139
114 27
84 14
172 163
193 191
155 102
177 94
175 18
168 48
197 146
110 33
193 163
48 5
79 14
41 26
59 0
52 41
160 108
159 28
67 64
37 18
82 19
168 102
109 11
178 87
151 122
170 149
176 150
172 121
117 66
184 171
160 32
141 104
163 13
185 19
164 158
174 4
134 12
138 136
99 81
62 48
70 8
176 163
197 188
182 58
160 137
137 90
63 33
162 88
181 180
175 63
93 34
119 39
130 68
12 5
197 135
123 83
169 19
92 60
188 146
155 42
137 8
22 7
150 6
161 117
172 30
140 98
101 26
161 11
85 4
125 96
65 47
134 63
137 28
132 24
127 64
129 89
193 153
196 10
81 20
32 20
173 16
104 78
97 44
160 117
170 76
160 27
75 63
141 51
135 38
181 46
96 91
59 5
153 59
45 34
154 29
79 49
182 176
130 128
188 145
165 8
123 32
155 59
122 119
33 11
142 85
59 58
162 107
116 41
147 105
192 37
149 67
150 73
67 19
192 33
199 165
151 103
170 141
102 25
194 56
126 45
104 86
69 34
171 125
151 135
189 92
146 104
145 20
180 18
143 112
154 18
93 25
157 105
139 133
77 34
118 111
144 67
121 33
142 119
172 50
185 140
110 51
54 33
147 83
170 145
132 104
37 24
164 123
124 34
185 76
157 134
106 104
137 69
38 22
173 145
48 24
99 55
152 99
71 24
150 145
197 103
179 161
158 112
116 28
169 52
158 100
199 61
156 74
181 65
154 7
135 31
87 6
50 41
53 48
189 102
122 70
132 89
30 5
164 139
164 15
30 27
167 90
142 109
153 5
91 51
146 35
65 48
151 123
101 32
102 62
164 1
151 76
187 56
144 121
154 125
186 76
143 91
129 116
76 41
199 102
97 43
169 138
157 150
65 9
109 20
185 73
22 18
78 61
120 49
160 147
46 0
170 0
128 57
19 12
186 4
131 109
112 104
157 57
146 60
181 33
146 33
76 49
115 101
196 20
118 20
123 58
64 48
159 3
163 113
105 10
145 92
49 33
18 7
100 93
124 87
118 45
81 47
137 23
64 43
124 97
193 154
122 64
168 28
180 177
165 131
131 30
136 44
102 13
157 101
114 80
144 51
175 164
155 142
114 74
190 171
149 43
191 31
46 24
196 129
73 43
120 5
129 117
118 8
155 152
157 33
58 50
73 61
71 64
69 27
29 1
143 129
191 65
63 56
89 36
180 46
85 73
55 44
83 12
89 41
156 143
190 23
155 20
143 31
149 3
131 4
115 56
60 29
97 69
94 43
84 82
133 14
135 94
53 33
156 62
184 123
194 36
147 7
60 14
194 160
109 12
123 63
128 120
198 125
195 57
87 9
140 54
179 177
125 33
157 100
103 79
99 43
176 121
179 143
52 0
193 57
50 3
135 82
191 137
123 17
192 64
129 18
178 140
49 3
140 3
96 83
66 5
65 18
114 86
180 150
120 57
194 156
86 77
97 82
54 29
97 94
114 85
170 115
125 45
160 100
143 2
151 84
196 90
104 51
164 131
130 28
157 95
183 140
126 87
50 14
73 0
130 36
103 6
59 19
42 16
172 120
167 87
96 42
173 126
58 28
168 2
72 26
67 41
198 190
55 4
88 41
57 18
172 41
192 30
118 116
175 8
68 32
171 72
162 103
47 23
150 26
123 41
58 40
97 12
172 13
184 83
146 70
36 19
46 4
45 35
133 29
195 101
199 101
138 82
139 14
178 84
135 6
119 112
161 69
98 39
191 13
126 34
51 38
182 164
174 21
188 7
139 4
185 50
163 95
145 17
186 144
192 118
175 61
100 67
97 20
182 64
164 108
146 83
146 19
135 14
102 43
166 70
151 30
173 5
90 86
93 51
157 82
91 61
175 73
120 17
108 70
192 2
100 72
118 109
183 166
139 87
121 12
145 102
47 18
105 60
170 95
167 45
193 61
191 58
182 144
93 29
148 84
165 74
173 63
113 37
65 24
84 83
183 112
145 41
110 53
99 47
196 176
161 46
188 23
165 115
162 113
184 156
34 3
120 83
86 33
195 183
170 114
84 73
135 63
166 139
183 62
173 148
86 40
36 22
156 8
89 71
23 13
132 46
91 73
91 69
97 89
155 13
167 123
40 21
100 35
174 142
177 66
149 130
91 79
199 53
52 18
64 25
58 16
93 87
119 33
190 72
55 35
70 42
176 46
139 20
195 14
182 159
64 15
103 43
135 57
194 67
138 28
181 14
192 46
88 8
190 172
95 67
113 60
196 103
133 71
175 66
123 92
102 72
159 156
80 43
79 58
53 30
87 19
178 79
130 55
163 104
195 37
119 55
143 78
133 79
165 143
147 123
193 69
54 18
89 48
167 4
166 27
69 16
103 88
100 65
62 59
185 64
153 50
166 74
34 22
191 9
82 36
182 135
110 64
196 170
179 45
86 53
188 37
187 154
177 176
139 104
193 78
95 44
145 49
116 18
105 77
121 10
155 119
123 24
134 76
124 63
182 14
70 14
64 45
125 102
195 44
13 4
98 54
110 102
149 119
29 12
81 71
157 3
139 80
141 133
33 5
134 25
97 75
166 162
156 104
76 66
55 9
97 74
87 39
72 50
122 9
116 96
62 3
105 83
93 48
173 57
74 69
168 112
139 48
177 116
116 66
190 66
148 43
107 85
72 20
126 22
164 7
131 128
175 169
160 103
187 142
182 10
152 129
107 71
193 186
137 47
115 87
185 36
56 16
115 10
103 3
127 0
164 89
118 42
73 25
123 0
159 6
183 95
66 63
159 49
43 18
170 3
185 68
157 51
132 7
69 6
126 17
98 27
146 8
189 112
193 34
161 152
183 72
124 10
132 61
182 29
167 111
120 74
159 85
60 32
150 1
65 12
141 102
184 42
95 89
124 96
45 0
114 97
135 86
161 97
156 73
126 86
155 75
163 112
88 5
105 85
84 21
54 3
161 67
172 28
48 23
140 120
44 0
114 19
159 58
92 41
72 71
170 17
144 120
167 148
48 3
185 13
62 44
125 114
179 14
83 56
116 7
187 53
55 30
145 109
14 8
155 95
140 49
163 133
191 185
66 31
189 147
32 18
162 156
147 64
82 48
58 13
85 51
182 55
108 85
120 32
31 6
89 33
166 150
188 152
142 56
73 69
140 10
193 59
134 116
150 84
199 77
198 132
134 31
129 0
70 50
141 79
175 134
168 53
83 16
90 4
114 82
126 26
32 12
36 1
152 3
151 53
193 96
96 17
184 158
104 5
153 40
175 21
165 149
179 34
148 26
149 42
79 43
157 68
109 80
173 96
184 44
196 37
104 33
173 61
138 3
180 111
185 24
149 47
122 103
66 47
185 47
131 6
134 132
96 13
93 4
107 80
107 22
197 176
139 138
104 16
109 34
54 22
174 46
134 52
127 39
160 111
105 27
182 122
135 93
143 131
100 81
191 35
142 61
134 64
93 18
176 84
187 175
131 53
177 149
181 63
192 4
65 61
190 139
165 19
61 51
111 99
144 113
194 176
105 47
28 27
55 29
66 53
128 15
119 2
105 79
167 62
121 15
140 34
157 67
65 54
185 80
173 64
163 87
141 72
192 127
56 4
198 116
68 26
112 71
70 25
177 68
157 64
27 23
137 92
170 7
140 137
195 69
158 74
66 11
76 10
104 53
174 42
126 123
190 2
154 138
88 20
155 10
75 24
175 86
118 75
164 97
149 138
180 29
114 1
121 108
183 82
66 23
182 56
168 20
105 32
164 40
146 79
105 34
105 71
107 30
77 43
143 57
65 4
92 85
186 154
145 43
197 8
138 61
178 131
159 29
185 170
166 120
127 3
139 122
139 42
73 57
133 119
167 3
102 26
164 106
138 98
171 34
175 27
165 96
180 136
181 68
158 147
88 87
20 3
174 141
53 18
139 9
110 50
153 56
72 12
141 124
169 76
95 52
172 111
199 74
161 10
182 105
194 11
168 109
55 1
76 35
112 102
197 122
145 114
141 25
188 173
135 104
82 18
194 183
37 8
104 71
193 176
104 77
102 14
118 108
156 32
152 77
78 5
199 109
119 100
20 11
113 64
109 104
157 69
155 150
190 12
170 67
178 117
41 11
97 46
165 164
40 38
178 73
106 93
137 27
192 174
172 159
110 101
117 50
186 153
94 89
188 3
133 35
122 107
168 119
189 9
181 162
148 38
191 49
54 37
93 0
156 37
153 125
152 72
196 182
150 141
197 74
166 132
137 68
195 126
177 17
156 66
143 10
131 17
176 170
120 85
50 10
183 76
132 14
145 90
120 47
161 88
39 36
106 19
122 100
30 15
80 48
193 90
42 9
158 94
181 171
149 56
141 100
103 20
168 142
198 61
182 67
60 33
194 121
165 158
198 161
56 44
155 98
174 70
177 44
157 54
190 138
164 58
136 48
170 162
183 50
177 4
140 20
99 12
89 45
62 0
184 178
107 82
45 21
198 184
136 69
75 27
128 34
90 24
148 62
194 178
103 63
159 116
151 1
116 22
50 33
112 12
163 19
198 72
182 113
186 149
184 73
131 9
51 13
147 36
177 135
103 38
112 73
194 170
194 7
105 21
168 54
122 63
190 83
70 32
33 23
166 124
112 101
54 15
172 83
163 127
143 82
97 61
144 87
191 129
168 163
27 26
157 93
175 33
150 134
110 15
186 131
167 121
191 183
126 93
153 10
185 37
81 73
56 49
102 56
189 109
165 150
101 40
185 81
181 50
175 133
30 3
105 45
108 75
92 47
152 39
169 165
113 39
192 74
113 10
106 61
149 19
75 28
142 127
163 76
86 81
53 41
173 81
134 19
195 188
82 52
90 35
96 86
133 50
119 66
47 33
179 153
188 67
193 12
106 17
119 46
124 92
122 51
61 4
116 32
100 55
119 102
58 48
115 107
154 6
158 141
58 51
81 19
77 74
168 47
192 135
135 109
192 71
152 22
134 32
95 47
187 27
152 46
181 122
98 40
113 110
129 80
155 91
133 93
79 21
174 91
165 66
146 22
45 30
194 44
177 174
111 72
87 75
126 76
103 31
199 90
196 142
124 20
21 13
80 4
152 76
133 117
117 42
195 181
75 19
49 12
160 91
86 5
69 20
180 125
153 85
165 71
133 123
89 22
141 40
51 42
125 74
152 117
186 9
74 65
147 13
180 45
75 46
194 150
138 43
198 136
114 106
57 38
127 12
187 157
173 131
183 162
197 94
176 132
97 11
192 172
136 105
173 42
179 60
187 182
79 9
166 20
156 140
143 55
154 99
193 178
117 101
61 59
188 115
28 26
153 100
148 33
157 85
183 53
177 71
197 192
169 100
184 24
177 57
178 48
177 171
140 32
180 139
125 83
152 96
193 124
112 31
174 155
155 127
147 98
87 68
142 111
117 84
168 22
148 65
189 167
135 88
115 50
126 39
148 71
194 94
177 43
133 98
120 22
197 117
22 5
124 33
149 34
144 127
158 79
173 85
82 9
156 124
155 71
178 107
172 168
107 13
183 81
131 7
58 4
188 1
173 137
104 73
103 33
190 36
160 70
102 39
122 89
191 83
178 121
145 110
176 57
158 1
177 131
78 54
192 99
61 12
199 177
189 0
139 109
155 128
153 145
197 87
145 76
124 42
115 98
90 51
135 2
144 107
124 43
150 126
146 59
196 180
86 37
67 18
133 88
145 52
109 18
173 65
128 27
71 57
41 18
89 55
177 90
170 138
77 36
119 94
108 24
63 55
118 65
82 73
193 99
156 90
166 6
48 29
138 36
199 144
83 35
131 26
111 96
69 49
92 34
184 32
185 8
27 18
181 104
176 158
132 44
119 76
117 52
120 45
126 60
162 149
190 69
169 123
193 152
104 83
193 140
45 32
139 130
7 1
154 71
175 167
139 76
101 50
176 87
118 101
147 76
163 110
143 1
154 68
116 87
179 159
186 148
192 39
184 55
86 31
180 28
152 151
148 117
178 49
101 23
22 0
138 105
168 139
116 30
125 58
194 59
191 38
173 149
87 27
121 116
188 139
123 10
180 7
167 96
186 32
118 9
144 105
73 27
98 82
165 126
95 56
31 4
117 90
153 64
109 25
115 105
140 44
175 96
143 12
113 11
43 31
179 23
175 19
164 156
163 157
43 28
143 119
117 40
139 128
75 5
76 6
193 20
72 55
153 89
145 47
162 76
113 16
172 102
164 50
115 57
166 135
56 13
192 58
112 63
159 87
160 90
171 112
118 89
164 5
119 78
135 51
100 20
134 58
135 22
175 99
184 179
190 9
82 33
156 68
183 47
114 29
146 43
185 133
189 87
112 108
197 16
193 145
196 144
147 128
87 37
20 8
100 41
144 36
130 120
161 136
163 8
47 37
120 36
165 72
124 118
97 54
111 9
76 71
196 63
95 65
155 31
129 5
74 60
149 101
126 62
157 114
144 74
189 16
61 3
125 50
108 32
156 35
147 118
163 132
124 70
177 76
112 10
132 57
37 35
62 16
93 78
78 32
177 21
79 54
130 31
67 1
129 40
117 88
129 52
142 116
81 60
177 127
20 0
143 100
139 106
123 28
193 166
95 9
61 49
162 54
120 2
197 147
164 73
31 2
50 9
117 112
73 71
184 140
159 21
105 49
156 9
155 123
63 54
100 16
95 92
182 168
89 84
130 41
134 62
196 33
152 121
96 65
198 131
112 34
192 182
123 33
148 56
145 137
146 122
197 120
169 5
111 70
155 21
137 73
173 69
173 170
172 80
80 23
118 17
110 81
138 73
118 99
63 37
99 52
154 114
146 100
140 42
195 115
103 75
62 17
58 30
57 16
162 29
185 17
126 125
95 87
162 110
125 41
64 0
183 109
119 97
151 82
130 66
47 6
175 153
130 46
125 75
153 106
184 50
158 33
123 21
87 48
135 116
193 70
106 101
170 40
132 92
169 40
197 113
142 8
91 62
154 58
77 76
26 2
131 5
65 1
151 93
151 64
116 70
76 36
193 41
51 25
51 43
199 86
188 56
190 39
39 16
180 107
106 9
30 7
192 153
105 46
69 65
156 49
167 131
138 134
150 61
42 12
25 4
29 2
194 132
150 114
168 103
174 165
126 106
192 72
188 134
179 132
194 45
194 65
171 0
186 21
167 20
188 33
95 49
180 6
153 86
130 89
89 3
118 106
195 18
160 11
79 25
35 9
150 91
161 84
103 87
180 99
140 127
80 69
182 89
149 39
149 139
57 10
57 28
72 18
43 40
188 149
198 177
156 123
22 16
137 106
166 9
169 17
159 103
199 79
101 17
88 23
165 106
196 57
197 10
192 144
134 106
115 113
115 74
138 74
64 22
188 70
175 45
178 164
150 137
69 33
100 0
58 39
189 156
190 27
119 16
157 112
158 82
183 179
154 5
86 55
115 12
44 40
103 57
125 124
169 2
108 76
179 43
182 180
182 72
192 93
126 73
82 43
54 35
86 0
181 89
114 79
141 41
114 81
164 147
64 37
162 64
108 23
191 157
60 39
74 32
162 121
103 46
143 21
142 25
189 172
179 81
139 135
120 27
157 99
180 94
155 141
100 58
80 68
131 70
123 73
100 18
184 89
176 31
99 21
130 112
111 77
113 106
108 0
192 52
181 78
183 148
194 99
138 109
77 51
29 21
182 43
125 28
130 93
52 51
128 54
155 66
49 13
182 26
194 184
167 63
113 18
183 152
80 32
159 104
131 113
145 18
127 17
78 69
171 89
74 10
137 133
181 161
92 26
81 5
65 17
104 52
58 11
100 94
188 172
60 0
110 94
186 45
87 42
131 95
43 38
142 1
195 158
115 11
188 136
105 35
154 54
63 43
162 84
110 76
193 17
148 46
188 94
114 43
118 24
42 23
33 31
141 99
126 44
178 8
192 117
186 139
175 147
138 109
125 18
172 55
72 42
148 113
119 66
155 150
167 150
156 10
156 81
76 69
59 50
146 63
143 114
151 16
45 24
62 29
81 62
32 25
83 0
149 11
139 75
161 152
111 97
68 32
190 180
96 36
116 105
119 16
102 17
179 148
59 14
174 108
166 149
118 61
174 56
115 30
119 2
65 37
141 134
178 122
185 2
193 102
193 3
154 150
133 120
185 80
123 3
186 155
100 44
72 41
18 5
64 46
164 2
149 82
64 58
106 101
177 162
145 21
171 55
195 84
174 97
188 50
172 145
32 12
188 156
187 73
22 1
102 44
83 71
89 70
79 46
195 8
179 153
106 25
118 37
93 79
79 59
178 160
158 54
107 105
170 39
87 85
95 40
198 175
66 28
198 29
134 100
122 10
81 9
156 77
186 119
197 94
101 90
185 129
182 47
114 75
123 11
54 42
191 119
192 53
151 120
132 122
174 171
180 90
185 140
163 37
178 33
153 8
135 5
189 38
159 99
89 23
82 31
137 5
117 66
188 51
141 33
190 137
148 48
160 134
175 60
140 77
197 155
159 21
152 109
176 85
178 170
78 6
123 98
102 12
73 34
122 42
146 72
194 157
159 62
153 133
107 17
158 15
192 35
101 28
127 117
140 64
183 9
79 36
152 145
63 56
137 74
192 23
147 144
61 11
57 52
45 31
128 29
85 13
157 138
131 44
124 77
188 145
126 31
183 30
151 99
158 141
44 16
154 43
95 77
197 21
162 10
189 151
135 31
197 60
89 73
102 85
121 29
131 59
186 59
182 131
74 45
131 58
169 107
38 7
149 77
170 161
114 8
159 136
193 92
139 112
124 1
140 92
114 101
44 26
184 37
180 89
83 24
82 35
150 144
122 101
198 196
54 53
179 87
181 123
188 54
34 20
175 25
196 31
163 72
146 125
145 90
189 185
151 82
195 166
139 35
136 22
162 51
193 48
182 124
130 57
106 85
60 51
177 17
190 72
180 92
62 45
189 40
176 173
128 48
184 92
91 47
186 32
119 28
161 82
180 154
35 16
132 30
41 10
180 32
169 153
40 36
60 58
48 13
74 21
63 27
66 6
90 78
133 107
192 89
75 46
112 46
187 105
153 80
187 121
168 9
199 73
46 38
180 137
48 32
41 39
191 154
148 89
94 90
74 42
74 3
128 39
113 79
162 47
159 9
32 3
166 165
187 63
180 125
175 45
159 126
162 98
164 41
144 49
159 28
158 109
87 0
144 135
88 47
147 2
121 18
178 172
32 1
189 93
143 41
66 41
134 105
133 12
196 1
125 72
189 86
168 121
63 52
159 15
154 71
160 66
112 31
189 181
145 49
80 9
199 79
93 6
147 100
131 26
153 51
134 34
165 107
196 19
147 98
28 25
160 57
178 115
187 65
192 104
116 92
136 54
20 9
199 168
101 38
138 94
156 137
155 119
157 137
159 101
171 44
192 107
178 65
169 94
118 39
23 16
147 145
149 35
100 49
126 64
20 0
107 77
168 130
79 57
67 0
136 94
101 67
181 128
83 12
148 97
121 85
170 144
140 131
146 76
180 112
89 41
60 48
95 62
61 39
169 158
138 29
172 16
185 35
169 23
122 100
93 64
149 74
87 86
82 72
129 22
153 151
188 165
109 90
97 21
174 136
190 50
193 183
169 84
88 76
146 66
144 96
180 155
138 75
166 41
111 19
126 85
34 12
129 80
143 42
167 101
134 120
178 5
126 118
166 116
71 50
186 85
196 20
195 66
195 164
192 32
108 37
94 87
126 47
104 17
83 64
73 1
147 40
179 85
66 42
165 109
89 36
187 131
171 84
139 41
109 13
70 47
189 60
167 155
160 15
184 159
84 33
157 72
165 4
137 69
151 1
158 85
197 30
188 178
166 9
191 65
11 6
190 60
183 139
186 141
67 28
92 46
149 10
95 12
7 6
73 24
146 114
166 61
173 63
172 18
173 35
66 43
153 77
157 16
163 85
174 155
116 99
187 162
174 154
40 9
18 10
168 93
197 112
156 49
157 146
180 67
101 47
108 23
108 58
175 26
23 17
152 24
188 179
99 87
124 81
157 88
177 137
133 22
115 87
162 63
142 85
152 79
111 82
183 21
26 15
181 25
183 98
184 34
86 35
190 12
171 66
106 16
165 51
79 68
183 70
125 41
171 121
165 52
101 97
198 4
127 70
170 26
89 58
182 126
72 38
143 72
186 133
88 74
129 117
97 94
129 37
162 148
49 19
142 52
177 127
134 39
162 0
195 25
196 157
125 57
110 6
181 118
135 7
178 114
185 132
168 22
149 62
133 65
192 139
48 47
169 67
145 57
104 47
167 154
50 13
161 61
136 68
49 27
132 33
78 23
171 78
42 36
185 92
70 23
104 103
115 58
199 132
197 69
177 29
164 104
87 65
145 76
51 0
41 12
97 50
144 20
94 61
125 6
119 3
131 19
159 98
163 101
128 31
183 12
188 141
161 46
99 95
155 66
94 39
173 87
194 145
91 68
36 12
175 42
118 97
199 39
184 78
148 12
97 60
185 173
192 46
196 180
163 128
118 16
149 46
132 126
170 122
105 96
36 15
139 102
98 44
50 44
196 150
176 1
100 37
109 32
183 145
93 75
167 67
23 11
85 11
182 19
199 69
154 53
112 63
181 19
38 31
106 24
195 47
141 120
183 36
187 124
197 158
194 141
60 22
84 5
184 177
82 23
155 47
172 78
148 1
167 54
196 79
169 28
142 65
180 43
68 33
172 158
77 53
167 126
190 19
98 41
111 108
176 75
123 47
66 24
30 12
83 49
115 14
90 45
198 37
165 50
61 26
168 57
189 69
68 8
167 141
109 60
172 89
128 122
186 82
119 79
184 113
141 95
89 85
159 27
185 151
149 102
173 80
189 90
136 123
198 134
97 43
43 30
99 93
181 50
74 36
142 84
69 40
117 79
163 144
155 108
162 97
137 135
189 111
140 42
112 57
125 15
199 133
60 57
67 49
107 1
169 89
194 176
69 23
103 79
157 47
94 75
129 116
163 50
142 93
96 44
101 42
114 97
146 15
123 82
124 84
177 140
171 73
197 23
141 72
44 9
171 87
99 94
76 7
122 45
163 83
189 137
154 67
92 31
162 113
77 9
162 29
60 19
188 49
170 146
102 48
113 46
168 60
159 54
146 110
79 54
91 24
63 3
170 53
154 120
181 68
192 122
138 104
180 168
33 10
111 42
105 16
104 20
62 41
131 126
152 119
56 51
79 1
161 125
199 74
128 14
171 161
97 26
167 91
173 75
187 115
130 125
118 50
192 130
164 98
139 64
121 86
94 63
166 140
185 75
128 61
164 81
167 12
194 82
120 72
197 118
130 8
136 48
97 88
99 91
135 76
65 54
138 14
127 72
92 32
147 21
170 14
116 26
162 125
147 6
182 181
82 24
186 93
60 40
97 11
188 139
160 101
91 89
164 155
182 34
190 175
71 33
55 44
33 20
119 92
80 20
61 7
93 4
190 20
114 94
149 122
149 42
167 134
184 102
192 60
81 74
158 65
152 53
160 97
91 57
191 104
194 61
90 44
187 4
176 38
99 74
165 21
157 76
138 3
199 17
151 80
91 23
157 30
41 19
142 140
38 29
124 113
117 46
91 0
60 34
153 104
170 30
148 88
146 97
114 105
126 54
130 30
62 4
163 142
94 32
183 176
150 52
85 44
151 32
130 82
105 64
77 54
58 46
104 50
107 68
68 53
155 136
93 80
110 29
127 107
184 124
38 22
174 1
101 51
141 65
188 71
164 30
54 46
195 44
95 91
184 13
72 62
151 72
182 84
194 127
108 73
164 100
97 31
164 162
188 74
142 19
187 47
79 47
62 22
147 93
176 33
192 12
78 47
126 77
182 90
151 124
163 55
77 23
9 7
149 69
171 33
144 113
170 20
194 6
125 59
54 40
176 76
177 70
116 29
84 1
149 60
119 84
160 143
123 69
71 38
177 57
80 24
105 56
153 50
83 60
157 148
181 61
194 31
186 169
18 3
142 78
182 112
72 57
129 35
120 48
85 37
184 60
127 77
160 91
159 0
81 54
169 128
78 64
199 13
90 74
114 45
34 28
171 69
139 77
25 14
26 8
185 144
106 37
169 40
93 5
171 164
194 190
189 12
178 63
133 119
128 83
173 113
132 38
187 158
124 48
167 132
162 20
71 57
117 23
195 186
116 80
65 20
169 102
136 127
124 21
157 17
56 18
84 76
33 21
180 9
72 50
188 38
72 14
81 18
151 96
81 20
175 27
89 51
29 25
130 66
130 1
161 26
108 8
64 8
184 72
23 8
146 118
175 70
138 71
130 112
176 28
112 11
182 150
72 20
76 21
137 14
186 153
174 98
91 25
48 36
122 14
136 37
155 6
11 10
180 150
127 106
183 140
149 126
94 1
45 34
131 124
80 16
177 25
188 149
143 103
128 45
118 96
76 45
194 85
146 31
112 29
180 129
49 15
175 36
148 145
185 101
42 17
158 119
41 7
30 26
107 94
166 40
80 26
88 87
139 79
135 134
154 58
100 90
108 19
189 29
141 91
133 90
134 16
69 19
110 36
184 75
130 84
176 144
168 20
184 110
142 15
171 141
167 5
97 25
165 23
85 15
92 53
187 5
57 54
198 121
145 116
186 100
74 70
97 63
86 16
90 70
98 96
183 8
163 34
170 137
129 120
174 172
163 77
136 47
81 68
62 0
158 18
88 86
79 21
141 94
157 54
93 8
132 39
84 36
192 158
132 60
158 31
34 15
121 100
174 65
123 37
167 32
176 9
141 102
84 13
184 181
117 72
160 147
164 96
70 26
76 68
199 147
126 28
199 190
70 24
171 72
152 132
190 118
99 32
104 99
152 42
172 35
157 91
174 83
24 12
100 9
191 40
128 15
61 46
161 109
92 80
149 50
184 27
192 133
194 147
162 21
67 9
90 55
114 80
35 22
103 90
58 52
126 12
82 4
136 46
189 97
51 13
182 134
133 100
190 121
106 47
150 122
105 23
160 72
124 76
139 83
160 104
139 91
168 107
162 15
174 93
166 70
104 15
63 60
89 6
196 169
127 100
136 24
199 124
184 71
147 5
181 130
190 174
133 68
69 12
192 63
182 144
178 166
44 31
125 81
117 5
167 102
66 25
156 111
164 143
147 136
143 108
180 46
75 71
130 16
187 36
75 69
22 3
123 115
175 108
152 13
179 162
97 83
182 163
181 143
28 24
89 65
39 24
17 14
194 33
155 60
134 20
199 58
66 57
156 83
59 1
103 45
146 84
110 60
193 97
195 113
195 1
183 14
38 34
82 37
101 100
154 96
89 0
133 123
187 53
114 0
82 51
185 8
161 30
107 90
114 16
157 78
41 22
57 2
28 0
98 37
123 36
17 9
121 42
127 55
185 123
175 44
194 180
170 72
109 47
154 125
195 122
133 66
134 78
184 141
153 60
68 0
147 38
144 23
43 0
118 53
196 153
193 154
122 72
130 77
158 106
95 53
162 33
112 65
42 3
147 75
193 136
178 143
140 53
183 171
171 151
170 58
192 59
93 71
140 78
115 101
184 139
186 132
158 115
98 21
134 127
76 71
107 72
177 105
118 35
176 60
149 121
132 84
119 94
156 126
153 82
157 111
149 131
178 70
46 17
150 20
179 140
118 62
187 45
81 7
150 145
67 39
150 2
43 41
197 173
166 155
193 138
181 115
35 24
120 46
147 94
186 138
185 91
80 12
139 120
194 97
103 77
148 37
127 98
126 71
167 77
23 10
61 54
195 96
92 83
62 58
120 78
76 59
119 9
150 21
86 70
49 20
93 58
153 47
101 69
76 65
118 47
121 41
198 109
188 0
143 113
187 151
89 50
166 94
105 41
175 62
161 138
140 89
81 53
82 43
136 128
184 57
125 14
67 17
152 71
141 23
165 18
150 125
151 141
192 110
87 28
171 19
141 17
121 105
158 103
154 47
58 26
190 73
90 41
76 10
138 1
172 67
80 38
155 135
118 99
178 102
33 27
167 60
128 3
111 64
190 2
117 74
163 141
196 95
63 38
197 152
177 93
185 124
100 13
177 138
90 59
157 67
134 47
143 117
55 7
157 81
178 84
193 170
81 61
166 13
122 87
154 92
137 55
101 4
157 145
78 52
184 84
152 35
140 104
171 142
156 69
192 153
161 16
163 68
152 34
149 88
98 0
146 12
84 9
178 48
180 30
34 16
183 49
190 148
99 33
155 84
140 45
102 41
153 134
181 38
105 38
167 127
169 9
16 14
196 115
83 76
173 11
52 6
133 104
178 94
147 32
118 23
86 26
139 131
78 43
165 105
107 26
78 55
181 67
105 11
154 99
110 28
168 98
167 63
158 104
159 86
102 19
116 52
103 26
157 56
159 132
92 56
175 22
177 81
47 28
94 84
52 18
87 35
193 35
55 32
182 32
149 136
140 126
123 7
184 54
171 96
190 34
167 119
199 125
196 12
93 76
175 50
94 56
133 39
150 143
138 46
110 109
56 39
168 44
177 59
170 97
121 17
115 25
124 9
102 96
183 166
191 44
173 38
66 1
130 95
166 154
147 113
134 94
168 72
193 68
112 27
53 1
98 3
151 7
183 119
154 34
161 156
57 40
193 24
181 152
185 7
110 17
180 38
103 36
65 36
155 95
37 35
83 56
33 25
51 9
184 166
78 38
142 28
139 73
82 18
191 141
94 78
83 61
70 43
83 32
46 37
145 67
53 35
199 170
118 32
125 69
187 44
190 176
198 95
124 25
154 11
197 29
189 77
179 33
189 8
95 46
196 192
179 78
165 125
176 53
195 23
165 152
98 38
71 40
96 72
94 93
186 26
180 23
143 98
160 61
156 99
107 50
149 25
161 153
107 88
123 83
154 129
175 103
151 57
190 189
134 76
178 93
154 132
165 35
42 8
151 117
80 51
172 146
171 64
182 95
189 170
50 23
174 130
159 71
141 133
133 110
61 48
178 103
199 87
190 134
48 9
12 6
188 170
85 73
145 135
69 9
145 137
180 149
112 52
175 97
110 107
42 20
128 28
98 26
102 59
166 77
169 68
122 78
43 11
49 33
132 116
142 88
110 88
113 54
188 66
153 145
145 124
106 44
123 62
161 113
156 154
188 32
178 47
155 127
197 193
191 31
191 162
101 31
194 131
169 101
88 48
173 62
142 1
157 113
196 181
192 121
165 115
67 35
64 45
196 51
197 111
168 67
51 42
112 84
49 24
165 93
99 5
139 21
177 145
114 58
112 58
126 39
137 10
160 125
127 3
196 168
120 52
93 21
179 170
151 131
79 72
105 8
137 131
155 17
161 108
111 88
181 82
55 52
177 94
73 66
129 18
151 143
160 152
162 139
111 102
117 113
50 38
158 21
159 70
153 32
137 122
185 23
99 44
17 5
185 53
185 110
165 43
127 10
30 19
185 182
50 17
90 17
152 127
123 28
154 109
177 37
39 32
199 18
115 48
28 26
181 93
122 49
162 106
83 41
198 148
194 91
109 30
119 46
161 78
166 74
146 8
103 12
191 171
123 17
156 127
120 90
184 179
181 43
186 170
168 116
115 104
182 120
169 27
158 43
185 27
80 59
52 25
74 46
42 1
137 0
179 69
190 43
83 78
101 63
132 17
192 1
80 70
105 84
181 22
168 76
157 55
152 51
113 87
165 138
141 109
72 71
63 57
84 49
169 5
150 72
141 13
84 53
183 99
188 162
171 163
105 2
100 75
43 9
73 2
95 73
162 89
40 8
196 86
87 49
42 24
170 155
187 161
130 72
118 78
147 15
143 18
145 118
177 20
86 73
131 1
172 111
183 121
187 90
46 35
106 77
167 18
13 3
177 124
188 127
45 16
135 111
94 29
37 13
132 8
181 69
175 168
72 18
181 117
197 115
146 49
158 156
161 59
194 10
47 33
73 33
30 18
173 76
178 151
196 119
114 3
145 66
105 87
194 46
162 81
169 54
186 55
116 7
101 11
182 133
104 90
98 92
160 30
128 5
177 142
87 26
159 78
91 85
113 48
107 106
78 60
72 37
169 24
192 135
76 36
160 131
121 102
129 13
143 1
188 61
140 114
109 39
128 93
90 82
164 5
109 63
69 27
16 5
152 21
114 84
85 54
100 12
93 61
178 140
69 33
165 99
185 56
27 26
131 11
92 81
196 2
175 128
19 9
140 24
143 27
99 78
186 167
146 86
173 39
190 1
159 19
181 32
106 100
85 21
142 72
195 36
187 68
177 76
111 18
51 12
154 12
134 35
153 139
80 50
15 10
188 25
150 147
187 160
99 3
107 13
128 16
162 67
195 120
69 35
98 75
107 2
137 115
197 106
198 182
124 52
163 53
90 80
190 185
55 31
172 54
146 58
185 73
182 180
44 35
127 34
39 14
149 137
136 98
142 86
130 11
170 70
129 128
104 64
127 73
196 37
147 69
193 103
179 24
152 92
121 14
75 45
122 120
143 94
181 148
129 44
85 69
77 25
24 10
143 136
194 115
188 23
127 91
175 135
49 11
164 32
81 73
192 141
149 56
182 78
126 22
167 115
183 129
166 132
108 39
148 107
100 58
173 44
173 70
181 129
160 21
110 101
41 16
92 38
161 104
150 28
82 44
183 86
192 95
152 121
55 45
146 92
183 167
13 11
139 138
155 92
158 61
117 110
195 70
130 124
101 57
38 26
174 159
66 31
103 74
76 47
19 8
69 3
62 16
188 98
88 49
161 143
193 105
18 16
70 17
136 130
98 82
107 8
159 138
184 106
143 45
191 187
111 4
20 7
187 175
182 164
165 68
198 79
188 93
82 12
172 96
192 159
130 12
159 113
157 121
192 151
189 46
143 13
114 53
77 13
197 122
163 87
192 4
193 163
64 2
179 154
87 9
157 134
100 57
51 23
168 113
127 60
131 75
181 4
37 33
180 114
170 112
107 93
174 144
74 69
138 50
139 124
185 58
58 5
160 37
143 46
85 29
105 52
71 70
178 53
183 10
94 60
126 38
125 31
141 28
126 5
49 6
163 147
125 96
103 95
102 16
176 96
137 128
170 23
120 44
192 7
149 67
162 19
186 107
194 81
163 22
150 57
187 96
189 118
148 30
171 123
186 105
149 145
102 34
110 48
67 30
169 44
157 58
124 122
194 73
119 0
41 5
152 106
46 15
96 90
151 76
170 95
173 143
175 68
175 149
189 101
152 135
140 26
164 150
148 135
179 155
175 14
86 84
174 124
160 141
167 81
154 139
135 93
166 48
126 24
191 143
97 48
170 60
137 49
33 15
193 59
167 0
163 59
54 39
194 188
151 40
192 185
195 158
147 1
92 88
199 172
137 20
109 52
96 22
183 146
114 37
120 104
162 24
177 13
180 122
108 27
171 112
123 26
156 44
123 56
183 40
73 45
125 99
59 34
124 43
161 57
134 63
60 26
146 70
182 13
13 7
187 49
154 80
193 74
53 40
133 74
38 37
156 12
182 119
89 42
154 112
25 18
179 142
64 4
29 10
68 39
163 112
97 78
64 3
157 109
168 16
161 73
129 59
115 0
183 4
199 94
14 12
138 53
56 36
130 18
53 46
64 48
131 100
57 10
47 26
92 20
169 53
177 66
159 58
158 133
189 179
97 96
112 99
110 66
73 41
65 43
154 61
49 46
178 128
173 46
154 149
31 30
172 63
154 104
82 57
162 102
150 49
155 86
189 119
40 15
51 11
126 80
136 15
157 125
121 52
188 144
26 23
49 44
137 95
56 14
187 41
96 1
176 49
113 92
125 90
151 58
197 169
166 98
193 67
176 169
154 4
71 54
159 41
113 12
163 46
172 87
80 64
76 18
147 84
155 11
74 4
100 11
183 48
187 179
190 4
147 97
167 99
187 152
150 90
151 140
195 147
173 42
197 113
157 65
141 139
140 117
72 36
25 2
135 99
131 116
58 11
169 92
110 16
180 135
155 34
171 94
179 55
79 61
113 40
81 2
51 33
134 54
194 62
108 48
92 7
164 120
169 85
193 7
70 64
182 155
193 168
122 53
120 30
26 24
188 9
93 66
58 53
99 6
91 32
188 116
63 55
154 103
162 72
32 16
189 1
141 122
194 3
92 37
112 59
193 118
43 10
147 26
164 36
191 76
59 5
73 21
196 108
48 27
160 120
179 111
148 56
45 9
103 32
174 60
113 5
168 79
168 21
160 12
151 3
146 67
190 51
11 1
60 42
93 14
190 65
183 3
139 93
100 94
139 47
147 35
159 124
105 6
199 90
173 15
199 115
100 64
161 68
80 78
114 79
109 24
104 54
116 81
169 42
197 8
147 90
178 134
167 111
120 99
70 32
100 78
134 77
162 28
198 0
45 19
195 19
60 5
196 75
141 52
185 13
120 50
177 117
170 29
76 38
182 123
141 60
65 22
190 8
166 88
166 44
31 3
188 114
161 135
187 0
117 35
178 6
104 56
91 71
141 125
126 87
116 104
158 35
133 125
74 63
41 38
154 74
186 168
172 166
170 135
145 91
156 32
131 101
161 27
60 59
126 63
42 26
35 12
107 0
164 126
117 13
167 39
101 3
198 113
93 83
166 60
95 34
133 44
107 101
188 5
196 62
155 73
141 137
197 45
144 128
92 86
139 32
182 146
175 112
83 80
188 103
191 67
96 91
114 91
134 114
132 20
153 16
159 61
189 108
105 67
191 89
195 26
155 93
129 51
75 0
133 73
185 157
130 19
136 8
178 159
132 106
147 30
190 153
12 8
33 7
115 16
91 80
83 57
54 45
169 35
136 55
185 48
54 28
38 3
92 22
79 62
136 25
32 29
69 64
173 0
91 1
157 117
104 61
169 1
106 105
145 34
169 7
197 116
118 56
144 17
47 3
25 24
121 27
173 146
95 61
21 7
169 152
112 10
145 104
154 81
173 121
172 160
156 62
191 170
103 18
167 28
92 17
122 9
20 16
154 64
99 16
111 41
113 107
63 53
197 76
180 163
178 15
182 28
151 118
91 88
169 123
79 20
127 93
162 39
112 0
184 19
98 56
104 71
194 37
161 88
144 117
171 106
146 102
156 57
73 42
193 114
198 5
123 87
168 136
168 150
137 45
180 2
142 107
167 37
22 19
121 26
128 108
53 38
162 30
136 45
