150 30 150 200
146 68
49 14
85 23
123 47
69 54
31 3
38 3
87 13
18 11
126 41
88 51
93 57
27 10
111 82
134 51
82 16
53 38
132 15
101 6
125 40
126 116
122 7
29 14
68 40
109 95
63 29
79 59
58 34
141 135
130 43
146 135
145 6
68 27
114 29
130 88
27 23
130 101
83 58
72 2
50 22
80 62
109 21
112 18
134 98
46 40
55 35
109 83
99 98
82 27
78 53
63 26
28 26
104 10
102 65
113 82
45 39
97 19
61 59
71 15
129 112
86 56
78 3
121 70
108 24
131 124
37 22
105 16
113 5
103 68
117 47
93 57
123 10
138 24
62 37
84 22
146 110
119 82
39 35
134 33
121 1
62 22
84 32
134 125
146 10
132 25
124 28
139 108
137 77
86 5
87 3
128 18
130 104
98 53
87 23
127 76
118 114
139 53
129 51
122 107
48 37
116 5
132 66
118 74
89 30
85 73
57 5
133 19
118 31
74 14
93 62
127 39
91 36
58 37
109 77
79 42
93 49
132 31
143 50
144 86
71 39
139 46
132 108
50 15
118 76
144 5
112 50
137 24
98 54
84 54
106 62
142 92
132 80
128 53
118 105
144 85
95 33
114 15
88 2
44 5
139 94
116 26
87 50
149 67
77 51
120 44
92 28
100 12
134 101
84 39
97 14
70 38
121 73
132 6
140 81
75 12
117 19
100 33
67 30
64 49
122 30
68 18
53 24
104 45
48 14
104 95
131 47
29 6
109 39
120 36
132 97
122 121
82 46
135 130
19 17
99 66
84 56
102 76
75 53
63 25
71 47
120 65
74 38
62 16
142 56
79 54
63 60
131 54
149 0
131 82
100 15
130 53
105 21
146 43
119 85
131 63
79 37
27 10
149 133
128 33
136 68
25 2
34 2
103 43
137 105
114 112
138 118
131 104
142 8
116 88
119 83
92 9
137 51
68 38
106 33
63 5
131 26
103 96
94 21
25 9
55 0
124 75
146 107
121 5
63 47
140 46
147 90
84 36
140 134
106 94
84 26
