100 150 100 200
80 26
49 14
85 23
94 71
69 54
31 3
38 3
87 13
18 11
88 84
88 51
93 57
27 10
80 78
96 88
82 16
53 38
49 18
36 13
77 47
56 35
74 54
29 14
68 40
49 9
63 29
79 59
58 34
95 8
97 24
80 8
43 9
97 27
67 44
79 41
86 16
99 44
50 44
78 50
83 43
12 0
37 6
81 28
95 28
81 38
79 55
15 1
95 70
88 72
23 17
50 43
51 36
98 11
96 63
99 9
20 12
53 8
54 10
70 56
85 26
28 9
28 11
17 5
86 69
94 27
38 37
38 14
8 5
56 6
60 4
7 4
40 1
38 7
57 41
74 7
29 28
33 14
62 4
23 2
51 39
49 17
50 47
49 46
74 28
76 33
9 8
78 55
77 52
96 75
74 57
66 60
58 14
73 32
90 16
61 5
33 27
65 15
68 1
73 2
43 5
33 8
66 6
83 68
45 33
64 28
79 56
91 15
90 44
36 8
90 63
63 25
10 3
11 6
32 10
90 61
12 1
82 62
37 21
90 1
47 15
91 90
99 45
87 86
40 19
73 8
90 41
54 17
82 79
77 64
82 40
65 32
40 2
64 47
83 4
97 96
50 15
45 12
95 22
65 42
62 7
85 80
98 4
89 87
39 28
61 1
87 30
90 75
49 25
89 24
64 20
37 4
99 87
81 9
96 38
83 66
75 10
97 8
81 60
78 24
93 24
67 5
92 49
99 44
90 58
63 60
91 49
87 68
87 9
82 62
87 51
73 4
39 1
93 46
51 30
95 0
21 1
72 41
91 15
51 37
54 31
29 6
88 5
98 10
18 14
69 64
26 25
52 2
58 55
79 0
43 31
93 68
80 72
71 38
85 50
95 41
64 54
89 42
47 18
84 24
38 12
47 32
61 8
89 39
51 6
31 3
91 57
68 58
92 35
52 38
58 49
82 66
89 14
61 53
85 48
62 41
60 18
91 24
86 40
55 21
89 56
36 35
85 57
48 5
86 6
23 6
89 61
66 61
94 76
37 0
77 7
54 16
58 29
86 57
40 25
88 10
86 53
76 43
49 9
21 3
93 92
88 17
82 45
66 17
76 7
86 4
41 24
81 33
67 25
34 29
53 41
83 65
62 20
83 60
83 18
41 27
98 37
54 0
88 18
71 54
33 13
65 8
92 74
92 45
34 10
35 9
17 7
51 4
75 46
66 11
92 33
65 17
75 21
82 73
84 44
98 46
93 6
92 7
93 25
86 64
84 63
77 68
84 39
86 47
36 5
71 0
43 42
38 25
77 59
75 41
74 14
11 10
93 47
93 1
49 47
93 13
81 63
37 29
56 40
71 5
97 74
29 11
72 3
71 59
73 56
78 18
66 23
98 16
60 16
41 20
72 32
85 70
50 0
58 10
85 76
99 66
93 38
73 58
9 0
94 22
51 47
36 16
74 5
87 37
76 72
38 18
97 68
61 57
94 41
62 27
68 21
98 8
93 66
50 32
43 23
35 20
82 12
71 68
74 68
99 80
24 22
97 45
99 6
96 40
95 74
65 36
95 75
81 53
42 10
87 34
54 37
