100 20 100 100
80 26
49 14
85 23
94 71
69 54
31 3
38 3
87 13
18 11
88 84
88 51
93 57
27 10
80 78
96 88
82 16
53 38
49 18
36 13
77 47
37 4
99 87
81 9
96 38
83 66
75 10
97 8
81 60
78 24
93 24
67 5
92 49
99 44
90 58
63 60
91 49
87 68
87 9
82 62
87 51
73 4
39 1
93 46
51 30
95 0
21 1
72 41
91 15
51 37
54 31
29 6
88 5
98 10
18 14
69 64
26 25
52 2
58 55
79 0
43 31
93 68
80 72
71 38
85 50
95 41
64 54
89 42
47 18
84 24
38 12
47 32
61 8
89 39
51 6
31 3
91 57
68 58
92 35
52 38
58 49
82 66
89 14
61 53
85 48
62 41
60 18
91 24
86 40
55 21
89 56
36 35
85 57
48 5
86 6
23 6
89 61
66 61
94 76
37 0
77 7
54 16
58 29
86 57
40 25
88 10
86 53
76 43
49 9
21 3
93 92
88 17
82 45
66 17
76 7
86 4
41 24
81 33
67 25
34 29
53 41
