25 75 25 75
15 5
24 14
5 1
12 3
20 19
17 6
6 2
24 17
18 11
14 10
15 10
9 3
15 3
2 1
12 9
24 5
11 4
18 13
18 0
15 11
17 7
13 8
11 2
16 13
18 16
20 2
7 6
23 22
14 13
21 3
8 2
14 5
23 20
24 12
22 21
15 9
12 5
24 10
20 11
24 4
12 0
21 17
21 16
13 1
23 6
19 5
15 1
1 0
24 9
23 17
19 11
18 12
18 10
9 7
6 1
20 12
10 4
15 0
17 13
16 12
19 0
22 18
17 5
22 6
10 8
24 6
4 2
8 5
18 15
6 0
7 4
19 6
20 6
8 3
13 4
20 16
13 7
18 6
6 2
22 14
11 1
20 0
21 12
21 11
20 17
14 4
23 4
24 19
15 5
12 11
6 5
24 16
13 10
4 1
15 8
12 0
15 11
14 13
7 6
18 16
22 11
8 0
12 4
20 2
21 1
20 5
23 15
18 11
16 0
24 17
8 7
16 14
14 12
20 7
10 0
7 0
23 13
23 19
2 1
22 1
23 18
23 10
18 7
17 3
14 11
21 10
23 5
21 4
16 5
21 13
20 15
3 0
23 17
19 6
16 10
24 10
24 2
11 8
11 4
5 4
14 9
23 22
21 20
17 15
20 19
12 7
8 1
14 1
19 13
21 7
