5 
10 0.1967830000 0.1914530000 0.1911470000 0.1905860000 0.1902930000 
30 0.6728520000 0.6737610000 0.6733910000 0.6718750000 0.6737060000 
50 1.3283040000 1.3233280000 1.3226140000 1.3225420000 1.3228910000 
70 1.7144580000 1.7174310000 1.7177660000 1.7161480000 1.7202090000 
90 2.1975270000 2.1981340000 2.2022380000 2.1965970000 2.2018660000 
110 2.7081750000 2.7086940000 2.7077240000 2.7092610000 2.7079090000 
130 3.3067230000 3.3089780000 3.3073450000 3.3074750000 3.3063450000 
150 3.8052460000 3.8063070000 3.8057230000 3.8079970000 3.8060970000 
170 4.4303230000 4.4240870000 4.4269600000 4.4297280000 4.4273690000 
190 5.2491060000 5.2515580000 5.2589250000 5.2489780000 5.2537490000 
