70 69 50 200
49 28
49 14
37 35
69 48
69 54
31 3
38 3
48 3
18 11
69 43
49 37
45 39
27 10
57 53
59 24
63 26
53 38
49 18
36 13
38 17
56 35
56 16
29 14
68 40
49 9
63 29
33 23
58 34
44 25
53 18
27 1
43 9
33 15
67 44
53 5
15 9
36 9
50 44
20 11
24 4
12 0
37 6
45 21
57 28
61 53
59 21
15 1
40 18
57 29
23 17
50 43
51 36
68 8
57 16
28 13
20 12
53 8
54 10
55 19
25 18
28 9
28 11
17 5
29 2
64 24
38 37
38 14
8 5
56 6
21 17
33 2
33 20
35 25
40 29
39 6
11 2
34 10
36 9
27 1
28 6
39 38
16 10
19 8
12 11
34 9
49 22
37 33
31 25
43 10
22 2
29 20
31 17
33 7
34 15
10 1
44 23
35 27
48 18
25 6
42 8
32 11
27 13
21 7
39 1
24 18
39 20
41 35
46 19
12 1
12 6
49 2
37 10
17 7
37 7
48 22
49 35
40 34
43 22
18 16
9 8
23 17
24 21
42 23
42 35
13 7
44 37
48 29
44 19
47 12
23 12
38 34
17 14
41 29
41 17
46 2
39 16
23 2
31 24
49 39
31 14
33 22
33 3
24 4
42 16
11 1
30 25
25 22
45 42
43 9
30 10
43 20
42 22
44 36
26 0
48 19
38 6
47 34
22 20
45 1
24 1
16 2
36 14
40 36
46 28
45 10
47 45
9 4
15 0
39 34
49 17
49 12
29 23
44 10
5 1
40 31
36 10
34 8
44 33
25 17
37 18
49 8
23 9
37 1
35 23
41 11
40 4
37 12
18 15
38 33
38 9
46 13
46 35
27 9
41 3
16 4
47 35
22 17
25 10
40 32
47 24
4 0
38 26
45 36
35 0
42 1
49 1
49 28
19 18
33 14
49 33
7 5
29 19
41 2
18 9
44 17
29 0
23 7
41 4
23 1
33 18
41 21
46 22
37 2
38 13
12 2
40 27
42 12
38 30
18 10
22 19
34 27
48 13
15 10
33 26
33 9
42 13
45 41
6 5
35 15
30 0
16 14
49 21
40 38
47 11
30 28
27 24
43 21
44 4
13 6
29 7
41 19
49 40
32 13
28 2
14 6
25 9
6 3
26 5
40 37
30 7
29 22
44 24
39 33
27 17
32 8
4 1
19 10
42 31
19 2
