45 44 50 200
15 5
24 14
37 35
12 3
33 32
31 3
38 3
42 35
18 11
43 23
40 15
25 22
27 10
2 1
34 6
40 12
35 7
43 26
36 13
38 17
34 28
41 6
29 14
34 17
27 12
20 2
33 23
41 32
44 25
43 20
27 1
43 9
33 15
34 24
28 18
15 9
36 9
38 12
20 11
24 4
12 0
37 6
43 29
44 5
10 9
36 16
34 21
35 31
49 7
43 2
10 4
17 12
30 20
44 39
43 9
25 22
23 10
31 14
30 17
5 2
41 10
25 24
41 30
25 12
25 23
47 7
30 1
16 15
29 1
20 12
23 8
34 24
30 22
29 3
10 0
36 10
47 14
30 5
49 16
49 10
20 3
45 22
47 2
47 16
15 9
37 28
39 15
42 0
36 31
45 39
42 6
32 18
29 14
36 26
32 7
23 14
25 10
42 15
49 32
35 10
26 13
11 2
45 37
48 36
27 16
43 5
26 22
47 18
39 14
18 2
40 4
43 41
42 21
25 13
44 32
21 16
36 23
46 41
32 21
27 4
36 33
40 21
23 3
31 16
28 2
16 3
33 10
23 9
41 37
29 10
17 6
35 30
20 14
31 1
47 10
19 10
27 8
34 25
17 1
34 15
40 0
7 2
44 5
37 34
16 11
34 31
42 34
30 24
43 11
39 28
39 21
31 18
16 12
42 27
25 15
35 2
48 42
46 28
48 22
40 28
26 0
26 5
43 14
45 29
42 38
13 6
34 2
39 23
40 37
36 18
25 4
45 7
3 1
40 9
20 2
33 30
5 0
23 18
9 6
47 21
22 7
11 8
39 27
14 12
37 2
39 19
29 23
31 6
31 22
42 14
48 29
44 16
48 18
39 2
21 17
46 24
25 17
7 1
47 39
15 6
41 21
49 34
23 21
40 15
40 38
45 15
36 7
29 7
27 21
29 19
32 23
46 7
30 6
34 0
41 39
17 9
28 21
13 10
45 33
41 26
37 24
42 18
41 28
21 2
17 0
7 6
38 14
43 15
42 12
46 29
45 10
42 11
24 2
10 3
30 25
46 34
24 21
20 6
40 10
42 5
35 7
18 5
43 4
12 11
