7 
0 0.0005310000 0.0005420000 0.0003120000 0.0005190000 0.0004730000 0.0005220000 0.0005230000 
100 0.0128370000 0.0147410000 0.0129920000 0.0107930000 0.0118200000 0.0124300000 0.0121710000 
200 0.0210850000 0.0168340000 0.0198380000 0.0167530000 0.0196490000 0.0213000000 0.0179860000 
300 0.0294460000 0.0285520000 0.0285250000 0.0279070000 0.0310950000 0.0293770000 0.0277310000 
400 0.0357110000 0.0346590000 0.0364580000 0.0367370000 0.0353730000 0.0375310000 0.0375030000 
500 0.0438560000 0.0461180000 0.0441350000 0.0402690000 0.0447370000 0.0454240000 0.0435090000 
600 0.0526610000 0.0518670000 0.0493070000 0.0535960000 0.0543750000 0.0505790000 0.0546510000 
700 0.0615390000 0.0567980000 0.0585600000 0.0611560000 0.0619320000 0.0600110000 0.0600660000 
800 0.0680870000 0.0695040000 0.0685620000 0.0668870000 0.0690420000 0.0687360000 0.0668500000 
900 0.0780880000 0.0728710000 0.0729670000 0.0720070000 0.0780960000 0.0752810000 0.0765010000 
1000 0.0799540000 0.0793410000 0.0823890000 0.0851050000 0.0844740000 0.0833760000 0.0843370000 
1100 0.0939010000 0.0955860000 0.0871960000 0.0905570000 0.0928270000 0.0879770000 0.0899230000 
1200 0.1017420000 0.0968890000 0.0952960000 0.0982670000 0.1008010000 0.0990300000 0.0964610000 
1300 0.1058680000 0.1066820000 0.1034710000 0.1049570000 0.1083900000 0.1059380000 0.1070700000 
1400 0.1152440000 0.1153070000 0.1143130000 0.1133620000 0.1153350000 0.1115640000 0.1148140000 
1500 0.1233950000 0.1183330000 0.1223910000 0.1228650000 0.1234310000 0.1223050000 0.1208110000 
1600 0.1298960000 0.1311800000 0.1300660000 0.1294050000 0.1297760000 0.1299550000 0.1307040000 
1700 0.1356020000 0.1375810000 0.1349420000 0.1366840000 0.1390420000 0.1338560000 0.1373750000 
1800 0.1455590000 0.1444740000 0.1430600000 0.1424900000 0.1434830000 0.1430750000 0.1462420000 
1900 0.1535010000 0.1508230000 0.1516840000 0.1520680000 0.1538360000 0.1550520000 0.1554460000 
2000 0.1592460000 0.1631810000 0.1607670000 0.1592420000 0.1634690000 0.1619630000 0.1652870000 
2100 0.1686590000 0.1694130000 0.1691350000 0.1720540000 0.1735650000 0.1694140000 0.1697760000 
2200 0.1804910000 0.1777730000 0.1760080000 0.1795380000 0.2031750000 0.1786740000 0.1737960000 
2300 0.1847670000 0.1876900000 0.1848720000 0.1849760000 0.1844580000 0.1835350000 0.1842620000 
2400 0.1906400000 0.1897960000 0.1934010000 0.1897350000 0.1902190000 0.1901410000 0.1901350000 
2500 0.1994750000 0.2013910000 0.1993400000 0.1998060000 0.2023340000 0.2034560000 0.2021050000 
2600 0.2104170000 0.2098400000 0.2102960000 0.2095790000 0.2106820000 0.2066780000 0.2125610000 
2700 0.2184910000 0.2175970000 0.2187570000 0.2151950000 0.2174380000 0.2166990000 0.2181150000 
2800 0.2266320000 0.2267070000 0.2241870000 0.2238770000 0.2215390000 0.2215010000 0.2231280000 
2900 0.2336340000 0.2327250000 0.2341950000 0.2328980000 0.2339070000 0.2347110000 0.2296920000 
3000 0.2382940000 0.2424510000 0.2382770000 0.2410490000 0.2439070000 0.2407670000 0.2415800000 
3100 0.2504790000 0.2491810000 0.2467810000 0.2505860000 0.2510640000 0.2503990000 0.2492780000 
3200 0.2586570000 0.2591120000 0.2588520000 0.2582040000 0.2588430000 0.2561140000 0.2579110000 
3300 0.2681730000 0.2638210000 0.2698650000 0.2627660000 0.2670670000 0.2648880000 0.2656520000 
3400 0.2715950000 0.2732240000 0.2760810000 0.2737070000 0.2698540000 0.2739220000 0.2734060000 
3500 0.2825660000 0.2805770000 0.2820950000 0.2782280000 0.2859700000 0.2815440000 0.2782160000 
3600 0.2926250000 0.2877510000 0.2867140000 0.2935720000 0.2892240000 0.2916140000 0.2908800000 
3700 0.2989780000 0.2972320000 0.2968670000 0.2960220000 0.2979820000 0.2988360000 0.2980880000 
3800 0.3058380000 0.3075780000 0.3079980000 0.3071810000 0.3034050000 0.3072260000 0.3076160000 
3900 0.3150510000 0.3168940000 0.3126050000 0.3148940000 0.3136820000 0.3134250000 0.3167780000 
4000 0.3239800000 0.3210210000 0.3206650000 0.3233220000 0.3199090000 0.3223900000 0.3191710000 
4100 0.3316090000 0.3311810000 0.3284500000 0.3335500000 0.3319470000 0.3295300000 0.3328300000 
4200 0.3392420000 0.3391820000 0.3397280000 0.3397470000 0.3393410000 0.3386930000 0.3471510000 
4300 0.3451220000 0.3443580000 0.3436020000 0.3498970000 0.3478390000 0.3494650000 0.3468360000 
4400 0.3555650000 0.3516370000 0.3531940000 0.3605850000 0.3529280000 0.3530950000 0.3548420000 
4500 0.3630400000 0.3641090000 0.3640250000 0.3647580000 0.3668660000 0.3631020000 0.3679770000 
4600 0.3685430000 0.3678030000 0.3685010000 0.3712860000 0.3741750000 0.3694120000 0.3705100000 
4700 0.3789680000 0.3757400000 0.3796450000 0.3787450000 0.3790090000 0.3762920000 0.3795720000 
4800 0.3855670000 0.3852550000 0.3865770000 0.3872450000 0.3877930000 0.3869430000 0.3866560000 
4900 0.4004700000 0.4009730000 0.3978630000 0.3994910000 0.3974160000 0.3981940000 0.3959100000 
5000 0.4051040000 0.4028300000 0.4023090000 0.4023840000 0.4048780000 0.4031250000 0.4033870000 
5100 0.4133700000 0.4092460000 0.4104800000 0.4146390000 0.4143970000 0.4106570000 0.4131760000 
5200 0.4194420000 0.4221700000 0.4209070000 0.4178360000 0.4228630000 0.4214500000 0.4192450000 
5300 0.4278620000 0.4298490000 0.4306880000 0.4304310000 0.4299890000 0.4255280000 0.4277770000 
5400 0.4380470000 0.4372470000 0.4391880000 0.4370400000 0.4397790000 0.4385310000 0.4346060000 
5500 0.4427230000 0.4413140000 0.4435000000 0.4444070000 0.4451650000 0.4439290000 0.4454280000 
5600 0.4556060000 0.4590440000 0.4552650000 0.4547830000 0.4586800000 0.4604780000 0.4574320000 
5700 0.4621290000 0.4588490000 0.4606000000 0.4636910000 0.4637910000 0.4621120000 0.4632050000 
5800 0.4700320000 0.4713730000 0.4743380000 0.4992910000 0.4718970000 0.4710880000 0.4724490000 
5900 0.4811840000 0.4816850000 0.4820580000 0.4788370000 0.4796910000 0.4808780000 0.4805610000 
6000 0.4911870000 0.4863860000 0.4843840000 0.4877620000 0.4910800000 0.4876760000 0.4857570000 
6100 0.4948700000 0.4928610000 0.4925980000 0.4950110000 0.6094320000 0.4963110000 0.4920140000 
6200 0.5058150000 0.5088880000 0.5033640000 0.5076100000 0.5054720000 0.5044780000 0.5046890000 
6300 0.5126490000 0.5126940000 0.5132440000 0.5086950000 0.5103980000 0.5137400000 0.5148640000 
6400 0.5236010000 0.5193710000 0.5201110000 0.5228990000 0.5216010000 0.5249820000 0.5208960000 
6500 0.5361990000 0.5255830000 0.5286190000 0.5280230000 0.5294390000 0.5375900000 0.5277130000 
6600 0.5426820000 0.5420730000 0.5362980000 0.5364880000 0.5392200000 0.5419320000 0.5447180000 
6700 0.5439750000 0.5492300000 0.5476210000 0.5479590000 0.5482850000 0.5530480000 0.5458180000 
6800 0.5515960000 0.5532120000 0.5566020000 0.5564040000 0.5546100000 0.5558730000 0.5569740000 
6900 0.5612170000 0.5600070000 0.5624540000 0.5621280000 0.5603730000 0.5663420000 0.5627290000 
7000 0.5700170000 0.5708260000 0.5683440000 0.5736660000 0.5694500000 0.5696540000 0.5697100000 
7100 0.5798380000 0.5791140000 0.5787320000 0.5798630000 0.5818190000 0.5815310000 0.5796200000 
7200 0.5874920000 0.5864770000 0.6037530000 0.5846780000 0.5884840000 0.5873830000 0.5885660000 
7300 0.5999410000 0.5987200000 0.6004980000 0.6016470000 0.5998060000 0.5986410000 0.6029030000 
7400 0.6063510000 0.6136070000 0.6069720000 0.6060730000 0.6068520000 0.6076970000 0.6067980000 
7500 0.6116190000 0.6102330000 0.6137020000 0.6148320000 0.6139280000 0.6146030000 0.6141490000 
7600 0.6234820000 0.6192790000 0.6236420000 0.6255780000 0.6219170000 0.6233050000 0.6186260000 
7700 0.6335690000 0.6365810000 0.6325900000 0.6306220000 0.6457300000 0.6322130000 0.6336300000 
7800 0.6366440000 0.6353870000 0.6361380000 0.6352460000 0.6373870000 0.6365480000 0.6395550000 
7900 0.6469000000 0.6472790000 0.6443850000 0.6494860000 0.6436340000 0.6459450000 0.6466020000 
8000 0.6558410000 0.6595020000 0.6555710000 0.6576660000 0.6627390000 0.6601180000 0.6598340000 
8100 0.6690210000 0.6663180000 0.6660760000 0.6700450000 0.6710320000 0.6665000000 0.6667240000 
8200 0.6744560000 0.6715820000 0.6700730000 0.6721850000 0.6723930000 0.6739110000 0.6740370000 
8300 0.6800160000 0.6808580000 0.6827770000 0.6817540000 0.6790730000 0.6819400000 0.6848810000 
8400 0.6969280000 0.6945170000 0.6928880000 0.6928740000 0.6942070000 0.6940320000 0.6969980000 
8500 0.7014640000 0.6998800000 0.6978170000 0.7004240000 0.7041440000 0.7022010000 0.7017900000 
8600 0.7053970000 0.7095580000 0.7097570000 0.7080300000 0.7074420000 0.7095890000 0.7047990000 
8700 0.7121630000 0.7275820000 0.7198600000 0.7112600000 0.7125520000 0.7149170000 0.7127860000 
8800 0.7233550000 0.7263930000 0.7377350000 0.7238720000 0.7252550000 0.7260200000 0.7271900000 
8900 0.7355160000 0.7322470000 0.7383050000 0.7379060000 0.7374470000 0.7337890000 0.7367600000 
9000 0.7425650000 0.7396450000 0.7453490000 0.7416850000 0.7410210000 0.7440540000 0.7425600000 
9100 0.7564840000 0.7644610000 0.7550990000 0.7534300000 0.7543910000 0.7537230000 0.7505120000 
9200 0.7598250000 0.7591030000 0.7613400000 0.7639310000 0.7662470000 0.7641540000 0.7650170000 
9300 0.7759350000 0.7768810000 0.7783350000 0.7829160000 0.7770860000 0.7782990000 0.7803720000 
9400 0.7792290000 0.7811760000 0.7858380000 0.7803290000 0.7845350000 0.7804470000 0.7790600000 
9500 0.7864530000 0.7866310000 0.7865610000 0.7902310000 0.7883850000 0.7876350000 0.7909970000 
9600 0.7938610000 0.7964500000 0.7953630000 0.7932760000 0.7947100000 0.7952380000 0.7914160000 
9700 0.8034770000 0.9643210000 0.8052650000 0.8064570000 0.8076280000 0.8076820000 0.8183480000 
9800 0.8134830000 0.8137170000 0.8117260000 0.8110610000 0.8120060000 0.8124610000 0.8144200000 
9900 0.8216960000 0.8235640000 0.8186030000 0.8198970000 0.8204700000 0.8226340000 0.8185720000 
10000 0.8329660000 0.8334680000 0.8439130000 0.8303460000 0.8401100000 0.8345770000 0.8325140000 
10100 0.8376470000 0.8415970000 0.8405290000 0.8422390000 0.8412370000 0.8406230000 0.8410430000 
10200 0.8479810000 0.8458690000 0.8528110000 0.8492340000 0.8514710000 0.8485960000 0.8537460000 
10300 0.8564890000 0.8582000000 0.8620880000 0.8609620000 0.8617720000 0.8583040000 0.8571590000 
10400 0.8653690000 0.8639940000 0.8686330000 0.8666390000 0.8710160000 0.8681750000 0.8676390000 
10500 0.8721440000 0.8705340000 0.8750700000 0.8866500000 0.8776460000 0.8783790000 0.8844460000 
10600 0.8857660000 0.8832810000 0.8891100000 0.8853840000 0.8869590000 0.8839450000 0.8901960000 
10700 0.8998280000 0.8963970000 0.8954980000 0.8973310000 0.8995970000 0.8977330000 0.9028720000 
10800 0.9007690000 0.9033520000 0.9026740000 0.9065430000 0.9019870000 0.9023900000 0.9032850000 
10900 0.9137580000 0.9178240000 0.9178010000 0.9182280000 0.9193320000 0.9160920000 0.9181570000 
11000 0.9259960000 0.9191130000 0.9208970000 0.9217190000 0.9208270000 0.9255560000 0.9236700000 
11100 0.9249990000 0.9339760000 0.9260740000 0.9304160000 0.9275930000 0.9272450000 0.9278810000 
11200 0.9409600000 0.9482750000 0.9397700000 0.9411230000 0.9420900000 0.9384780000 0.9371030000 
11300 0.9493790000 0.9519270000 0.9509290000 0.9498640000 0.9499850000 0.9589980000 0.9488730000 
11400 0.9580510000 0.9587690000 0.9542960000 0.9581940000 0.9599150000 0.9561090000 0.9603530000 
11500 0.9671080000 0.9740400000 0.9708340000 0.9701890000 0.9734390000 0.9680570000 0.9719250000 
11600 0.9729450000 0.9711210000 0.9835400000 0.9716740000 0.9701780000 0.9737920000 0.9806710000 
11700 0.9945600000 0.9812180000 0.9809190000 0.9821200000 0.9855930000 0.9860690000 0.9825000000 
11800 0.9972600000 0.9996350000 0.9943870000 0.9974960000 0.9985870000 0.9991480000 0.9978240000 
11900 0.9981210000 1.0012600000 1.0004030000 1.0022420000 1.0056210000 1.0138570000 1.0004400000 
12000 1.0076770000 1.0055920000 1.0199620000 1.0085460000 1.0072050000 1.0241940000 1.0082990000 
12100 1.0210000000 1.0225180000 1.0344980000 1.0220000000 1.0207890000 1.0198620000 1.0207680000 
12200 1.0298500000 1.0340520000 1.0306200000 1.0401960000 1.0357280000 1.0290930000 1.0313970000 
12300 1.0337670000 1.0380640000 1.0329650000 1.0371980000 1.0388290000 1.0417200000 1.0326350000 
12400 1.0517830000 1.0448110000 1.0453140000 1.0510600000 1.0547540000 1.0456890000 1.0490150000 
12500 1.0577000000 1.0568670000 1.0574390000 1.0568960000 1.0560440000 1.0591130000 1.0565750000 
12600 1.0567690000 1.0569660000 1.0605090000 1.0571090000 1.0612770000 1.0659910000 1.0585170000 
12700 1.0735970000 1.0701480000 1.0701660000 1.0756580000 1.0744740000 1.0749670000 1.0705250000 
12800 1.0822840000 1.0811060000 1.0822100000 1.0790200000 1.0858990000 1.0813030000 1.0781470000 
12900 1.0976770000 1.0956710000 1.0996570000 1.0927250000 1.0943620000 1.0924160000 1.0901270000 
13000 1.1048030000 1.0973420000 1.1000540000 1.1015550000 1.0998890000 1.0988250000 1.1048520000 
13100 1.1157310000 1.1128060000 1.1131260000 1.1208680000 1.1169950000 1.1153320000 1.1134120000 
13200 1.1227320000 1.1255670000 1.1235750000 1.1366750000 1.1319970000 1.1226820000 1.1235110000 
13300 1.1317040000 1.1268470000 1.1302430000 1.1287270000 1.1307890000 1.1299060000 1.1307580000 
13400 1.1399000000 1.1399080000 1.1377720000 1.1373780000 1.1373230000 1.1410100000 1.1407780000 
13500 1.1456440000 1.1557510000 1.1534700000 1.1465940000 1.1468570000 1.1491510000 1.1487420000 
13600 1.1541000000 1.1531940000 1.1532460000 1.1563450000 1.1639860000 1.1563890000 1.1543870000 
13700 1.1636730000 1.1643980000 1.1708550000 1.1709430000 1.1671600000 1.1692160000 1.1714300000 
13800 1.1712870000 1.1708450000 1.1708300000 1.1767710000 1.1739910000 1.1781510000 1.1731820000 
13900 1.1843520000 1.1856440000 1.1827310000 1.1866380000 1.1821250000 1.1864350000 1.1887490000 
14000 1.1941400000 1.2042340000 1.1894970000 1.1895180000 1.1959850000 1.1942020000 1.1902740000 
14100 1.2057600000 1.1995390000 1.2010350000 1.2016970000 1.2014440000 1.2008490000 1.2076650000 
14200 1.2092410000 1.2103730000 1.2251840000 1.2160870000 1.2156210000 1.2080360000 1.2092640000 
14300 1.2214230000 1.2216290000 1.2215240000 1.2293010000 1.2215920000 1.2295460000 1.2279670000 
14400 1.2276080000 1.2287840000 1.2295550000 1.2267180000 1.2322080000 1.2312460000 1.2253450000 
14500 1.2418590000 1.2460910000 1.2458420000 1.2420940000 1.2550040000 1.2482840000 1.2425770000 
14600 1.2467280000 1.2543370000 1.2521680000 1.2490420000 1.2549940000 1.2443030000 1.2461050000 
14700 1.2556100000 1.2593150000 1.2591460000 1.2549220000 1.2630540000 1.2575460000 1.2537110000 
14800 1.2652880000 1.2691750000 1.2961950000 1.2690350000 1.2664280000 1.2734460000 1.2679460000 
14900 1.2754410000 1.2747470000 1.2782800000 1.2792180000 1.2707590000 1.2751530000 1.2818980000 
15000 1.2893040000 1.2841400000 1.2838440000 1.2880770000 1.2861810000 1.2877470000 1.5267740000 
15100 1.2939720000 1.2918250000 1.2949100000 1.2897690000 1.2909650000 1.2908420000 1.2945860000 
15200 1.3033790000 1.3024990000 1.3040200000 1.3009450000 1.3003340000 1.3141740000 1.3076260000 
15300 1.3160990000 1.3200320000 1.3113810000 1.3250080000 1.3154160000 1.3189360000 1.3115830000 
15400 1.3272620000 1.3216500000 1.3225610000 1.3314590000 1.3297620000 1.3335460000 1.3227910000 
15500 1.3291630000 1.3300760000 1.3338640000 1.3323890000 1.3310180000 1.3328500000 1.3358300000 
15600 1.3433100000 1.3371380000 1.3447320000 1.3408080000 1.3369280000 1.3408980000 1.3392390000 
15700 1.3505150000 1.3493140000 1.3487710000 1.3493110000 1.3580150000 1.3506790000 1.3501090000 
15800 1.3602590000 1.3598220000 1.3594780000 1.3673040000 1.3614220000 1.3680120000 1.3618260000 
15900 1.3668540000 1.3714880000 1.3700020000 1.3734270000 1.3776100000 1.3754100000 1.3737510000 
16000 1.3758130000 1.3737850000 1.3844610000 1.3739290000 1.3752540000 1.3773350000 1.3833690000 
16100 1.3861250000 1.3870200000 1.3933800000 1.4098900000 1.3882950000 1.3931850000 1.3927420000 
16200 1.3935790000 1.3928370000 1.4129200000 1.4228820000 1.4249710000 1.4279660000 1.4232450000 
16300 1.4430060000 1.4359260000 1.4390730000 1.4044620000 1.3998150000 1.4085130000 1.4042660000 
16400 1.4118710000 1.4096860000 1.4112410000 1.4086750000 1.4117820000 1.4120140000 1.4106800000 
16500 1.4193880000 1.4233000000 1.4190210000 1.4191080000 1.4217930000 1.4278730000 1.4253620000 
16600 1.4326630000 1.4349760000 1.4303610000 1.4323630000 1.4319890000 1.4492200000 1.4317110000 
16700 1.4392970000 1.4392270000 1.4396220000 1.4446590000 1.4444260000 1.4380270000 1.4423340000 
16800 1.4966960000 1.4536780000 1.4492110000 1.4469630000 1.4473550000 1.4499060000 1.4497830000 
16900 1.4681610000 1.4613960000 1.4655040000 1.4608180000 1.4598990000 1.4826820000 1.4625150000 
17000 1.4744560000 1.4699720000 1.4740260000 1.4694760000 1.4708200000 1.4730320000 1.4772240000 
17100 1.4764530000 1.4814570000 1.4793850000 1.4842360000 1.4768870000 1.4814210000 1.4794130000 
17200 1.4801910000 1.4821940000 1.4794390000 1.4889160000 1.4938250000 1.4889750000 1.4936580000 
17300 1.4973340000 1.4974060000 1.4974210000 1.5057640000 1.4953000000 1.4932060000 1.4979330000 
17400 1.5084400000 1.4973230000 1.4975650000 1.5008590000 1.5039220000 1.5059080000 1.5099440000 
17500 1.5161610000 1.5144210000 1.5310960000 1.5126950000 1.5177120000 1.5193560000 1.5152620000 
17600 1.5227170000 1.5233590000 1.5253370000 1.5265570000 1.5282200000 1.5244380000 1.5214630000 
17700 1.5323570000 1.5336200000 1.5321020000 1.5338970000 1.5324030000 1.5332480000 1.5316530000 
17800 1.5533670000 1.5428920000 1.5381950000 1.5440830000 1.5386830000 1.5415500000 1.5429590000 
17900 1.5505620000 1.5555890000 1.5519130000 1.5513540000 1.5543160000 1.5489010000 1.5520530000 
18000 1.5654240000 1.5575170000 1.5573860000 1.5640550000 1.5581900000 1.5547200000 1.5553320000 
18100 1.5761570000 1.5766190000 1.5726300000 1.5820290000 1.5700450000 1.5788840000 1.5906740000 
18200 1.5782790000 1.5857740000 1.5826500000 1.5785180000 1.5827400000 1.5782960000 1.5759390000 
18300 1.5898780000 1.5900450000 1.5988130000 1.5985080000 1.6018920000 1.5904310000 1.5948140000 
18400 1.6032030000 1.5946780000 1.5970040000 1.5961290000 1.5939370000 1.6057600000 1.6040590000 
18500 1.6067590000 1.6154770000 1.6129140000 1.6146600000 1.6069330000 1.6078020000 1.6028360000 
18600 1.6189620000 1.6137890000 1.6156220000 1.6121000000 1.6226050000 1.6166710000 1.6195300000 
18700 1.6270720000 1.6270540000 1.6321840000 1.6233430000 1.6262630000 1.6272070000 1.6285200000 
18800 1.6353000000 1.7980930000 1.6399380000 1.6424130000 1.6497640000 1.6399040000 1.6414480000 
18900 1.6564520000 1.6582200000 1.6506480000 1.6453360000 1.6445600000 1.6496850000 1.6467990000 
19000 1.6520130000 1.6562440000 1.6515600000 1.6514160000 1.6564620000 1.6562220000 1.6627660000 
19100 1.6714870000 1.6664170000 1.6833470000 1.6656080000 1.6610420000 1.6697200000 1.6745260000 
19200 1.6789300000 1.6730920000 1.6712680000 1.6714660000 1.6725510000 1.6754080000 1.6782810000 
19300 1.6842210000 1.6994360000 1.6858830000 1.6860330000 1.6903430000 2.0300830000 1.6939850000 
19400 1.6886670000 1.7278880000 1.7333570000 1.7322890000 1.7371800000 1.7373730000 1.7369740000 
19500 1.7086840000 1.7075860000 1.7008980000 1.7048760000 1.6997640000 1.7020460000 1.7069170000 
19600 1.7116130000 1.7255530000 1.7084550000 1.7295790000 1.7078650000 1.7252310000 1.7155970000 
19700 1.7171660000 1.7199650000 1.7197500000 1.7227990000 1.7169920000 1.7254950000 1.7160790000 
19800 1.7383430000 1.7244660000 1.7241930000 1.7438520000 1.7271730000 1.7437570000 1.7336860000 
19900 1.7463080000 1.7358300000 1.7394490000 1.7402350000 1.7558580000 1.7444620000 1.7352010000 
