5 
100 0.0014900000 0.0017530000 0.0014920000 0.0015000000 0.0018610000 
120 0.0017580000 0.0018540000 0.0017530000 0.0017510000 0.0017600000 
140 0.0020250000 0.0020200000 0.0020070000 0.0022960000 0.0021420000 
160 0.0024370000 0.0023070000 0.0025570000 0.0022570000 0.0022680000 
180 0.0026250000 0.0025640000 0.0025740000 0.0025260000 0.0025200000 
200 0.0027830000 0.0030000000 0.0027820000 0.0029780000 0.0028210000 
220 0.0036090000 0.0030860000 0.0030410000 0.0030380000 0.0033990000 
240 0.0033240000 0.0032890000 0.0033090000 0.0035100000 0.0032880000 
260 0.0035370000 0.0039460000 0.0035400000 0.0038520000 0.0035380000 
280 0.0043910000 0.0038310000 0.0038910000 0.0038480000 0.0051640000 
300 0.0040910000 0.0040560000 0.0044320000 0.0041270000 0.0042460000 
320 0.0043460000 0.0046110000 0.0043490000 0.0043020000 0.0047520000 
