5 
100 0.0128850000 0.0128900000 0.0124040000 0.0128750000 0.0124280000 
120 0.0153970000 0.0155220000 0.0149060000 0.0153090000 0.0154720000 
140 0.0177270000 0.0176840000 0.0179630000 0.0175240000 0.0173630000 
160 0.0210030000 0.0207250000 0.0202960000 0.0203380000 0.0200430000 
180 0.0227000000 0.0231370000 0.0228330000 0.0229040000 0.0229970000 
200 0.0253950000 0.0253310000 0.0255940000 0.0253200000 0.0251090000 
220 0.0279990000 0.0283320000 0.0279680000 0.0280250000 0.0279800000 
240 0.0305480000 0.0303130000 0.0302100000 0.0304020000 0.0306060000 
260 0.0328570000 0.0330530000 0.0326820000 0.0325320000 0.0328350000 
280 0.0353110000 0.0352110000 0.0351850000 0.0353740000 0.0350410000 
300 0.0381040000 0.0381300000 0.0377710000 0.0378370000 0.0381380000 
320 0.0406440000 0.0406180000 0.0401720000 0.0404800000 0.0406830000 
