5 
100 0.0381080000 0.0379510000 0.0378110000 0.0378810000 0.0375960000 
120 0.0454210000 0.0458110000 0.0451620000 0.0454890000 0.0452600000 
140 0.0533190000 0.0529620000 0.0524260000 0.0531390000 0.0527440000 
160 0.0605540000 0.0603550000 0.0605830000 0.0602020000 0.0606630000 
180 0.0680150000 0.0679420000 0.0679760000 0.0680340000 0.0677230000 
200 0.0752190000 0.0749250000 0.0749420000 0.0753120000 0.0753330000 
220 0.0829870000 0.0832200000 0.0829810000 0.0830920000 0.0829590000 
240 0.0902040000 0.0907580000 0.0906790000 0.0898100000 0.0902170000 
260 0.0972700000 0.0974820000 0.0974080000 0.0972090000 0.0977240000 
280 0.1044900000 0.1049830000 0.1049940000 0.1045950000 0.1047620000 
300 0.1128910000 0.1126360000 0.1126150000 0.1125270000 0.1127440000 
320 0.1197630000 0.1200060000 0.1198240000 0.1201570000 0.1196290000 
