5 
100 0.6160740000 0.6168500000 0.6139810000 0.6153050000 0.6145220000 
120 0.8960000000 0.8949670000 0.8932060000 0.8925820000 0.8911310000 
140 1.2199490000 1.2280030000 1.2143010000 1.2125210000 1.2187040000 
160 1.5894430000 1.5844590000 1.5861400000 1.5879770000 1.5842860000 
180 2.0158510000 2.0151080000 2.0189420000 2.0182430000 2.0432550000 
200 2.5049580000 2.5109010000 2.5016890000 2.4979620000 2.4928300000 
220 3.0427040000 3.0463710000 3.0516930000 3.0507150000 3.0511340000 
240 3.6167410000 3.6212550000 3.6147070000 3.6232570000 3.6152640000 
260 4.2320320000 4.2380210000 4.2597980000 4.2376680000 4.2384620000 
280 4.9103920000 4.9100180000 4.9077960000 4.9662170000 4.9122770000 
300 5.6534980000 5.6496260000 5.6539350000 5.6647160000 5.6574790000 
320 6.4403170000 6.4285740000 6.4291360000 6.4297130000 6.4331730000 
