55 54 55 55
27 5
5 20
27 49
20 7
27 32
49 46
27 44
32 30
46 34
5 28
20 33
46 14
27 26
26 2
32 45
7 19
7 11
32 29
49 36
46 23
32 39
36 22
49 13
2 16
36 15
29 1
45 8
2 12
14 21
29 10
2 41
34 54
39 37
29 9
12 31
9 6
6 17
13 50
29 43
22 3
5 24
26 42
34 35
21 51
20 52
24 48
43 4
7 47
12 18
49 0
44 38
23 25
32 53
18 40
0 1
1 2
2 3
3 4
4 5
5 6
6 7
7 8
8 9
9 10
10 11
11 12
12 13
13 14
14 15
15 16
16 17
17 18
18 19
19 20
20 21
21 22
22 23
23 24
24 25
25 26
26 27
27 28
28 29
29 30
30 31
31 32
32 33
33 34
34 35
35 36
36 37
37 38
38 39
39 40
40 41
41 42
42 43
43 44
44 45
45 46
46 47
47 48
48 49
49 50
50 51
51 52
52 53
53 54
54 0
