45 44 45 45
37 30
37 20
20 16
37 26
26 38
37 2
30 25
16 21
37 40
21 19
38 5
2 36
25 4
38 44
4 39
44 8
2 7
7 9
7 27
16 29
36 41
30 14
30 15
38 13
30 1
38 42
1 31
38 24
27 35
1 34
30 12
9 6
21 0
14 43
14 17
38 33
41 3
4 28
33 22
22 18
0 23
28 11
17 32
12 10
0 1
1 2
2 3
3 4
4 5
5 6
6 7
7 8
8 9
9 10
10 11
11 12
12 13
13 14
14 15
15 16
16 17
17 18
18 19
19 20
20 21
21 22
22 23
23 24
24 25
25 26
26 27
27 28
28 29
29 30
30 31
31 32
32 33
33 34
34 35
35 36
36 37
37 38
38 39
39 40
40 41
41 42
42 43
43 44
44 0
