70 69 70 70
7 25
7 30
25 18
25 21
25 16
30 36
16 12
7 10
25 17
36 26
18 48
36 39
26 62
26 67
10 46
21 59
12 52
21 29
10 44
59 5
52 28
7 54
30 31
29 41
18 43
44 49
46 22
54 47
26 64
64 15
21 6
30 11
25 14
52 38
6 2
41 56
39 9
2 1
29 65
17 27
15 58
26 60
2 3
54 20
6 23
12 42
11 68
68 4
46 50
52 8
56 32
18 35
20 40
4 13
11 24
30 51
3 53
2 61
48 69
58 66
23 34
14 57
4 45
3 55
49 19
29 37
55 0
30 63
43 33
0 1
1 2
2 3
3 4
4 5
5 6
6 7
7 8
8 9
9 10
10 11
11 12
12 13
13 14
14 15
15 16
16 17
17 18
18 19
19 20
20 21
21 22
22 23
23 24
24 25
25 26
26 27
27 28
28 29
29 30
30 31
31 32
32 33
33 34
34 35
35 36
36 37
37 38
38 39
39 40
40 41
41 42
42 43
43 44
44 45
45 46
46 47
47 48
48 49
49 50
50 51
51 52
52 53
53 54
54 55
55 56
56 57
57 58
58 59
59 60
60 61
61 62
62 63
63 64
64 65
65 66
66 67
67 68
68 69
69 0
