60 59 60 60
43 33
43 16
16 42
42 13
42 30
30 49
33 45
16 29
43 2
2 18
33 56
43 36
49 53
45 26
43 15
36 47
42 0
15 7
36 38
29 58
43 22
49 50
30 28
22 4
13 8
38 51
4 35
29 41
18 57
18 44
30 31
26 55
18 24
4 52
55 23
36 10
15 46
0 48
29 12
56 39
4 3
55 5
29 20
46 59
46 19
52 1
41 37
52 6
15 25
3 17
19 32
53 54
4 21
52 14
7 9
20 34
53 11
6 27
38 40
0 1
1 2
2 3
3 4
4 5
5 6
6 7
7 8
8 9
9 10
10 11
11 12
12 13
13 14
14 15
15 16
16 17
17 18
18 19
19 20
20 21
21 22
22 23
23 24
24 25
25 26
26 27
27 28
28 29
29 30
30 31
31 32
32 33
33 34
34 35
35 36
36 37
37 38
38 39
39 40
40 41
41 42
42 43
43 44
44 45
45 46
46 47
47 48
48 49
49 50
50 51
51 52
52 53
53 54
54 55
55 56
56 57
57 58
58 59
59 0
