65 64 65 65
61 32
32 3
61 29
29 10
61 30
32 60
61 9
32 27
10 42
30 8
61 59
29 52
59 25
27 49
9 35
49 24
35 28
25 5
24 46
60 14
27 53
53 6
52 15
32 64
25 62
53 18
14 26
15 44
26 50
62 34
18 40
9 23
10 57
25 16
50 37
27 33
18 7
29 58
27 47
32 0
37 17
15 36
18 56
33 20
17 55
6 48
24 54
54 45
20 11
26 51
57 43
64 12
35 21
62 38
37 19
25 31
47 63
27 4
37 1
64 41
15 13
11 2
52 22
29 39
0 1
1 2
2 3
3 4
4 5
5 6
6 7
7 8
8 9
9 10
10 11
11 12
12 13
13 14
14 15
15 16
16 17
17 18
18 19
19 20
20 21
21 22
22 23
23 24
24 25
25 26
26 27
27 28
28 29
29 30
30 31
31 32
32 33
33 34
34 35
35 36
36 37
37 38
38 39
39 40
40 41
41 42
42 43
43 44
44 45
45 46
46 47
47 48
48 49
49 50
50 51
51 52
52 53
53 54
54 55
55 56
56 57
57 58
58 59
59 60
60 61
61 62
62 63
63 64
64 0
