50 49 50 50
33 20
20 7
20 9
20 12
9 35
33 4
35 25
25 29
20 10
12 26
4 6
33 13
6 5
5 49
5 27
10 31
9 48
29 34
35 24
34 38
24 11
13 28
6 22
33 40
12 3
48 46
11 39
24 1
6 44
31 0
26 30
44 45
38 2
45 18
28 15
33 32
26 8
28 17
11 16
35 19
32 37
20 23
9 47
45 43
2 14
24 41
12 42
48 21
46 36
0 1
1 2
2 3
3 4
4 5
5 6
6 7
7 8
8 9
9 10
10 11
11 12
12 13
13 14
14 15
15 16
16 17
17 18
18 19
19 20
20 21
21 22
22 23
23 24
24 25
25 26
26 27
27 28
28 29
29 30
30 31
31 32
32 33
33 34
34 35
35 36
36 37
37 38
38 39
39 40
40 41
41 42
42 43
43 44
44 45
45 46
46 47
47 48
48 49
49 0
