15 105 50 30
14 1
10 6
5 1
12 3
7 3
8 7
6 2
9 0
7 5
14 10
12 1
9 3
13 5
2 1
12 9
11 1
11 4
6 3
8 4
9 4
14 0
13 8
11 2
5 2
5 4
9 6
7 6
11 7
14 13
11 3
8 2
14 5
5 3
12 2
3 0
13 9
12 5
14 11
4 3
7 1
12 0
13 2
14 12
13 1
13 11
13 3
12 7
1 0
14 3
9 5
13 10
8 0
10 7
9 7
6 1
11 5
10 4
14 9
13 6
12 6
8 1
11 6
4 0
10 0
10 8
12 10
4 2
8 5
9 1
6 0
7 4
11 0
12 4
8 3
13 4
10 2
10 3
5 0
13 12
8 6
7 2
12 8
12 11
6 4
13 7
9 8
14 2
10 9
14 6
2 0
9 2
14 4
3 1
7 0
14 8
3 2
13 0
11 10
10 5
10 1
4 1
14 7
11 9
6 5
11 8
36 34
44 42
45 22
36 35
30 18
42 0
46 43
49 36
39 16
27 25
49 39
39 29
17 4
48 31
42 11
12 5
14 3
36 8
43 37
39 12
42 29
38 5
22 8
48 37
48 21
36 11
36 33
26 25
40 36
38 36
