25 300 50 200
15 5
24 14
5 1
12 3
20 19
17 6
6 2
24 17
18 11
14 10
15 10
9 3
15 3
2 1
12 9
24 5
11 4
18 13
18 0
15 11
17 7
13 8
11 2
16 13
18 16
20 2
7 6
23 22
14 13
21 3
8 2
14 5
23 20
24 12
22 21
15 9
12 5
24 10
20 11
24 4
12 0
21 17
21 16
13 1
23 6
19 5
15 1
1 0
24 9
23 17
19 11
18 12
18 10
9 7
6 1
20 12
10 4
15 0
17 13
16 12
19 0
22 18
17 5
22 6
10 8
24 6
4 2
8 5
18 15
6 0
7 4
19 6
20 6
8 3
13 4
21 2
22 16
22 0
23 2
24 11
7 2
16 2
12 11
6 4
16 6
9 8
16 0
16 11
20 4
2 0
22 7
23 11
3 1
21 8
18 4
3 2
21 15
20 3
18 2
19 8
23 12
22 1
19 9
22 17
17 4
22 20
19 17
5 0
21 13
15 8
14 1
10 3
11 6
16 7
20 0
12 1
23 10
16 4
11 8
22 12
18 5
18 6
12 8
10 9
17 15
20 1
20 10
20 13
24 21
7 3
3 0
16 5
22 15
20 14
19 16
10 5
11 7
24 7
22 13
18 17
15 13
20 15
19 10
18 1
10 1
5 2
14 8
22 5
22 9
17 11
22 2
19 1
23 13
8 4
21 0
18 8
18 3
19 7
21 11
13 0
13 7
16 15
17 9
10 7
21 1
8 0
24 0
9 5
9 1
5 4
7 1
8 1
8 6
19 14
22 19
9 0
23 14
23 15
20 5
17 8
11 9
22 4
24 19
22 11
21 7
21 10
16 1
14 3
24 2
23 19
20 17
16 3
17 14
24 18
14 6
20 18
12 4
13 6
19 15
4 0
21 14
4 3
11 5
19 4
18 9
16 8
16 9
13 9
17 1
24 13
23 8
7 5
22 10
24 3
22 14
17 2
12 6
10 0
7 0
23 7
24 1
14 2
23 16
13 5
18 7
20 8
14 12
13 2
12 10
12 7
18 14
24 15
21 5
21 9
15 14
23 3
20 7
19 13
21 12
19 3
23 1
21 4
15 7
20 16
23 9
10 2
21 6
15 6
17 12
23 21
21 19
14 9
16 10
11 0
24 8
24 16
8 7
17 16
11 3
24 20
9 6
14 0
14 7
9 4
23 18
4 1
16 14
13 3
23 0
9 2
21 20
14 4
6 5
5 3
19 12
17 0
6 3
19 2
22 8
23 5
17 3
11 1
21 18
17 10
24 23
23 4
14 11
15 12
12 2
22 3
10 6
15 2
13 12
24 22
11 10
13 10
13 11
20 9
15 4
19 18
46 17
29 6
29 22
36 14
45 43
47 20
33 1
43 23
21 11
20 17
14 4
29 7
49 16
46 16
12 11
31 10
27 3
46 0
29 13
37 10
12 0
29 25
42 39
32 6
18 16
35 29
8 0
43 28
31 16
21 1
33 32
25 21
25 0
27 16
24 17
49 34
16 14
29 4
20 7
39 38
27 21
48 18
23 19
39 13
33 29
45 9
33 24
43 29
48 44
48 7
49 17
23 5
21 4
29 8
48 24
37 31
44 32
23 17
19 6
25 3
33 2
48 47
44 28
47 4
44 40
39 22
23 22
25 5
47 6
48 33
49 45
29 27
27 2
47 12
28 11
46 27
30 27
26 5
41 26
32 23
6 0
28 2
49 25
47 2
32 28
46 12
19 17
28 0
30 11
36 30
40 37
49 43
43 31
46 1
45 14
45 30
45 36
15 7
45 20
24 6
35 32
16 11
45 31
41 15
36 1
41 6
25 8
36 12
37 24
37 32
9 6
17 9
34 27
33 5
42 24
35 21
14 8
23 21
49 26
49 3
36 24
42 16
23 8
27 4
33 11
29 24
25 18
34 29
41 9
24 13
41 18
20 1
34 5
41 28
45 35
22 12
6 4
7 3
27 12
36 34
40 23
19 4
43 3
40 13
4 2
47 7
45 17
33 20
19 12
43 22
38 5
15 10
45 24
43 1
34 2
40 19
29 10
34 13
49 9
36 21
41 17
41 25
35 10
47 31
45 32
9 2
47 46
15 3
3 1
20 9
2 0
45 13
49 0
19 1
45 21
16 12
49 24
14 0
20 6
25 16
14 7
25 12
44 16
28 14
13 11
44 20
28 17
35 27
35 12
6 3
5 2
30 13
49 22
48 41
44 30
42 5
38 12
37 15
44 31
15 6
