50 1225 50 200
49 28
49 14
37 35
12 3
46 24
31 3
38 3
48 3
18 11
49 19
49 37
45 39
27 10
2 1
48 38
40 12
47 10
49 18
36 13
38 17
34 28
41 6
29 14
34 17
49 9
20 2
33 23
41 32
44 25
43 20
27 1
43 9
33 15
34 24
28 18
15 9
36 9
49 31
20 11
24 4
12 0
37 6
45 21
44 5
42 18
48 47
15 1
40 18
42 21
23 17
46 32
18 12
39 9
9 7
28 13
20 12
10 4
15 0
43 7
25 18
28 9
28 11
17 5
29 2
31 21
38 37
38 14
8 5
33 29
37 36
7 4
40 1
38 7
44 19
13 4
29 28
33 14
38 5
23 2
24 11
49 17
34 10
49 46
6 4
44 16
9 8
37 32
16 11
42 12
48 24
22 7
23 11
43 19
46 25
18 4
33 27
39 8
43 35
49 39
43 5
33 8
35 24
19 9
45 33
26 14
31 27
28 17
31 26
36 8
41 19
46 4
10 3
11 6
32 10
20 0
12 1
49 24
37 21
48 23
47 15
37 30
33 16
12 8
40 19
34 0
38 18
45 36
35 17
29 13
47 44
47 1
40 2
42 17
32 0
19 16
49 40
45 12
40 28
49 48
49 0
39 24
30 22
37 18
39 28
49 12
31 29
44 2
49 25
38 29
47 12
41 39
46 14
23 13
33 4
21 0
18 8
46 3
41 2
38 0
13 0
13 7
16 15
36 1
27 5
28 19
39 4
24 0
39 29
29 8
44 26
7 1
8 1
43 16
42 7
22 19
47 6
25 20
33 25
47 23
28 4
45 25
37 31
26 21
39 11
21 7
26 10
16 1
43 42
24 2
23 19
36 34
30 28
44 0
29 26
42 36
20 18
12 4
38 1
36 35
39 37
42 40
4 3
11 5
44 22
29 24
40 37
38 35
31 0
41 9
44 34
32 29
49 26
30 26
24 3
47 7
31 13
28 25
10 0
47 13
46 45
28 15
42 15
44 42
13 5
18 7
20 8
14 12
34 32
12 10
35 11
32 6
24 15
21 5
44 10
42 1
37 1
36 21
31 12
21 12
39 23
30 16
21 4
46 21
30 29
32 15
10 2
26 22
47 42
17 12
34 20
43 27
42 34
39 18
41 37
49 11
49 29
8 7
32 11
11 3
27 2
35 20
14 0
48 31
26 5
31 8
37 11
16 14
25 15
44 12
44 3
41 36
14 4
27 19
46 12
39 15
38 24
46 28
25 7
22 8
23 5
46 22
11 1
43 18
43 34
25 17
48 42
40 22
15 12
12 2
48 29
10 6
15 2
43 14
26 23
47 43
39 6
46 31
42 5
44 38
19 18
26 8
32 20
35 1
42 14
36 16
49 47
17 16
19 2
30 3
43 0
6 0
32 17
34 25
36 26
41 27
33 13
43 1
24 23
32 19
39 38
25 3
17 3
30 18
33 9
6 5
44 43
39 34
45 43
24 9
28 3
38 34
22 17
37 0
35 14
20 13
29 5
40 8
28 10
43 24
36 12
21 19
39 19
27 18
34 33
48 7
48 32
29 9
41 30
45 3
13 12
45 30
44 1
30 0
24 20
24 6
47 25
41 8
9 4
38 11
42 30
6 3
41 33
20 4
49 42
37 3
35 15
20 9
13 2
25 0
40 31
25 24
37 14
19 17
39 2
26 19
49 35
41 29
32 22
37 25
41 40
40 0
13 8
45 9
48 9
42 10
25 10
31 30
19 0
28 2
22 18
34 19
6 1
31 5
35 8
42 27
42 29
22 21
43 2
40 21
27 26
11 4
45 32
11 0
42 31
31 9
46 2
45 1
42 19
22 6
48 45
36 10
42 3
34 27
46 38
38 22
26 11
26 18
29 6
32 21
33 26
11 2
37 19
38 2
48 5
31 17
47 35
23 3
14 5
49 4
39 7
18 9
33 7
24 18
19 6
33 24
33 6
40 10
20 3
31 18
34 22
39 3
11 9
31 25
32 5
29 16
40 27
41 15
26 0
35 26
44 20
32 13
35 29
9 6
40 34
27 25
43 6
44 33
48 10
38 21
32 25
39 25
30 27
37 2
36 32
47 20
40 25
49 34
17 10
48 0
47 27
40 30
31 7
25 5
23 18
47 0
22 1
22 11
36 19
41 24
45 15
36 30
12 5
44 37
23 21
23 10
25 11
29 22
26 6
36 2
26 20
19 14
26 13
22 20
48 28
45 31
35 2
20 14
43 36
46 40
25 14
21 14
47 39
18 14
36 25
40 16
46 10
45 7
25 6
34 4
47 9
25 16
23 9
46 41
28 12
36 20
40 4
48 17
42 28
21 16
46 15
30 6
41 23
15 14
26 24
3 2
23 8
45 2
29 10
31 4
48 14
41 38
44 14
41 5
46 42
42 2
44 28
23 12
38 6
40 3
37 10
41 12
13 3
29 17
47 31
47 40
21 13
18 5
23 0
28 16
33 5
45 22
48 37
21 2
46 7
30 25
30 1
44 15
46 27
15 10
37 28
40 11
42 22
27 16
28 20
9 1
41 1
16 10
36 6
41 21
48 16
31 23
40 33
30 20
47 30
13 1
49 32
35 33
30 15
48 20
36 29
35 21
25 8
12 9
16 4
19 15
24 12
24 8
29 4
48 36
17 7
41 10
30 14
47 22
34 1
28 0
47 38
33 20
14 2
34 11
21 8
37 8
25 19
28 22
38 26
23 16
14 9
49 27
49 22
35 9
38 25
43 41
18 13
26 9
31 24
15 13
30 17
48 8
27 23
41 16
31 10
14 8
2 0
34 15
18 17
27 13
46 11
42 9
22 3
45 44
32 23
49 33
33 21
33 28
48 12
3 0
37 7
30 11
5 4
44 41
46 39
40 32
24 19
44 18
35 0
21 15
48 33
35 13
40 14
43 11
42 37
43 31
20 7
47 36
47 41
31 22
47 18
27 9
37 15
35 30
8 3
32 12
49 10
16 3
40 6
42 0
45 17
39 14
30 21
35 12
23 1
33 19
29 15
21 17
4 1
39 27
25 2
37 23
38 19
39 17
45 23
33 11
47 14
34 16
49 41
19 10
37 22
44 31
30 4
18 15
41 25
43 21
32 14
26 4
15 11
35 5
33 17
49 20
22 4
16 0
33 22
49 15
47 24
49 8
21 11
45 0
36 11
42 26
15 7
41 4
36 0
20 6
20 15
32 31
47 21
22 0
46 13
20 10
4 2
31 20
30 2
37 27
39 10
34 9
37 20
27 14
44 27
47 17
43 39
11 7
24 1
47 11
47 26
22 9
28 7
16 2
41 0
49 44
46 37
47 45
47 34
43 25
46 26
43 10
47 4
13 9
37 16
18 1
13 10
33 0
40 13
18 10
49 2
31 11
36 15
48 22
27 11
49 21
15 6
14 7
34 5
46 1
19 1
9 0
15 4
19 3
35 19
24 21
29 25
40 5
38 27
43 12
22 12
32 30
46 29
45 19
47 19
29 20
42 33
44 32
37 12
30 12
38 15
16 5
33 18
34 12
45 11
49 6
37 29
30 9
30 8
47 5
49 45
41 18
46 43
37 4
47 33
17 9
21 3
39 32
26 12
45 27
48 30
44 35
29 0
22 2
30 5
27 20
20 1
44 30
39 20
48 41
17 4
14 6
38 31
9 3
46 23
40 24
40 35
16 12
37 34
42 20
39 13
46 19
43 40
27 7
8 4
37 26
22 16
10 7
49 43
27 4
38 9
41 11
19 8
21 20
34 21
39 26
43 17
24 5
45 29
36 18
42 8
22 14
17 1
41 35
24 10
27 24
40 26
26 16
48 34
31 1
44 17
46 20
28 5
5 1
46 0
28 6
38 10
49 38
46 30
33 10
20 17
32 26
32 16
21 10
37 13
27 15
25 4
32 2
39 31
41 28
41 14
1 0
26 7
45 40
23 14
27 22
28 27
29 1
23 6
48 46
8 0
26 3
17 15
19 13
31 14
37 33
46 5
7 0
29 3
27 21
43 33
29 23
36 33
48 39
35 10
24 17
33 3
34 31
30 7
41 17
32 4
46 6
7 3
46 34
38 28
28 8
14 11
44 7
36 27
17 13
38 32
29 21
29 11
47 8
45 35
5 0
47 28
40 17
8 6
10 8
21 18
30 19
48 19
48 21
38 30
26 25
43 13
48 15
41 26
26 15
36 7
40 23
7 2
39 30
29 27
37 9
46 36
38 16
45 16
32 7
36 4
17 0
36 17
35 23
14 3
17 14
48 27
35 25
35 22
34 2
47 16
45 42
41 13
31 6
35 27
21 9
35 6
41 3
25 23
48 35
36 5
16 6
42 41
26 17
45 41
34 14
49 5
19 4
48 40
47 3
14 13
39 36
35 34
31 28
39 12
40 39
34 30
4 0
45 14
24 13
43 4
45 26
21 1
39 22
41 20
26 1
40 7
39 33
10 9
13 6
28 21
24 7
28 26
45 6
17 11
35 16
40 20
35 32
45 10
44 4
37 24
27 17
7 5
44 29
39 5
23 4
34 23
45 8
42 6
13 11
43 29
44 11
23 15
48 44
32 24
44 23
49 7
19 12
15 8
14 10
5 2
46 33
36 24
34 8
47 37
31 15
24 22
9 5
25 22
31 2
36 3
19 7
23 7
45 38
17 2
31 16
38 33
18 3
14 1
6 2
46 9
49 3
35 31
32 18
12 11
30 23
5 3
29 7
40 29
34 3
42 23
41 31
47 46
44 6
33 31
38 4
42 16
16 8
33 32
35 4
48 4
37 5
25 13
42 11
40 36
45 20
38 20
10 1
46 18
28 24
48 13
27 6
44 40
33 1
29 12
8 2
32 8
36 14
45 18
26 2
45 37
25 1
43 26
30 10
49 16
32 28
39 21
41 22
43 28
43 8
35 7
42 24
45 5
27 8
48 18
49 1
48 26
42 32
28 14
32 3
20 16
44 13
46 16
20 5
41 34
36 31
29 18
12 6
32 27
42 39
40 38
23 20
27 0
33 30
32 9
29 19
48 43
44 9
18 0
45 24
18 6
44 24
39 16
33 12
49 36
16 9
11 10
17 6
49 13
16 7
42 35
36 22
41 7
39 1
9 2
43 32
15 3
38 8
45 34
34 18
48 25
46 8
27 3
12 7
43 38
42 13
43 15
16 13
23 22
39 0
34 29
30 13
44 21
34 13
44 36
48 6
46 44
17 8
42 25
38 36
39 35
3 1
34 26
38 23
7 6
34 6
44 39
18 16
37 17
32 1
38 13
18 2
42 38
33 2
19 5
35 28
46 17
36 28
42 4
47 29
35 3
36 23
48 2
43 22
27 12
48 1
25 12
28 23
11 8
24 14
34 7
43 3
43 30
47 2
43 23
43 37
45 28
22 10
22 15
31 19
22 5
45 13
48 11
15 5
49 30
24 16
38 12
19 11
46 35
21 6
45 4
25 9
40 15
44 8
40 9
10 5
28 1
47 32
30 24
25 21
20 19
35 18
49 23
22 13
36 17
32 25
46 45
47 25
28 5
46 39
29 11
48 28
13 5
46 34
37 32
41 16
43 33
15 12
40 27
32 7
42 24
49 4
39 20
30 8
22 17
38 25
48 27
32 28
6 3
41 28
44 39
17 14
28 26
33 2
14 11
21 1
49 43
15 13
43 35
48 36
44 19
31 20
47 4
29 5
46 22
21 11
37 1
42 1
14 1
11 0
46 16
48 6
29 24
37 16
37 23
44 4
34 4
41 27
35 14
32 31
9 5
42 38
48 33
22 10
38 27
38 35
31 21
24 14
27 9
36 21
42 19
28 6
49 28
16 15
31 24
33 19
46 42
46 20
37 11
9 2
47 32
31 10
34 9
16 5
44 16
18 10
7 1
46 13
42 13
18 7
39 36
49 12
29 16
45 12
34 29
34 16
37 2
38 13
35 16
19 4
38 16
45 13
27 14
22 6
42 4
41 29
42 32
43 9
32 9
32 14
41 4
31 17
36 9
46 40
35 19
31 22
7 5
24 13
11 8
34 13
27 3
39 25
41 6
26 18
27 7
29 22
10 9
42 21
25 4
37 5
18 14
40 28
30 16
41 33
47 23
45 23
26 25
7 6
22 2
40 6
47 39
29 14
26 5
34 0
18 4
39 18
30 19
41 40
41 7
17 1
47 28
28 14
26 11
25 21
39 23
36 3
23 4
28 4
43 18
27 21
33 9
26 13
30 10
27 23
43 7
35 25
44 26
47 41
45 28
37 3
39 34
42 11
49 16
24 5
48 25
38 1
25 6
23 15
45 44
39 17
44 8
10 4
46 9
45 16
21 13
41 36
40 24
40 18
19 3
42 37
30 3
22 4
31 25
23 5
11 10
48 17
40 17
29 13
37 13
23 13
44 3
14 7
48 5
34 8
