15 105 50 200
14 1
10 6
5 1
12 3
7 3
8 7
6 2
9 0
7 5
14 10
12 1
9 3
13 5
2 1
12 9
11 1
11 4
6 3
8 4
9 4
14 0
13 8
11 2
5 2
5 4
9 6
7 6
11 7
14 13
11 3
8 2
14 5
5 3
12 2
3 0
13 9
12 5
14 11
4 3
7 1
12 0
13 2
14 12
13 1
13 11
13 3
12 7
1 0
14 3
9 5
13 10
8 0
10 7
9 7
6 1
11 5
10 4
14 9
13 6
12 6
8 1
11 6
4 0
10 0
10 8
12 10
4 2
8 5
9 1
6 0
7 4
11 0
12 4
8 3
13 4
10 2
10 3
5 0
13 12
8 6
7 2
12 8
12 11
6 4
13 7
9 8
14 2
10 9
14 6
2 0
9 2
14 4
3 1
7 0
14 8
3 2
13 0
11 10
10 5
10 1
4 1
14 7
11 9
6 5
11 8
36 34
44 42
45 22
36 35
30 18
42 0
46 43
49 36
39 16
27 25
49 39
39 29
17 4
48 31
42 11
12 5
14 3
36 8
43 37
39 12
42 29
38 5
22 8
48 37
48 21
36 11
36 33
26 25
40 36
38 36
17 12
5 0
19 5
37 14
40 26
28 3
25 3
39 8
36 4
44 28
14 9
44 6
42 23
14 8
44 30
45 30
42 34
42 7
14 6
38 31
28 17
40 11
25 15
47 34
42 26
43 16
39 7
42 30
48 7
49 47
19 11
46 27
35 0
19 16
31 19
40 34
40 24
21 17
22 6
41 12
42 13
42 41
18 14
45 26
34 23
39 33
38 21
28 14
6 5
46 41
25 17
38 6
10 3
49 45
22 19
48 46
14 12
46 19
30 1
24 22
20 3
39 35
23 19
37 26
29 18
39 31
47 15
44 21
32 31
29 2
32 15
38 3
32 21
32 11
33 12
29 4
33 0
27 3
33 28
34 17
39 22
48 4
42 33
21 6
43 14
39 5
27 9
33 5
45 14
38 10
18 0
49 35
44 17
34 11
46 25
33 30
26 16
49 4
29 12
49 6
17 10
16 7
48 25
36 1
49 37
48 17
29 23
43 11
39 14
42 38
49 34
21 12
46 0
27 19
47 35
43 22
29 10
11 0
43 34
45 12
21 2
25 7
40 37
37 35
40 1
49 18
47 9
13 3
42 9
32 5
26 6
35 29
35 5
48 2
41 32
39 19
45 28
16 9
46 23
45 35
37 31
48 20
48 27
45 0
44 40
48 30
42 20
39 20
36 21
23 16
11 10
38 32
20 1
19 18
24 13
42 36
24 18
41 40
49 32
30 14
41 34
11 4
7 2
47 7
41 2
19 9
35 17
29 3
37 4
48 0
