25 300 50 30
15 5
24 14
5 1
12 3
20 19
17 6
6 2
24 17
18 11
14 10
15 10
9 3
15 3
2 1
12 9
24 5
11 4
18 13
18 0
15 11
17 7
13 8
11 2
16 13
18 16
20 2
7 6
23 22
14 13
21 3
8 2
14 5
23 20
24 12
22 21
15 9
12 5
24 10
20 11
24 4
12 0
21 17
21 16
13 1
23 6
19 5
15 1
1 0
24 9
23 17
19 11
18 12
18 10
9 7
6 1
20 12
10 4
15 0
17 13
16 12
19 0
22 18
17 5
22 6
10 8
24 6
4 2
8 5
18 15
6 0
7 4
19 6
20 6
8 3
13 4
21 2
22 16
22 0
23 2
24 11
7 2
16 2
12 11
6 4
16 6
9 8
16 0
16 11
20 4
2 0
22 7
23 11
3 1
21 8
18 4
3 2
21 15
20 3
18 2
19 8
23 12
22 1
19 9
22 17
17 4
22 20
19 17
5 0
21 13
15 8
14 1
10 3
11 6
16 7
20 0
12 1
23 10
16 4
11 8
22 12
18 5
18 6
12 8
10 9
17 15
20 1
20 10
20 13
24 21
7 3
3 0
16 5
22 15
20 14
19 16
10 5
11 7
24 7
22 13
18 17
15 13
20 15
19 10
18 1
10 1
5 2
14 8
22 5
22 9
17 11
22 2
19 1
23 13
8 4
21 0
18 8
18 3
19 7
21 11
13 0
13 7
16 15
17 9
10 7
21 1
8 0
24 0
9 5
9 1
5 4
7 1
8 1
8 6
19 14
22 19
9 0
23 14
23 15
20 5
17 8
11 9
22 4
24 19
22 11
21 7
21 10
16 1
14 3
24 2
23 19
20 17
16 3
17 14
24 18
14 6
20 18
12 4
13 6
19 15
4 0
21 14
4 3
11 5
19 4
18 9
16 8
16 9
13 9
17 1
24 13
23 8
7 5
22 10
24 3
22 14
17 2
12 6
10 0
7 0
23 7
24 1
14 2
23 16
13 5
18 7
20 8
14 12
13 2
12 10
12 7
18 14
24 15
21 5
21 9
15 14
23 3
20 7
19 13
21 12
19 3
23 1
21 4
15 7
20 16
23 9
10 2
21 6
15 6
17 12
23 21
21 19
14 9
16 10
11 0
24 8
24 16
8 7
17 16
11 3
24 20
9 6
14 0
14 7
9 4
23 18
4 1
16 14
13 3
23 0
9 2
21 20
14 4
6 5
5 3
19 12
17 0
6 3
19 2
22 8
23 5
17 3
11 1
21 18
17 10
24 23
23 4
14 11
15 12
12 2
22 3
10 6
15 2
13 12
24 22
11 10
13 10
13 11
20 9
15 4
19 18
46 17
29 6
29 22
36 14
45 43
47 20
33 1
43 23
21 11
20 17
14 4
29 7
49 16
46 16
12 11
31 10
27 3
46 0
29 13
37 10
12 0
29 25
42 39
32 6
18 16
35 29
8 0
43 28
31 16
21 1
