20 190 50 30
15 5
10 6
5 1
12 3
15 14
17 6
6 2
15 4
18 11
14 10
15 10
9 3
15 3
2 1
12 9
11 1
11 4
18 13
18 0
15 11
17 7
13 8
11 2
16 13
18 16
17 14
7 6
17 0
14 13
11 3
8 2
14 5
5 3
12 2
16 10
15 9
12 5
14 11
4 3
17 3
12 0
13 2
14 12
13 1
13 11
19 5
15 1
1 0
17 16
18 14
19 11
18 12
18 10
9 7
6 1
11 5
10 4
15 0
17 13
16 12
19 0
19 12
17 5
19 13
10 8
12 10
4 2
8 5
18 15
6 0
7 4
19 6
12 4
8 3
13 4
10 2
15 6
15 2
13 12
15 12
7 2
16 2
12 11
6 4
16 6
9 8
16 0
16 11
14 6
2 0
9 2
14 4
3 1
7 0
18 4
3 2
19 15
11 10
18 2
19 8
4 1
17 2
19 9
17 12
17 4
14 9
19 17
5 0
13 5
15 8
14 1
10 3
11 6
16 7
13 9
12 1
9 4
16 4
11 8
16 9
18 5
18 6
12 8
10 9
17 15
16 3
18 7
19 4
4 0
7 3
3 0
16 5
12 6
18 9
19 16
10 5
11 7
17 10
14 7
18 17
15 13
16 8
19 10
18 1
10 1
5 2
14 8
13 6
19 18
17 11
9 6
19 1
16 14
8 4
14 0
18 8
18 3
19 7
14 2
13 0
13 7
16 15
17 9
10 7
7 5
8 0
6 3
9 5
9 1
5 4
7 1
8 1
8 6
19 14
12 7
9 0
13 3
11 0
17 1
17 8
11 9
8 7
13 10
15 7
10 0
19 2
16 1
14 3
19 3
6 5
17 16
26 5
43 24
27 5
49 43
35 27
48 1
48 29
48 10
25 15
42 39
46 12
26 13
37 15
41 15
43 42
30 28
37 18
28 17
49 3
27 14
32 17
11 6
23 7
43 5
37 12
26 17
38 1
22 16
45 20
