30 70 50 100
25 12
18 24
16 6
1 4
22 2
25 1
11 24
21 5
19 24
25 9
6 8
8 25
6 22
26 12
19 0
26 15
10 8
27 17
4 23
14 24
22 3
10 5
6 4
11 26
29 28
2 7
13 4
6 23
23 13
28 3
27 18
18 25
6 29
16 20
16 2
1 8
4 2
29 22
15 13
8 17
15 7
2 3
16 0
8 26
16 28
14 13
25 16
5 15
29 14
2 0
22 1
15 9
0 17
22 4
17 9
27 28
1 6
26 22
11 5
10 13
20 19
23 29
3 5
23 15
20 21
28 20
19 1
14 11
0 29
0 26
2 17
43 13
36 32
6 32
14 43
8 28
16 48
32 25
14 7
31 2
34 39
19 31
18 15
27 31
32 7
6 29
47 3
8 4
36 29
48 47
11 4
22 3
23 44
27 5
30 38
19 42
41 32
33 21
32 45
18 11
1 38
45 2
26 4
17 12
39 10
29 20
37 5
19 8
34 33
44 12
14 37
27 44
4 38
23 5
38 0
44 42
2 19
49 27
19 18
25 13
42 35
46 16
24 19
12 16
22 32
42 16
20 35
5 38
20 28
17 26
4 49
12 38
25 40
3 40
15 24
48 37
9 39
45 43
46 32
31 37
18 45
2 49
22 43
43 38
6 49
31 14
13 33
12 21
32 42
44 47
38 18
31 20
21 15
42 17
39 8
25 11
37 4
25 22
0 4
40 21
30 35
3 20
29 27
11 21
28 12
46 49
42 15
39 3
16 5
29 7
