100 500 500 1000
99 56
2 74
95 29
99 71
7 48
98 21
6 90
40 58
93 84
65 42
72 54
21 69
7 91
22 87
87 3
51 83
3 17
47 38
49 35
49 89
75 13
46 66
78 80
4 15
7 4
14 4
1 6
16 52
2 53
61 77
35 38
53 83
31 94
60 80
91 94
78 66
76 5
69 48
24 99
42 6
53 45
85 28
31 62
22 17
99 83
46 74
58 99
36 49
84 5
41 38
40 77
16 36
43 6
25 77
61 23
18 2
70 58
32 67
39 0
33 85
82 33
85 80
14 28
23 97
36 33
12 47
68 24
67 76
76 81
65 0
83 88
74 87
94 78
60 25
79 54
36 11
12 24
80 46
97 9
83 5
6 4
94 47
85 30
55 88
15 49
42 29
99 73
44 54
32 40
6 57
96 15
72 27
62 4
51 1
15 75
92 19
65 24
43 60
57 36
38 30
63 30
61 59
97 21
83 69
19 42
92 69
41 80
60 1
53 21
54 19
44 72
22 60
62 18
42 91
52 63
8 48
36 95
22 54
11 12
0 71
93 13
7 38
9 24
5 58
52 85
31 59
34 70
81 15
61 25
69 1
23 0
58 89
35 19
47 82
88 15
88 50
14 91
68 5
74 37
0 15
72 49
5 31
93 75
42 58
44 26
57 56
28 82
9 94
6 94
42 89
2 19
41 35
92 81
11 3
48 98
69 84
40 48
38 3
72 37
58 30
80 17
51 8
72 8
5 23
7 51
93 87
56 89
25 5
9 54
42 70
40 22
52 21
79 62
79 2
19 94
51 28
93 45
46 19
24 16
68 93
41 54
23 6
14 66
71 23
91 68
76 20
21 10
50 71
77 38
0 16
16 91
89 8
64 37
91 47
97 38
40 29
44 3
21 24
37 1
34 15
65 5
51 99
74 5
25 91
67 21
45 32
37 78
44 27
21 79
37 19
43 53
28 15
18 6
59 15
27 29
36 17
78 69
90 67
58 88
40 93
45 39
4 85
9 1
40 64
96 78
12 30
99 33
94 41
95 78
76 25
44 61
67 80
17 81
83 58
55 21
41 77
60 53
55 60
84 23
7 52
36 10
11 81
14 56
85 82
68 39
31 97
56 24
87 28
5 77
66 61
11 53
63 79
67 13
50 86
58 77
55 24
20 11
89 14
62 61
12 71
62 24
37 6
61 19
91 28
33 1
21 68
90 58
33 69
52 93
16 82
62 29
42 95
54 28
32 82
46 37
85 23
10 58
35 36
91 10
33 93
96 63
61 86
44 21
37 98
97 49
90 80
54 53
18 61
74 7
36 19
89 85
91 3
31 7
25 33
95 20
51 79
79 39
10 89
73 57
21 19
8 57
86 66
5 81
51 60
48 97
28 84
48 14
38 99
8 90
34 28
28 67
34 89
75 64
66 2
97 54
35 78
2 60
36 31
60 67
3 98
38 19
58 41
20 7
39 95
48 32
27 10
0 35
1 28
32 28
74 15
5 35
80 45
92 4
68 41
94 30
0 41
74 59
87 82
99 29
19 17
7 69
60 34
78 41
7 57
70 26
36 62
86 42
51 69
26 63
64 29
50 51
56 10
7 40
83 46
15 69
0 69
81 61
33 37
87 18
23 76
5 12
15 92
58 27
82 23
1 13
78 2
49 74
92 64
34 80
54 71
48 42
69 12
83 16
0 24
4 17
38 24
88 97
94 86
52 74
81 24
66 36
88 21
11 52
8 65
56 86
42 26
18 85
67 69
59 71
87 42
37 63
10 29
95 41
91 12
40 66
9 35
97 3
72 10
5 89
93 62
72 22
0 28
92 58
1 78
62 92
9 55
93 86
15 22
0 94
63 99
70 87
35 13
74 42
26 85
56 84
32 23
80 55
30 43
6 24
74 68
2 32
65 52
74 50
3 85
42 85
18 58
27 28
61 83
4 96
7 19
25 82
66 53
62 99
93 61
59 9
14 24
30 74
42 3
44 52
71 27
26 86
11 58
22 62
99 4
65 43
13 20
21 77
49 3
64 61
74 45
76 87
47 0
60 28
63 90
97 99
54 84
56 16
73 40
12 84
98 62
52 39
51 42
11 79
55 18
60 57
1 94
11 50
65 68
36 83
52 40
0 85
80 93
40 94
99 15
92 89
35 44
44 42
9 5
86 7
66 22
78 50
60 92
82 88
41 33
31 80
49 71
86 14
55 54
4 88
2 42
3 41
67 14
94 73
32 3
81 50
39 29
61 72
13 78
52 66
9 92
420 499
137 138
391 249
456 219
426 198
199 73
296 239
84 10
221 350
349 307
3 152
76 335
312 207
88 454
220 494
21 369
93 480
371 305
385 418
123 76
29 127
499 88
338 481
379 253
101 477
484 33
221 179
242 371
477 296
487 121
340 18
228 62
150 417
466 34
242 362
470 447
274 448
411 499
399 488
21 246
197 154
4 170
333 234
245 47
86 403
417 171
233 186
460 22
257 259
39 67
493 241
110 159
93 309
297 78
101 211
416 70
345 426
398 358
3 121
265 204
460 161
196 446
450 371
29 87
102 113
391 78
118 121
100 146
422 77
189 211
207 444
141 347
137 113
132 51
342 419
42 319
115 276
99 238
214 258
107 215
196 292
435 93
37 219
136 64
228 22
156 43
125 397
353 187
160 256
379 371
2 166
331 316
397 321
31 388
3 131
193 31
143 316
290 456
237 268
467 210
371 107
312 112
404 393
118 91
216 430
250 236
201 477
436 273
12 332
122 89
11 435
243 79
111 481
295 492
342 312
465 319
335 323
397 311
312 16
368 231
239 496
32 254
489 175
233 378
443 198
437 23
187 228
21 381
290 394
186 8
378 407
268 0
221 34
397 326
487 246
40 107
443 434
461 248
423 133
225 339
0 395
253 298
61 388
468 43
271 380
279 88
307 362
434 272
56 271
369 38
236 259
41 266
324 323
12 166
124 257
110 183
20 429
5 365
46 368
373 38
390 413
195 397
231 133
22 306
110 302
68 201
404 273
75 486
477 264
13 201
85 128
12 259
296 482
33 496
91 43
39 173
357 491
120 179
302 11
111 66
28 215
180 179
485 229
193 58
440 1
497 15
183 364
319 195
122 190
395 327
382 99
356 158
347 247
187 320
9 219
162 72
164 267
263 139
124 264
116 122
135 3
391 334
195 499
87 287
437 136
359 488
327 379
156 355
373 101
210 358
468 54
338 187
368 294
159 384
85 230
443 357
477 46
250 285
149 134
27 267
341 109
59 19
72 22
77 461
277 233
41 19
223 343
213 54
364 98
196 243
469 170
203 46
96 105
358 3
230 364
226 307
418 120
432 131
386 480
169 434
158 84
233 180
268 62
468 146
250 124
11 233
459 394
84 476
325 341
378 167
72 171
272 145
59 149
48 493
464 335
336 181
399 278
148 277
425 13
117 303
306 436
88 198
94 455
472 25
279 308
134 234
49 343
265 67
390 51
236 487
281 221
438 227
71 254
59 265
385 388
430 168
334 73
379 401
244 83
91 401
319 333
175 396
191 178
423 466
62 94
255 326
381 5
278 123
295 205
267 217
297 289
8 345
169 212
227 310
340 317
437 372
307 65
248 46
489 2
254 103
349 98
177 319
381 289
18 217
90 256
434 420
151 192
184 499
499 263
454 263
157 423
435 350
383 134
148 267
345 284
39 460
145 474
62 347
118 188
480 82
104 480
210 19
333 4
146 67
29 41
28 275
486 44
83 455
427 196
46 369
476 14
307 271
253 223
370 173
67 304
217 139
328 199
419 27
377 117
314 348
113 285
491 219
12 10
316 359
186 344
202 236
165 444
197 28
162 469
473 241
79 55
308 19
35 274
321 200
381 326
87 129
33 346
84 463
344 340
14 52
298 454
460 131
114 106
489 128
288 499
2 376
380 323
223 321
38 399
105 37
224 253
402 408
468 168
323 128
71 371
228 439
14 211
363 86
189 13
483 443
41 130
440 351
186 21
324 189
313 300
243 367
73 468
311 423
120 78
129 195
297 15
139 184
361 385
343 276
48 144
359 234
104 56
499 415
381 369
69 497
101 478
346 279
449 315
4 284
235 40
55 420
119 69
452 314
81 4
24 56
484 262
448 393
13 40
493 293
288 228
295 483
423 268
481 270
67 312
193 459
301 128
212 321
79 88
365 491
471 33
380 202
408 299
416 329
226 101
98 357
311 403
115 74
401 225
19 351
385 20
9 211
402 295
414 339
10 144
380 43
16 33
296 360
228 466
106 23
22 497
361 427
96 337
75 212
473 377
275 256
341 39
62 311
287 402
349 488
465 159
317 105
259 75
414 4
163 497
381 485
362 374
447 382
164 72
466 171
212 68
495 336
129 288
330 336
266 469
284 326
456 493
394 269
46 435
146 193
222 466
412 125
479 422
188 440
250 85
320 314
487 336
327 69
463 274
323 396
169 248
478 105
250 459
168 374
474 487
83 174
89 456
48 407
323 196
463 148
361 294
282 169
354 164
168 182
184 496
368 468
397 485
339 60
256 447
7 114
405 462
16 156
487 261
33 183
350 55
94 329
257 160
60 311
76 228
245 368
241 436
69 389
234 442
73 384
322 97
472 204
107 197
130 99
160 403
159 130
225 37
247 113
351 318
176 205
430 152
388 230
468 171
229 79
163 204
437 388
303 6
404 456
156 486
249 253
105 260
405 412
318 372
390 372
488 62
3 391
433 313
319 66
430 140
275 202
422 76
51 152
237 209
25 45
405 205
403 400
162 296
12 479
421 229
127 398
160 418
61 24
323 425
101 429
252 493
60 374
363 432
232 204
354 263
123 193
28 181
255 264
302 83
236 385
408 284
411 153
77 448
290 278
338 422
313 409
409 373
378 436
331 147
236 306
470 353
0 438
202 45
85 476
448 443
344 413
432 166
267 313
104 284
130 332
314 91
370 264
146 394
148 387
110 406
80 455
384 220
401 481
154 208
121 192
12 279
256 25
308 167
119 418
346 387
20 115
61 431
490 236
417 180
61 374
378 449
449 59
351 432
282 407
17 231
447 472
289 156
97 272
53 355
300 383
342 49
121 117
470 20
357 398
470 190
434 79
426 425
135 258
228 29
70 368
153 78
409 493
486 484
112 275
330 76
248 189
300 54
69 166
366 230
453 209
39 231
362 64
262 443
218 462
409 481
195 56
494 419
27 102
182 381
121 84
199 10
411 53
492 1
393 90
472 343
60 220
348 160
72 199
483 144
494 296
178 40
438 220
155 272
25 447
69 214
320 234
171 41
250 290
15 466
436 399
344 37
50 26
183 241
103 401
334 397
34 479
272 351
289 389
128 178
487 328
63 218
174 454
100 66
289 138
431 103
55 482
70 425
369 143
431 245
282 228
184 332
355 173
341 150
340 335
370 432
348 182
356 340
144 166
174 311
363 317
425 445
7 386
155 238
76 302
163 87
360 312
277 312
92 457
340 229
35 162
293 432
122 156
404 40
377 129
466 313
115 83
105 334
214 469
252 228
483 229
280 411
140 207
420 41
211 476
63 9
179 15
153 363
301 75
225 129
268 459
163 200
301 275
457 412
463 9
482 14
186 278
202 449
228 457
383 364
228 188
103 6
58 118
195 444
438 108
83 483
119 155
494 235
209 373
140 472
82 250
45 302
151 295
183 395
37 195
381 29
473 22
478 102
162 204
24 210
221 493
361 298
457 334
16 417
205 374
246 257
305 138
410 274
376 400
93 493
295 379
480 70
24 320
60 407
269 317
263 178
57 112
493 307
239 10
333 265
181 31
369 55
375 445
37 381
227 170
55 177
416 103
160 464
187 36
476 72
344 205
184 338
280 59
278 380
227 300
365 454
248 172
76 40
157 20
159 301
321 125
40 186
313 434
365 294
109 287
399 494
425 228
93 302
265 113
374 129
177 235
259 144
266 202
140 440
123 348
270 60
197 369
466 301
456 353
81 307
466 308
179 5
162 446
309 70
140 96
363 175
415 194
156 420
335 247
242 297
259 250
184 405
487 248
139 319
141 188
118 45
482 108
429 310
84 349
89 166
109 185
89 180
176 467
300 271
175 273
18 390
488 108
157 334
475 401
306 376
369 64
125 396
77 251
120 125
284 356
229 344
31 316
20 442
205 338
260 343
476 159
280 327
57 331
336 194
158 387
257 489
296 6
368 459
326 145
189 242
13 83
295 34
115 58
454 64
374 145
219 424
420 339
7 335
6 4
23 426
451 5
281 75
393 307
276 126
354 149
402 329
15 106
488 425
31 57
270 398
234 348
17 365
28 69
324 298
349 148
177 184
377 39
245 241
481 299
117 142
374 365
499 291
348 158
499 253
479 298
109 146
257 311
25 77
239 335
165 429
276 87
195 181
85 3
30 498
355 422
138 229
264 390
251 46
83 213
392 101
488 164
125 130
488 78
477 275
308 241
3 222
485 341
118 105
455 400
292 132
48 326
48 329
61 495
28 97
63 169
222 357
238 492
451 253
180 357
263 206
427 281
138 188
419 301
293 348
220 201
274 489
172 75
28 443
317 29
29 28
47 161
227 130
420 195
61 50
21 384
402 446
355 266
163 22
292 118
349 204
90 280
227 457
257 0
10 372
263 82
491 216
240 483
140 420
429 485
324 347
57 105
461 288
110 274
47 482
431 189
36 291
429 325
288 429
394 399
315 258
162 223
305 351
344 277
70 151
359 18
474 488
462 61
220 255
86 318
79 302
176 441
388 298
144 271
255 343
286 195
384 163
109 377
116 77
482 457
