55 5 50 200
49 28
49 14
37 35
53 32
46 24
31 28
46 40
40 26
31 4
43 27
40 34
31 21
37 11
24 8
43 29
35 24
34 28
28 15
44 3
38 29
13 5
17 4
17 16
18 11
41 11
14 8
41 39
40 17
48 24
36 35
32 17
39 10
46 11
20 11
12 7
39 13
15 3
12 9
23 8
49 37
49 17
34 3
33 24
37 9
11 6
27 15
39 3
19 18
38 28
33 32
32 8
48 4
17 1
40 27
49 30
41 0
48 28
30 19
21 0
38 15
26 2
43 37
12 10
45 9
18 0
30 8
9 4
44 35
31 8
49 12
32 10
25 8
36 30
25 15
40 29
29 8
42 10
20 15
48 40
26 8
24 2
40 36
31 13
5 1
47 2
33 13
20 9
47 34
17 15
32 0
47 30
48 27
25 1
16 15
48 19
39 32
43 2
10 7
39 21
43 31
48 47
19 14
21 10
34 7
48 7
38 25
13 7
47 1
7 4
19 6
48 14
10 2
41 26
32 21
43 15
45 19
24 11
30 14
11 0
48 29
27 26
44 16
28 10
23 22
41 8
34 6
20 2
38 12
23 5
38 8
45 39
27 5
39 36
42 41
28 19
41 40
45 35
36 10
37 35
42 34
48 6
38 30
26 14
47 38
35 31
36 14
46 19
49 7
11 10
47 36
30 12
4 2
38 13
47 19
22 10
29 23
42 8
12 2
38 36
38 11
25 6
15 6
39 27
43 20
19 10
47 24
37 21
38 1
30 28
49 15
28 26
32 15
16 1
14 1
35 15
26 15
22 0
38 2
39 9
44 41
34 0
13 8
39 2
28 12
7 5
45 38
46 5
43 24
14 2
49 0
37 1
34 12
42 7
16 10
46 6
24 7
38 27
38 18
42 24
49 13
31 30
40 28
46 32
45 14
32 20
