5 
10 0.4730650000 0.4712510000 0.4690670000 0.4738230000 0.4708000000 
15 0.2452560000 0.2405390000 0.2437420000 0.2438010000 0.2439150000 
20 1.5379360000 1.5393070000 1.6175910000 1.5965430000 1.5362590000 
25 1.5423830000 1.5341570000 1.5561280000 1.5360610000 1.5375260000 
30 1.8437250000 1.8432750000 1.8420390000 1.8624080000 1.8442450000 
35 4.2639310000 4.2676900000 4.2624940000 4.2628560000 4.2649430000 
40 4.2534220000 4.2504230000 4.3145430000 4.2551430000 4.2374270000 
45 1.3952700000 1.3957780000 1.3922370000 1.3911050000 1.3974390000 
50 5.2942630000 5.2948440000 5.2903180000 5.3178650000 5.3002340000 
55 10.8446420000 10.8433220000 10.8097980000 10.8056740000 10.8285010000 
60 2.7498140000 2.7827450000 2.7570970000 2.7488180000 2.7703370000 
65 1.0313440000 1.0388830000 1.0357890000 1.0358680000 1.0325010000 
70 9.5243780000 9.5089270000 9.5079490000 9.5280370000 9.5308480000 
