5 
10 0.0067020000 0.0053930000 0.0070950000 0.0052050000 0.0049160000 
15 0.0213030000 0.0174970000 0.0208400000 0.0173380000 0.0214430000 
20 0.0157260000 0.0148590000 0.0201230000 0.0168050000 0.0152780000 
25 0.0176810000 0.0148990000 0.0213900000 0.0208240000 0.0196430000 
30 0.0192260000 0.0223110000 0.0159790000 0.0197560000 0.0197660000 
35 0.0227210000 0.0232240000 0.0242450000 0.0253410000 0.0257020000 
40 0.0319640000 0.0271710000 0.0265680000 0.0302230000 0.0282810000 
45 0.0276390000 0.0302600000 0.0301080000 0.0262150000 0.0254530000 
50 0.0321630000 0.0284400000 0.0309780000 0.0290320000 0.0266830000 
55 0.0625660000 0.0610370000 0.0651310000 0.0632320000 0.0614520000 
60 0.0417800000 0.0391550000 0.0402260000 0.0435440000 0.0375700000 
65 0.0392730000 0.0377180000 0.0423680000 0.0383360000 0.0384620000 
70 0.0416370000 0.0362540000 0.0424810000 0.0398950000 0.0393260000 
