5 
10 0.0068110000 0.0036170000 0.0071960000 0.0035910000 0.0059930000 
15 0.0127480000 0.0138050000 0.0130290000 0.0094870000 0.0115080000 
20 0.0310180000 0.0280290000 0.0315320000 0.0314760000 0.0307970000 
25 0.0218070000 0.0185520000 0.0169520000 0.0185720000 0.0193610000 
30 0.0191920000 0.0186530000 0.0189270000 0.0178340000 0.0194070000 
35 0.0250160000 0.0212420000 0.0203390000 0.0229780000 0.0224740000 
40 0.0495670000 0.0534670000 0.0519630000 0.0525410000 0.0544820000 
45 0.0314250000 0.0260550000 0.0259020000 0.0300990000 0.0279440000 
50 0.0284870000 0.0284410000 0.0290530000 0.0269030000 0.0273790000 
55 0.0333850000 0.0338160000 0.0362990000 0.0338630000 0.0361750000 
60 0.0400990000 0.0423900000 0.0383370000 0.0371420000 0.0370890000 
65 0.0412550000 0.0370920000 0.0395880000 0.0414070000 0.0386770000 
70 0.0410000000 0.0397490000 0.0376470000 0.0377290000 0.0419760000 
