5 
10 0.4772650000 0.4692800000 0.4695390000 0.4704960000 0.4699750000 
15 1.4055580000 1.3871500000 1.3913460000 1.3939360000 1.3911470000 
20 1.2343750000 1.2389140000 1.2338340000 1.2319840000 1.2321680000 
25 0.4002100000 0.4017400000 0.3980080000 0.4028220000 0.4005890000 
30 1.3835560000 1.3996590000 1.3908600000 1.3831940000 1.3835550000 
35 2.1390180000 2.1482420000 2.1399930000 2.1406380000 2.1372740000 
40 3.6413100000 3.6302300000 3.6390870000 3.6352390000 3.6329240000 
45 2.7432070000 2.7417600000 2.7453120000 2.7377580000 2.7537460000 
50 4.5843020000 4.6684190000 4.6055720000 4.5709840000 4.5680620000 
55 5.8385660000 5.8419790000 5.8907310000 5.8454880000 5.8319190000 
60 2.7552380000 2.7550240000 2.7582350000 2.7589820000 2.7605030000 
65 3.9674710000 3.9707200000 3.9658870000 3.9729340000 3.9750460000 
70 6.3509360000 6.3452120000 6.3468770000 6.3616780000 6.3530240000 
