20 2 50 200
15 5
10 6
17 16
26 5
43 24
27 5
49 43
35 27
48 1
48 29
48 10
25 15
42 39
46 12
26 13
37 15
41 15
43 42
30 28
37 18
28 17
49 3
27 14
32 17
11 6
23 7
43 5
37 12
26 17
38 1
22 16
45 20
35 2
32 15
21 4
12 7
39 25
36 35
26 6
30 15
49 48
49 32
22 17
39 4
30 12
42 3
32 22
37 23
39 18
24 14
41 36
24 16
38 15
35 12
18 0
9 8
32 9
19 10
47 29
43 13
49 21
49 41
39 3
22 13
28 25
49 12
23 3
28 26
39 17
35 0
31 28
49 33
39 8
35 13
39 37
33 22
36 19
40 9
4 3
19 15
34 26
8 2
35 18
38 2
29 28
31 16
28 27
21 13
47 2
35 20
24 23
19 13
21 17
28 3
46 21
35 21
42 22
19 1
41 2
10 8
39 9
1 0
32 12
49 10
33 19
45 0
34 32
32 11
39 21
26 4
43 34
49 27
39 26
8 1
34 9
42 19
43 35
49 11
46 28
39 2
16 14
40 17
47 31
27 25
40 32
31 12
43 28
32 18
40 7
40 29
45 14
47 9
48 9
3 2
34 8
49 14
48 20
13 0
19 8
46 1
8 6
17 9
20 11
26 19
39 12
47 0
17 0
27 23
26 16
11 0
32 28
47 20
16 7
20 19
34 21
48 38
41 7
24 19
41 17
20 7
36 12
44 41
46 26
46 23
18 16
41 37
48 12
20 5
45 41
27 19
46 18
43 29
39 28
43 25
48 39
34 23
14 1
10 4
41 27
37 19
28 18
23 18
40 24
46 3
38 37
46 30
44 17
22 0
10 5
24 15
22 18
47 14
14 5
46 5
31 7
44 22
13 1
33 20
14 8
37 17
44 0
36 15
