40 4 50 200
15 5
24 14
37 35
12 3
47 36
38 33
12 11
37 24
46 33
18 4
37 32
17 6
26 12
44 5
35 30
28 18
43 13
40 9
36 7
43 25
40 13
15 14
30 9
46 25
28 12
22 9
27 18
19 0
46 37
46 8
43 36
15 9
47 29
9 4
24 20
37 17
48 31
48 22
28 14
19 3
25 6
34 3
49 16
24 23
28 7
49 27
46 30
47 12
36 11
26 20
16 3
27 25
49 11
14 7
24 19
13 3
46 9
43 12
30 8
17 7
27 12
23 17
27 7
42 11
22 15
42 22
10 0
31 2
26 16
11 3
11 6
6 0
20 15
8 7
47 21
21 20
34 11
45 27
45 35
23 8
20 13
11 8
9 5
28 2
25 23
22 0
38 17
36 30
21 15
49 33
46 27
39 24
44 25
22 12
16 10
20 2
36 31
40 30
48 41
27 1
41 23
33 30
39 17
22 19
45 7
41 19
45 25
29 3
49 24
39 13
48 32
25 14
29 15
39 10
33 17
41 5
26 22
42 23
38 4
47 23
46 15
28 1
43 29
23 9
46 34
34 15
22 8
15 5
45 10
12 9
28 10
32 26
35 7
45 24
16 11
43 37
35 12
36 14
26 13
25 11
49 44
47 17
45 12
44 6
43 17
28 5
38 6
31 25
49 3
49 8
36 13
21 9
45 5
32 4
37 0
46 10
48 45
24 0
24 3
49 29
3 0
14 4
2 1
45 14
45 38
32 13
38 0
42 27
6 3
12 4
22 2
15 13
39 9
23 5
49 36
7 0
24 11
47 35
13 1
40 32
33 2
36 6
49 21
47 43
39 36
30 15
37 20
29 27
45 18
30 17
39 34
45 33
45 40
3 1
40 21
29 14
49 4
44 23
26 14
41 8
23 6
41 3
35 9
36 2
