7 
1 
2 
3 
4 
5 
6 
7 
8 
9 
10 
7 
1 0.0000190000 0.0000190000 0.0000260000 0.0000250000 0.0000260000 0.0000260000 0.0000200000 
2 0.0003000000 0.0003000000 0.0004110000 0.0003980000 0.0004020000 0.0004110000 0.0002960000 
3 0.0002100000 0.0002120000 0.0002870000 0.0003700000 0.0002860000 0.0002080000 0.0002120000 
4 0.0001000000 0.0001000000 0.0001390000 0.0001370000 0.0001000000 0.0001000000 0.0001010000 
5 0.0001090000 0.0001100000 0.0000800000 0.0000800000 0.0001090000 0.0001110000 0.0001100000 
6 6.9508010000 7.1963940000 6.5328780000 6.6758790000 6.8887990000 6.8710180000 7.1035740000 
7 37.9094070000 37.8023510000 37.8214930000 37.4992900000 38.3327080000 37.3623770000 38.1053060000 
8 149.1094110000 149.3898530000 151.9255730000 149.1503980000 149.9172490000 166.9556890000 150.5356190000 
9 401.3550050000 416.5581620000 401.3736080000 397.5852800000 399.5452480000 398.5618150000 394.9022570000 
10 511.0794030000 5 
1 0.0000190000 0.0000190000 0.0000250000 0.0000260000 0.0000260000 
2 0.0004020000 0.0002940000 0.0002950000 0.0002920000 0.0003590000 
3 0.0002500000 0.0002110000 0.0002100000 0.0002090000 0.0002860000 
4 0.0001370000 0.0001020000 0.0001000000 0.0001010000 0.0001000000 
5 0.0000800000 0.0001110000 0.0001090000 0.0000800000 0.0000820000 
6 6.9629520000 7.1231390000 6.9455800000 7.2614430000 6.6523260000 
7 38.3401270000 37.9287440000 37.9386260000 38.2284730000 38.0517330000 
