7 
1 0.0000250000 0.0000570000 0.0000560000 0.0000320000 0.0000560000 0.0000560000 0.0000560000 
2 0.0005450000 0.0005390000 0.0005430000 0.0005390000 0.0005450000 0.0003080000 0.0005400000 
3 0.0029560000 0.0032440000 0.0032480000 0.0023030000 0.0030280000 0.0032290000 0.0020900000 
4 0.0109400000 0.0089850000 0.0102510000 0.0102840000 0.0077580000 0.0097170000 0.0084890000 
5 0.0231120000 0.0162220000 0.0216320000 0.0208730000 0.0175250000 0.0164920000 0.0206510000 
6 0.0286670000 0.0262230000 0.0246630000 0.0252280000 0.0215510000 0.0235670000 0.0259270000 
7 0.0255490000 0.0272060000 0.0254540000 0.0264760000 0.0255790000 0.0261950000 0.0274470000 
8 0.0368200000 0.0347160000 0.0397940000 0.0459530000 0.0377220000 0.0387950000 0.0394350000 
9 0.0270650000 0.0255550000 0.0252680000 0.0232870000 0.0246370000 0.0263350000 0.0230560000 
10 2.6408110000 2.6409470000 2.6490610000 2.6454100000 2.6433060000 2.6353420000 2.6358780000 
