7 
1 0.0002000000 0.0001780000 0.0000980000 0.0001760000 0.0001750000 0.0001750000 0.0001750000 
2 0.0015140000 0.0015200000 0.0015440000 0.0015150000 0.0009990000 0.0015370000 0.0015150000 
3 0.0001710000 0.0001690000 0.0001690000 0.0000970000 0.0001780000 0.0001710000 0.0001910000 
4 0.0002120000 0.0002100000 0.0001180000 0.0002110000 0.0002110000 0.0001780000 0.0001190000 
5 0.0457710000 0.0482340000 0.0500950000 0.0427740000 0.0462850000 0.0436350000 0.0435970000 
6 0.0585490000 0.0609990000 0.0568340000 0.0567950000 0.0566150000 0.0576580000 0.0601900000 
7 0.2479920000 0.2434490000 0.2457330000 0.2504940000 0.2455350000 0.2465600000 0.2450440000 
8 1.0142450000 1.0133050000 1.0176980000 1.0088060000 1.0113070000 1.0138600000 1.0116160000 
9 0.0004430000 0.0004430000 0.0003100000 0.0002500000 0.0004560000 0.0004440000 0.0003170000 
10 0.0005130000 0.0005110000 0.0005100000 0.0005110000 0.0005120000 0.0005110000 0.0005110000 
