7 
1 0.0000570000 0.0000570000 0.0000560000 0.0000560000 0.0000560000 0.0000550000 0.0000560000 
2 0.0003070000 0.0003050000 0.0003060000 0.0002550000 0.0003070000 0.0003040000 0.0003060000 
3 0.0013820000 0.0013490000 0.0013700000 0.0013680000 0.0013580000 0.0008080000 0.0009570000 
4 0.0027640000 0.0046910000 0.0043940000 0.0043440000 0.0036490000 0.0028630000 0.0046860000 
5 0.0099450000 0.0099140000 0.0074240000 0.0068140000 0.0095510000 0.0073220000 0.0069840000 
6 0.0149420000 0.0121650000 0.0139060000 0.0161850000 0.0141470000 0.0144220000 0.0113410000 
7 0.1713770000 0.1687080000 0.1731610000 0.1696410000 0.1696790000 0.1700520000 0.1708040000 
8 0.7647380000 0.7626050000 0.7599340000 0.7635260000 0.7594800000 0.7618930000 0.7647090000 
9 2.4141840000 2.4083200000 2.4067770000 2.4032440000 2.4643560000 2.4240120000 2.4610510000 
10 6.0005460000 6.1025380000 6.0609880000 6.0510970000 6.0708070000 6.0715020000 6.0608270000 
