1000 200 150 200
988 770
227 68
855 568
795 658
544 25
951 282
693 7
934 364
799 33
589 231
313 273
708 277
724 548
558 129
447 413
882 369
777 742
805 608
464 351
535 266
981 856
827 206
218 42
522 482
834 188
738 50
747 416
572 90
311 41
742 699
487 2
961 81
906 143
67 44
391 369
846 671
693 431
729 450
934 126
904 465
279 96
821 341
585 409
983 572
810 687
429 288
210 83
485 145
747 579
792 435
974 0
51 36
876 218
526 161
961 159
854 57
847 28
443 323
944 496
493 77
973 7
899 630
769 80
508 496
982 310
906 602
601 120
760 729
938 639
965 385
858 725
267 183
893 284
988 774
900 665
683 54
281 27
562 131
763 337
671 24
752 205
933 109
994 845
758 604
661 504
933 632
447 94
932 607
929 282
902 754
880 84
756 246
608 246
972 401
728 542
610 424
918 525
908 719
848 267
181 156
244 34
966 110
812 796
347 272
457 310
703 626
869 22
700 192
317 219
856 697
349 168
854 709
951 482
759 676
919 843
408 20
859 670
978 233
757 200
983 830
786 169
819 612
890 188
511 399
786 329
859 350
446 38
927 643
681 499
144 108
660 151
774 309
833 275
841 224
645 317
164 82
781 509
881 180
963 298
493 110
447 271
954 19
587 549
745 132
177 112
532 516
998 931
860 588
673 494
483 208
908 434
922 724
387 135
762 116
401 21
784 486
908 644
240 120
879 174
647 123
528 475
961 402
873 576
772 315
377 179
803 99
788 417
800 376
784 753
999 687
907 165
992 137
989 823
557 505
482 263
185 35
855 642
286 283
703 120
663 592
673 586
299 137
723 703
759 101
844 301
924 127
175 123
563 128
626 236
819 294
497 108
624 489
850 494
682 377
182 106
437 243
476 237
701 279
208 96
729 579
128 94
58 3
106 32
65 29
111 20
67 1
107 93
108 22
69 62
147 133
105 8
100 69
68 29
44 6
80 10
111 101
149 56
94 43
144 87
27 23
119 108
127 111
133 131
126 70
117 96
146 118
86 20
86 33
64 55
84 20
147 85
133 117
34 23
115 93
118 9
101 53
120 15
49 0
62 31
123 66
128 75
61 58
131 92
40 29
105 79
143 95
112 89
119 29
138 43
138 121
40 17
100 76
140 127
146 40
105 1
118 104
123 58
130 112
28 21
81 22
39 2
51 28
87 5
60 26
108 54
72 2
132 77
120 47
19 6
114 103
135 4
91 24
93 5
138 109
137 8
38 34
114 100
147 109
100 36
123 119
103 28
67 32
19 15
135 122
125 104
36 21
105 20
120 61
52 6
92 64
141 38
80 4
141 18
115 106
95 47
143 114
97 92
139 80
122 47
92 68
116 17
90 31
146 38
95 78
126 73
139 36
101 54
113 54
146 75
17 5
19 4
140 60
125 97
91 10
141 77
88 16
136 94
133 36
46 45
103 67
144 96
109 104
144 59
131 112
34 18
52 14
135 25
135 1
37 17
124 98
110 70
142 48
114 72
95 18
88 6
61 33
101 85
144 99
117 100
74 30
138 17
126 78
89 54
143 67
96 34
47 16
140 42
141 31
139 43
133 24
56 33
29 7
20 12
45 23
33 17
142 134
105 15
59 38
114 90
149 70
131 98
135 109
124 33
82 65
147 130
145 16
27 26
122 91
136 42
111 25
31 22
133 129
85 77
57 31
149 111
109 3
140 77
63 3
88 51
86 2
145 7
127 14
33 21
132 128
50 40
101 46
138 14
102 37
117 56
26 1
140 116
106 5
84 23
77 25
112 106
67 10
147 80
59 29
48 0
56 34
