55 1485 50 200
49 28
49 14
37 35
53 32
46 24
31 3
38 3
48 3
18 11
49 19
49 37
45 39
27 10
2 1
48 38
40 12
53 38
49 18
36 13
38 17
34 28
41 6
29 14
34 17
49 9
20 2
33 23
53 51
44 25
53 18
27 1
43 9
33 15
34 24
53 5
15 9
36 9
50 44
20 11
24 4
12 0
37 6
45 21
44 5
42 18
53 35
15 1
40 18
42 21
23 17
50 43
51 36
39 9
9 7
28 13
20 12
53 8
54 10
43 7
25 18
28 9
28 11
17 5
29 2
31 21
38 37
38 14
8 5
33 29
37 36
7 4
40 1
38 7
44 19
13 4
29 28
33 14
38 5
23 2
51 39
49 17
50 47
49 46
6 4
44 16
9 8
37 32
16 11
42 12
54 42
22 7
23 11
52 17
46 25
18 4
33 27
39 8
43 35
49 39
43 5
33 8
35 24
53 29
45 33
26 14
31 27
28 17
31 26
36 8
41 19
46 4
10 3
11 6
32 10
20 0
12 1
49 24
37 21
48 23
47 15
37 30
52 22
50 26
40 19
34 0
51 28
54 17
35 17
29 13
47 44
47 1
40 2
50 45
32 0
19 16
50 15
45 12
53 16
49 48
49 0
53 24
30 22
37 18
39 28
52 10
31 29
44 2
49 25
38 29
47 12
52 51
46 14
23 13
33 4
21 0
18 8
46 3
41 2
53 3
13 0
13 7
16 15
36 1
27 5
52 19
39 4
24 0
39 29
29 8
44 26
7 1
8 1
43 16
42 7
22 19
47 6
51 29
33 25
47 23
28 4
45 25
54 43
26 21
39 11
21 7
52 11
16 1
43 42
54 52
23 19
36 34
30 28
44 0
29 26
42 36
20 18
12 4
38 1
36 35
39 37
42 40
53 10
11 5
44 22
29 24
40 37
38 35
31 0
41 9
52 15
32 29
49 26
30 26
24 3
47 7
31 13
28 25
10 0
47 13
50 21
28 15
53 17
44 42
13 5
18 7
53 50
14 12
34 32
12 10
35 11
32 6
24 15
21 5
44 10
42 1
37 1
36 21
31 12
21 12
39 23
30 16
52 23
46 21
30 29
32 15
10 2
26 22
47 42
53 30
50 18
52 42
42 34
39 18
41 37
49 11
49 29
8 7
32 11
11 3
51 11
54 26
14 0
48 31
26 5
52 27
37 11
16 14
50 33
54 39
50 24
52 8
14 4
27 19
46 12
50 10
51 23
46 28
25 7
22 8
23 5
46 22
11 1
51 24
43 34
25 17
48 42
40 22
51 3
12 2
48 29
10 6
15 2
43 14
26 23
47 43
39 6
46 31
54 31
44 38
19 18
50 32
32 20
35 1
42 14
54 23
49 47
17 16
19 2
30 3
51 26
51 25
32 17
34 25
36 26
41 27
33 13
52 6
24 23
32 19
50 41
25 3
17 3
30 18
51 47
6 5
44 43
51 43
45 43
24 9
28 3
38 34
22 17
51 17
35 14
20 13
29 5
40 8
28 10
52 31
36 12
21 19
39 19
27 18
34 33
48 7
48 32
51 15
41 30
54 6
13 12
54 41
54 18
30 0
24 20
24 6
47 25
52 5
9 4
38 11
42 30
6 3
41 33
51 14
49 42
37 3
35 15
54 47
50 13
25 0
40 31
25 24
37 14
19 17
39 2
26 19
49 35
41 29
32 22
54 51
41 40
54 32
51 35
52 40
48 9
42 10
25 10
31 30
19 0
51 19
22 18
34 19
6 1
31 5
35 8
42 27
42 29
22 21
43 2
40 21
54 46
11 4
45 32
11 0
42 31
31 9
46 2
53 31
42 19
54 5
48 45
36 10
50 42
34 27
46 38
38 22
26 11
26 18
29 6
32 21
33 26
54 29
53 9
50 19
48 5
31 17
47 35
23 3
14 5
49 4
51 40
54 9
33 7
24 18
52 49
33 24
51 37
53 11
20 3
31 18
54 30
54 2
11 9
31 25
32 5
29 16
40 27
41 15
26 0
35 26
44 20
32 13
35 29
50 8
40 34
27 25
43 6
44 33
48 10
38 21
32 25
50 35
30 27
37 2
36 32
47 20
40 25
49 34
17 10
48 0
47 27
40 30
31 7
25 5
23 18
47 0
50 9
22 11
36 19
41 24
45 15
36 30
12 5
44 37
23 21
23 10
53 46
53 40
26 6
54 38
26 20
19 14
52 36
22 20
48 28
45 31
54 36
20 14
52 30
46 40
54 13
21 14
54 33
18 14
52 14
40 16
46 10
45 7
25 6
34 4
50 4
25 16
23 9
46 41
28 12
36 20
40 4
48 17
42 28
21 16
46 15
30 6
41 23
15 14
26 24
3 2
23 8
52 45
29 10
31 4
48 14
51 33
44 14
41 5
46 42
42 2
44 28
23 12
38 6
40 3
37 10
41 12
13 3
29 17
47 31
47 40
21 13
18 5
23 0
52 12
33 5
45 22
48 37
51 42
46 7
30 25
30 1
44 15
46 27
15 10
52 25
40 11
42 22
27 16
28 20
9 1
41 1
16 10
36 6
41 21
51 27
31 23
40 33
30 20
47 30
13 1
49 32
51 34
30 15
50 27
36 29
35 21
25 8
12 9
16 4
19 15
52 2
24 8
29 4
48 36
17 7
41 10
30 14
47 22
34 1
51 44
47 38
54 16
14 2
34 11
21 8
53 20
25 19
28 22
54 48
23 16
14 9
49 27
54 44
35 9
38 25
43 41
53 22
50 34
52 34
15 13
30 17
48 8
27 23
41 16
31 10
14 8
2 0
52 37
18 17
27 13
46 11
42 9
54 1
45 44
50 22
49 33
33 21
33 28
48 12
3 0
37 7
30 11
5 4
44 41
46 39
40 32
24 19
44 18
53 47
21 15
48 33
54 40
50 23
43 11
42 37
43 31
20 7
47 36
54 19
31 22
53 43
27 9
52 28
35 30
8 3
32 12
49 10
16 3
40 6
42 0
54 27
39 14
30 21
35 12
50 36
33 19
29 15
21 17
4 1
39 27
25 2
37 23
38 19
39 17
53 37
54 50
47 14
34 16
49 41
51 9
37 22
44 31
30 4
18 15
41 25
43 21
32 14
26 4
15 11
35 5
33 17
49 20
22 4
16 0
33 22
49 15
47 24
49 8
21 11
45 0
36 11
42 26
15 7
41 4
36 0
20 6
20 15
32 31
47 21
22 0
46 13
20 10
4 2
31 20
30 2
54 45
39 10
34 9
37 20
50 39
44 27
47 17
50 49
11 7
24 1
47 11
47 26
22 9
52 38
16 2
41 0
49 44
46 37
54 15
47 34
43 25
46 26
43 10
47 4
13 9
50 0
18 1
13 10
33 0
40 13
18 10
49 2
31 11
36 15
48 22
27 11
49 21
15 6
14 7
34 5
46 1
19 1
9 0
15 4
19 3
35 19
24 21
29 25
40 5
38 27
43 12
22 12
32 30
46 29
54 25
47 19
29 20
42 33
52 0
37 12
30 12
38 15
16 5
33 18
51 49
53 2
52 29
37 29
30 9
30 8
47 5
49 45
41 18
46 43
37 4
47 33
17 9
21 3
51 31
26 12
45 27
48 30
44 35
29 0
22 2
30 5
27 20
20 1
44 30
39 20
48 41
17 4
14 6
38 31
9 3
46 23
40 24
51 8
16 12
37 34
42 20
51 48
46 19
43 40
27 7
8 4
37 26
54 12
10 7
53 34
27 4
38 9
41 11
19 8
21 20
34 21
39 26
43 17
24 5
45 29
36 18
42 8
22 14
17 1
41 35
24 10
27 24
40 26
26 16
48 34
31 1
44 17
46 20
28 5
50 28
46 0
51 21
38 10
49 38
50 6
33 10
20 17
54 7
53 7
21 10
37 13
27 15
25 4
32 2
39 31
41 28
41 14
1 0
26 7
45 40
23 14
27 22
28 27
53 4
23 6
48 46
8 0
26 3
17 15
19 13
31 14
37 33
46 5
7 0
29 3
27 21
51 1
29 23
36 33
48 39
35 10
54 8
33 3
52 20
30 7
41 17
32 4
46 6
7 3
46 34
38 28
28 8
14 11
44 7
36 27
17 13
38 32
29 21
54 34
47 8
45 35
5 0
52 43
40 17
50 3
10 8
21 18
53 39
48 19
48 21
38 30
26 25
43 13
48 15
41 26
26 15
54 3
40 23
7 2
39 30
29 27
37 9
46 36
38 16
53 23
32 7
36 4
17 0
36 17
35 23
53 45
17 14
48 27
35 25
35 22
54 53
47 16
52 48
41 13
53 0
52 24
21 9
35 6
41 3
50 48
48 35
36 5
51 20
42 41
26 17
45 41
34 14
49 5
19 4
48 40
47 3
14 13
39 36
51 46
31 28
54 20
40 39
34 30
4 0
45 14
24 13
43 4
45 26
21 1
39 22
52 16
26 1
40 7
39 33
10 9
13 6
28 21
24 7
28 26
45 6
17 11
35 16
40 20
35 32
45 10
44 4
37 24
27 17
7 5
44 29
39 5
23 4
34 23
45 8
42 6
13 11
43 29
44 11
23 15
48 44
32 24
44 23
52 32
19 12
15 8
14 10
5 2
46 33
36 24
34 8
50 5
31 15
52 21
9 5
54 49
31 2
36 3
19 7
23 7
45 38
17 2
31 16
38 33
18 3
14 1
53 15
54 22
49 3
35 31
32 18
12 11
30 23
5 3
29 7
40 29
34 3
51 16
41 31
47 46
44 6
33 31
38 4
53 12
16 8
33 32
35 4
48 4
37 5
25 13
42 11
40 36
45 20
38 20
10 1
46 18
28 24
51 50
27 6
44 40
33 1
29 12
8 2
32 8
36 14
45 18
26 2
45 37
25 1
43 26
30 10
49 16
32 28
52 50
41 22
43 28
43 8
35 7
42 24
45 5
50 7
52 4
50 25
48 26
42 32
28 14
32 3
20 16
44 13
54 37
20 5
41 34
36 31
29 18
12 6
32 27
42 39
40 38
23 20
27 0
33 30
53 52
29 19
48 43
44 9
18 0
45 24
18 6
44 24
39 16
33 12
49 36
16 9
11 10
17 6
49 13
16 7
42 35
53 36
41 7
39 1
9 2
43 32
15 3
38 8
45 34
34 18
48 25
46 8
27 3
53 1
43 38
42 13
43 15
16 13
52 13
39 0
34 29
30 13
44 21
34 13
44 36
50 37
46 44
17 8
42 25
38 36
39 35
3 1
34 26
38 23
54 24
34 6
44 39
18 16
37 17
32 1
38 13
18 2
50 16
33 2
19 5
35 28
51 2
36 28
42 4
47 29
35 3
36 23
48 2
43 22
27 12
50 14
52 9
28 23
11 8
51 6
34 7
43 3
43 30
53 14
43 23
43 37
45 28
52 41
54 28
31 19
22 5
45 13
48 11
15 5
51 4
24 16
38 12
19 11
46 35
50 2
45 4
25 9
40 15
44 8
52 35
10 5
51 0
47 32
30 24
25 21
20 19
35 18
49 23
22 13
37 16
49 12
50 30
8 6
47 9
47 37
52 39
27 8
9 6
22 1
53 28
35 13
25 23
51 22
48 1
49 40
42 38
38 24
51 18
38 2
43 1
46 45
53 48
53 27
52 3
49 1
12 8
53 41
5 1
22 15
21 6
52 46
26 8
25 15
52 1
51 12
23 1
48 6
49 43
27 14
16 6
39 38
53 33
46 32
49 31
42 17
51 41
54 35
50 12
43 39
28 1
43 33
46 17
53 19
49 30
10 4
24 14
41 39
40 35
19 10
42 23
27 2
50 31
51 5
20 4
29 9
51 10
37 0
34 20
28 2
54 21
28 6
13 2
50 17
43 18
6 0
43 0
48 16
38 18
25 20
35 34
52 18
24 17
41 38
35 33
13 8
53 21
33 6
28 7
53 42
39 7
37 31
53 26
39 34
28 0
25 22
51 30
33 9
39 13
34 12
48 13
44 32
26 9
24 12
44 3
48 18
41 8
50 20
44 1
41 36
25 12
50 1
26 10
54 11
23 22
36 25
44 34
41 20
43 19
39 32
28 19
34 31
24 22
33 16
21 4
35 27
37 28
19 6
31 8
37 15
53 49
43 36
43 24
49 7
31 24
52 33
40 9
26 13
34 15
51 38
46 30
45 9
22 10
43 27
47 28
53 6
45 2
39 25
22 16
53 13
52 26
39 21
51 7
31 6
12 7
45 11
38 0
29 1
54 4
38 26
32 16
51 13
37 19
4 3
40 10
42 16
54 14
54 0
6 2
40 28
42 15
43 20
15 12
37 8
18 12
18 13
45 16
39 24
47 41
21 2
40 14
39 15
19 9
17 12
45 1
12 3
42 3
50 38
48 47
36 22
45 23
47 10
30 19
29 22
48 20
24 11
47 18
47 2
14 3
25 11
35 0
32 23
49 6
20 8
41 32
32 9
53 44
22 3
39 3
36 7
28 18
22 6
45 3
32 26
51 32
18 9
15 0
28 16
52 47
25 14
45 42
47 45
33 20
45 36
52 7
53 25
39 12
50 40
46 9
36 16
7 6
45 19
35 20
45 17
50 29
11 2
34 22
42 5
40 0
47 39
29 11
34 10
35 2
46 16
36 2
44 12
50 11
45 30
48 24
50 46
49 22
37 27
27 26
20 9
52 44
51 45
33 11
37 25
24 2
34 2
31 28
46 40
40 26
31 4
43 27
40 34
31 21
37 11
24 8
43 29
35 24
34 28
28 15
44 3
38 29
13 5
17 4
17 16
18 11
41 11
14 8
41 39
40 17
48 24
36 35
32 17
39 10
46 11
20 11
12 7
39 13
15 3
12 9
23 8
49 37
49 17
34 3
33 24
37 9
11 6
27 15
39 3
19 18
38 28
33 32
32 8
48 4
17 1
40 27
49 30
41 0
48 28
30 19
21 0
38 15
26 2
43 37
12 10
45 9
18 0
30 8
9 4
44 35
31 8
49 12
32 10
25 8
36 30
25 15
40 29
29 8
42 10
20 15
48 40
26 8
24 2
40 36
31 13
5 1
47 2
33 13
20 9
47 34
17 15
32 0
47 30
48 27
25 1
16 15
48 19
39 32
43 2
10 7
39 21
43 31
48 47
19 14
21 10
34 7
48 7
38 25
13 7
47 1
7 4
19 6
48 14
10 2
41 26
32 21
43 15
45 19
24 11
30 14
11 0
48 29
27 26
44 16
28 10
23 22
41 8
34 6
20 2
38 12
23 5
38 8
45 39
27 5
39 36
42 41
28 19
41 40
45 35
36 10
37 35
42 34
48 6
38 30
26 14
47 38
35 31
36 14
46 19
49 7
11 10
47 36
30 12
4 2
38 13
47 19
22 10
29 23
42 8
12 2
38 36
38 11
25 6
15 6
39 27
43 20
19 10
47 24
37 21
38 1
30 28
49 15
28 26
32 15
16 1
14 1
35 15
26 15
22 0
38 2
39 9
44 41
34 0
13 8
39 2
28 12
7 5
45 38
46 5
43 24
14 2
49 0
37 1
34 12
42 7
16 10
46 6
24 7
38 27
38 18
42 24
49 13
31 30
40 28
46 32
45 14
32 20
