40 780 50 200
15 5
24 14
37 35
12 3
33 32
31 3
38 3
24 17
18 11
26 25
33 30
25 22
27 10
2 1
34 6
24 5
35 7
27 24
36 13
38 17
34 28
37 26
29 14
34 17
27 12
20 2
33 23
33 31
14 13
21 3
27 1
29 21
33 15
34 24
28 18
15 9
36 9
38 12
20 11
24 4
12 0
37 6
29 0
34 13
23 6
19 5
15 1
39 32
26 3
23 17
38 20
18 12
39 9
9 7
28 13
20 12
10 4
15 0
17 13
25 18
28 9
28 11
17 5
29 2
31 21
38 37
38 14
8 5
33 29
37 36
7 4
38 15
38 7
36 3
13 4
29 28
33 14
38 5
23 2
24 11
7 2
34 10
35 18
6 4
16 6
9 8
37 32
16 11
26 7
30 13
22 7
23 11
30 19
35 4
18 4
33 27
39 8
38 16
30 8
19 8
33 8
35 24
19 9
36 24
26 14
31 27
28 17
31 26
36 8
15 8
14 1
10 3
11 6
32 10
20 0
12 1
31 19
37 21
34 29
32 18
37 30
33 16
12 8
26 12
34 0
38 18
31 15
35 17
29 13
25 9
25 1
16 5
29 1
32 0
19 16
10 5
27 17
37 34
22 13
35 28
39 24
30 22
37 18
39 28
28 23
31 29
35 25
22 5
38 29
17 11
22 2
39 20
23 13
33 4
21 0
18 8
18 3
19 7
38 0
13 0
13 7
16 15
36 1
27 5
28 19
39 4
24 0
39 29
29 8
39 36
7 1
8 1
8 6
32 2
22 19
39 21
25 20
33 25
20 5
28 4
32 24
37 31
26 21
39 11
21 7
26 10
16 1
14 3
24 2
23 19
36 34
30 28
17 14
29 26
33 3
20 18
12 4
38 1
36 35
39 37
32 4
4 3
11 5
19 4
29 24
16 8
38 35
31 0
30 24
24 13
32 29
7 5
30 26
24 3
22 14
31 13
28 25
10 0
27 8
26 2
28 15
27 22
39 33
13 5
18 7
20 8
14 12
34 32
12 10
35 11
32 6
24 15
21 5
21 9
32 26
37 1
36 21
31 12
21 12
39 23
30 16
21 4
38 4
30 29
32 15
10 2
26 22
39 16
17 12
34 20
26 15
35 10
39 18
38 10
25 12
24 16
8 7
32 11
11 3
27 2
35 20
14 0
37 33
26 5
31 8
37 11
16 14
25 15
36 17
35 22
28 6
14 4
27 19
5 3
39 15
38 24
25 13
25 7
22 8
23 5
28 27
11 1
21 18
35 3
25 17
32 1
14 11
15 12
12 2
35 32
10 6
15 2
32 27
26 23
33 12
39 6
13 11
27 15
39 22
19 18
26 8
32 20
35 1
23 14
36 16
22 15
17 16
19 2
30 3
7 3
6 0
32 17
34 25
36 26
27 20
33 13
11 10
24 23
32 19
39 38
25 3
17 3
30 18
33 9
6 5
10 9
39 34
23 7
24 9
28 3
38 34
22 17
37 0
35 14
20 13
29 5
30 9
28 10
5 0
36 12
21 19
39 19
27 18
34 33
9 2
38 36
29 9
31 1
28 26
13 12
14 10
18 16
30 0
24 20
24 6
36 31
10 7
9 4
38 11
37 9
6 3
28 5
20 4
27 0
37 3
35 15
20 9
13 2
25 0
17 4
25 24
37 14
19 17
39 2
26 19
35 16
3 1
32 22
37 25
33 10
30 12
13 8
34 2
15 3
21 20
25 10
31 30
19 0
28 2
22 18
34 19
6 1
31 5
35 8
7 0
27 21
22 21
38 28
17 8
27 26
11 4
10 1
11 0
29 23
31 9
38 33
28 21
33 2
22 6
30 7
36 10
21 10
34 27
26 1
38 22
26 11
26 18
29 6
32 21
33 26
11 2
37 19
38 2
22 16
31 17
29 19
23 3
14 5
10 8
39 7
18 9
33 7
24 18
19 6
33 24
33 6
32 28
20 3
31 18
34 22
39 3
11 9
31 25
32 5
29 16
20 1
34 21
26 0
35 26
34 14
32 13
35 29
9 6
9 3
27 25
36 27
39 12
38 8
38 21
32 25
39 25
30 27
37 2
36 32
20 16
30 5
21 6
17 10
17 6
12 6
37 17
31 7
25 5
23 18
24 22
22 1
22 11
36 19
17 2
39 5
36 30
12 5
21 1
23 21
23 10
25 11
29 22
26 6
36 2
26 20
19 14
26 13
22 20
39 1
5 2
35 2
20 14
23 4
29 12
25 14
21 14
18 2
18 14
36 25
17 9
12 11
16 7
25 6
34 4
38 32
25 16
23 9
8 2
28 12
36 20
34 12
36 4
29 3
21 16
34 3
30 6
17 1
15 14
26 24
3 2
23 8
24 7
29 10
31 4
35 31
31 6
34 26
8 4
32 8
32 16
31 28
23 12
38 6
33 18
37 10
38 9
13 3
29 17
23 20
18 6
21 13
18 5
23 0
28 16
33 5
35 6
7 6
21 2
37 13
30 25
30 1
36 5
37 5
15 10
37 28
20 19
17 15
27 16
28 20
9 1
39 13
16 10
36 6
39 31
12 7
31 23
38 31
30 20
16 12
13 1
19 11
35 33
30 15
16 13
36 29
35 21
25 8
12 9
16 4
19 15
24 12
24 8
29 4
38 23
17 7
27 4
30 14
19 13
34 1
28 0
18 0
33 20
14 2
34 11
21 8
37 8
25 19
28 22
38 26
23 16
14 9
34 8
22 10
35 9
38 25
35 23
18 13
26 9
31 24
15 13
30 17
29 27
27 23
39 26
31 10
14 8
2 0
34 15
18 17
27 13
30 23
26 16
22 3
9 5
32 23
28 24
33 21
33 28
34 18
3 0
37 7
30 11
5 4
37 29
33 1
14 6
24 19
26 17
35 0
21 15
39 35
35 13
37 4
36 7
34 31
39 30
20 7
38 13
30 10
31 22
28 14
27 9
37 15
35 30
8 3
32 12
11 8
16 3
36 23
20 17
34 23
39 14
30 21
35 12
23 1
33 19
29 15
21 17
4 1
39 27
25 2
37 23
38 19
39 17
23 15
33 11
31 2
34 16
28 1
19 10
37 22
34 30
30 4
18 15
24 10
23 22
32 14
26 4
15 11
35 5
33 17
32 7
22 4
16 0
33 22
34 7
5 1
38 30
21 11
13 6
36 11
6 2
15 7
27 7
36 0
20 6
20 15
32 31
25 23
22 0
29 7
20 10
4 2
31 20
30 2
37 27
39 10
34 9
37 20
27 14
35 34
36 33
17 0
11 7
24 1
31 14
29 18
22 9
28 7
16 2
8 0
25 21
27 6
16 9
32 9
27 3
36 22
29 11
28 8
13 9
37 16
18 1
13 10
33 0
36 14
18 10
36 28
31 11
36 15
39 0
27 11
19 12
15 6
14 7
34 5
31 16
19 1
9 0
15 4
19 3
35 19
24 21
29 25
37 24
38 27
35 27
22 12
32 30
1 0
25 4
32 3
29 20
36 18
4 0
37 12
47 36
38 33
12 11
37 24
46 33
18 4
37 32
17 6
26 12
44 5
35 30
28 18
43 13
40 9
36 7
43 25
40 13
15 14
30 9
46 25
28 12
22 9
27 18
19 0
46 37
46 8
43 36
15 9
47 29
9 4
24 20
37 17
48 31
48 22
28 14
19 3
25 6
34 3
49 16
24 23
28 7
49 27
46 30
47 12
36 11
26 20
16 3
27 25
49 11
14 7
24 19
13 3
46 9
43 12
30 8
17 7
27 12
23 17
27 7
42 11
22 15
42 22
10 0
31 2
26 16
11 3
11 6
6 0
20 15
8 7
47 21
21 20
34 11
45 27
45 35
23 8
20 13
11 8
9 5
28 2
25 23
22 0
38 17
36 30
21 15
49 33
46 27
39 24
44 25
22 12
16 10
20 2
36 31
40 30
48 41
27 1
41 23
33 30
39 17
22 19
45 7
41 19
45 25
29 3
49 24
39 13
48 32
25 14
29 15
39 10
33 17
41 5
26 22
42 23
38 4
47 23
46 15
28 1
43 29
23 9
46 34
34 15
22 8
15 5
45 10
12 9
28 10
32 26
35 7
45 24
16 11
43 37
35 12
36 14
26 13
25 11
49 44
47 17
45 12
44 6
43 17
28 5
38 6
31 25
49 3
49 8
36 13
21 9
45 5
32 4
37 0
46 10
48 45
24 0
24 3
49 29
3 0
14 4
2 1
45 14
45 38
32 13
38 0
42 27
6 3
12 4
22 2
15 13
39 9
23 5
49 36
7 0
24 11
47 35
13 1
40 32
33 2
36 6
49 21
47 43
39 36
30 15
37 20
29 27
45 18
30 17
39 34
45 33
45 40
3 1
40 21
29 14
49 4
44 23
26 14
41 8
23 6
41 3
35 9
36 2
