60 1770 50 200
49 28
49 14
37 35
59 57
46 24
31 3
38 3
48 3
18 11
49 19
49 37
45 39
27 10
57 53
59 24
40 12
53 38
49 18
36 13
38 17
56 35
56 16
29 14
58 48
49 9
20 2
33 23
58 34
44 25
53 18
27 1
43 9
33 15
34 24
53 5
15 9
36 9
50 44
20 11
24 4
12 0
37 6
45 21
57 28
42 18
59 21
15 1
40 18
57 29
23 17
50 43
51 36
58 5
57 16
28 13
20 12
53 8
54 10
55 19
25 18
28 9
28 11
17 5
29 2
31 21
38 37
38 14
8 5
56 6
37 36
7 4
40 1
38 7
57 41
13 4
29 28
33 14
38 5
23 2
51 39
49 17
50 47
49 46
6 4
44 16
9 8
37 32
16 11
42 12
54 42
22 7
58 14
52 17
55 18
18 4
33 27
39 8
55 25
49 39
43 5
33 8
35 24
55 29
45 33
26 14
31 27
28 17
59 28
36 8
58 56
46 4
10 3
11 6
32 10
20 0
12 1
49 24
37 21
48 23
47 15
37 30
52 22
55 2
40 19
34 0
57 8
54 17
35 17
56 54
47 44
47 1
40 2
50 45
32 0
19 16
50 15
45 12
53 16
49 48
49 0
53 24
30 22
58 27
39 28
52 10
31 29
44 2
49 25
38 29
47 12
52 51
46 14
23 13
33 4
21 0
18 8
46 3
41 2
55 47
13 0
59 55
16 15
56 47
27 5
52 19
39 4
24 0
39 29
29 8
44 26
58 31
8 1
43 16
56 4
59 50
47 6
51 29
58 26
47 23
28 4
45 25
54 43
26 21
57 46
21 7
52 11
16 1
43 42
54 52
23 19
36 34
30 28
44 0
58 30
56 13
20 18
12 4
38 1
36 35
39 37
42 40
53 10
11 5
44 22
55 37
40 37
56 40
55 27
41 9
59 5
32 29
49 26
30 26
24 3
47 7
31 13
28 25
10 0
47 13
50 21
28 15
53 17
44 42
13 5
18 7
57 37
14 12
34 32
12 10
35 11
32 6
24 15
59 46
44 10
42 1
37 1
36 21
31 12
21 12
39 23
30 16
58 25
57 1
30 29
32 15
59 9
26 22
47 42
53 30
50 18
52 42
42 34
39 18
41 37
49 11
49 29
55 0
32 11
11 3
51 11
54 26
14 0
48 31
58 29
52 27
37 11
16 14
57 19
58 39
50 24
52 8
14 4
27 19
46 12
50 10
56 38
46 28
59 27
22 8
55 41
46 22
11 1
51 24
43 34
25 17
48 42
40 22
51 3
55 44
48 29
10 6
15 2
43 14
26 23
47 43
57 26
46 31
54 31
44 38
19 18
50 32
32 20
35 1
58 40
54 23
49 47
17 16
19 2
30 3
51 26
51 25
32 17
34 25
57 48
41 27
55 45
57 9
24 23
59 47
50 41
25 3
17 3
30 18
51 47
55 53
44 43
57 51
59 4
24 9
28 3
38 34
22 17
51 17
35 14
20 13
29 5
40 8
28 10
52 31
36 12
21 19
39 19
27 18
34 33
58 16
48 32
51 15
41 30
54 6
13 12
54 41
54 18
57 45
24 20
24 6
47 25
59 44
9 4
38 11
42 30
6 3
41 33
51 14
59 6
37 3
35 15
54 47
50 13
25 0
40 31
57 32
37 14
58 41
39 2
57 22
59 16
41 29
32 22
55 11
41 40
54 32
51 35
52 40
48 9
42 10
25 10
31 30
19 0
59 15
55 15
34 19
6 1
31 5
35 8
42 27
42 29
22 21
43 2
40 21
54 46
11 4
45 32
11 0
56 22
31 9
46 2
53 31
42 19
54 5
48 45
36 10
50 42
57 18
46 38
38 22
26 11
26 18
29 6
32 21
33 26
54 29
53 9
50 19
48 5
31 17
47 35
23 3
14 5
49 4
51 40
54 9
33 7
24 18
56 46
33 24
51 37
53 11
20 3
31 18
54 30
54 2
11 9
31 25
59 3
29 16
55 16
41 15
26 0
35 26
44 20
32 13
35 29
59 35
58 50
57 55
43 6
44 33
48 10
38 21
32 25
50 35
30 27
37 2
55 3
47 20
40 25
49 34
17 10
48 0
47 27
40 30
31 7
25 5
23 18
47 0
56 5
22 11
36 19
41 24
45 15
36 30
12 5
44 37
23 21
23 10
53 46
55 1
26 6
54 38
26 20
19 14
58 21
22 20
48 28
45 31
54 36
20 14
52 30
58 2
54 13
21 14
54 33
18 14
52 14
40 16
46 10
45 7
25 6
56 42
50 4
25 16
23 9
46 41
28 12
36 20
55 36
48 17
42 28
21 16
46 15
56 1
41 23
15 14
59 10
3 2
23 8
52 45
29 10
31 4
48 14
57 44
44 14
41 5
46 42
42 2
44 28
23 12
38 6
40 3
37 10
41 12
13 3
57 40
47 31
47 40
59 13
18 5
23 0
52 12
33 5
45 22
48 37
56 15
46 7
30 25
30 1
56 51
46 27
15 10
52 25
40 11
42 22
27 16
28 20
9 1
41 1
16 10
36 6
41 21
51 27
31 23
40 33
30 20
58 1
13 1
49 32
51 34
30 15
50 27
36 29
35 21
25 8
12 9
16 4
58 42
52 2
24 8
55 34
48 36
17 7
41 10
30 14
47 22
34 1
51 44
47 38
54 16
14 2
34 11
21 8
53 20
25 19
28 22
56 18
56 7
14 9
49 27
59 36
35 9
38 25
57 50
53 22
57 15
52 34
15 13
30 17
48 8
27 23
41 16
31 10
14 8
57 17
52 37
18 17
27 13
46 11
42 9
54 1
58 11
50 22
49 33
33 21
59 38
55 4
3 0
37 7
30 11
5 4
44 41
57 31
40 32
24 19
44 18
53 47
21 15
48 33
54 40
50 23
43 11
55 8
43 31
20 7
57 11
54 19
57 30
53 43
27 9
52 28
35 30
8 3
32 12
57 14
16 3
58 38
42 0
54 27
57 38
30 21
35 12
50 36
33 19
29 15
21 17
4 1
39 27
56 39
37 23
38 19
39 17
59 40
58 8
57 2
34 16
49 41
51 9
37 22
44 31
30 4
55 22
59 29
43 21
32 14
26 4
15 11
55 35
33 17
49 20
22 4
16 0
33 22
49 15
47 24
49 8
21 11
45 0
36 11
42 26
15 7
41 4
36 0
20 6
20 15
32 31
59 43
22 0
46 13
20 10
4 2
31 20
30 2
54 45
57 47
34 9
37 20
50 39
57 13
47 17
50 49
11 7
24 1
47 11
47 26
22 9
52 38
16 2
41 0
49 44
46 37
54 15
47 34
43 25
58 52
43 10
47 4
13 9
50 0
18 1
13 10
33 0
59 41
18 10
49 2
31 11
36 15
48 22
27 11
55 30
56 2
14 7
34 5
59 31
19 1
9 0
15 4
19 3
35 19
24 21
29 25
40 5
38 27
43 12
22 12
57 54
46 29
54 25
47 19
29 20
42 33
52 0
37 12
30 12
38 15
56 48
33 18
51 49
53 2
52 29
37 29
30 9
30 8
59 33
49 45
41 18
46 43
37 4
47 33
17 9
21 3
51 31
26 12
45 27
48 30
44 35
29 0
22 2
30 5
56 44
20 1
44 30
56 52
58 35
17 4
14 6
38 31
9 3
46 23
40 24
51 8
16 12
55 48
57 5
51 48
57 0
43 40
27 7
56 33
37 26
54 12
10 7
59 52
27 4
55 28
41 11
19 8
21 20
34 21
39 26
43 17
24 5
45 29
36 18
42 8
22 14
58 13
41 35
24 10
27 24
59 0
26 16
48 34
31 1
44 17
55 24
28 5
50 28
46 0
51 21
59 23
49 38
50 6
33 10
20 17
54 7
53 7
21 10
37 13
27 15
25 4
32 2
39 31
41 28
58 28
58 49
26 7
45 40
23 14
27 22
28 27
57 35
23 6
59 2
8 0
26 3
17 15
19 13
31 14
37 33
46 5
7 0
29 3
27 21
51 1
29 23
36 33
48 39
59 42
54 8
33 3
52 20
30 7
41 17
32 4
46 6
7 3
46 34
38 28
28 8
14 11
44 7
36 27
17 13
38 32
29 21
54 34
56 41
45 35
5 0
52 43
40 17
50 3
56 8
56 36
53 39
48 19
48 21
57 27
26 25
43 13
48 15
41 26
26 15
54 3
40 23
7 2
39 30
29 27
37 9
46 36
38 16
53 23
32 7
36 4
17 0
56 30
35 23
53 45
17 14
48 27
35 25
35 22
54 53
57 4
52 48
41 13
56 10
52 24
21 9
35 6
55 51
50 48
48 35
36 5
51 20
42 41
26 17
45 41
55 7
56 23
19 4
48 40
47 3
14 13
55 14
51 46
31 28
54 20
40 39
34 30
4 0
45 14
24 13
55 42
57 33
21 1
39 22
52 16
26 1
40 7
39 33
10 9
13 6
28 21
24 7
28 26
57 43
17 11
35 16
40 20
56 32
45 10
44 4
37 24
27 17
7 5
44 29
57 49
23 4
34 23
45 8
42 6
13 11
43 29
44 11
23 15
48 44
32 24
44 23
56 37
19 12
15 8
14 10
5 2
46 33
36 24
34 8
50 5
31 15
52 21
9 5
54 49
31 2
36 3
56 19
23 7
45 38
17 2
31 16
56 3
18 3
14 1
59 25
54 22
49 3
35 31
32 18
12 11
57 12
5 3
56 25
40 29
34 3
51 16
41 31
47 46
44 6
56 17
38 4
53 12
16 8
33 32
35 4
48 4
37 5
25 13
42 11
40 36
45 20
38 20
10 1
46 18
28 24
59 26
27 6
44 40
33 1
29 12
8 2
32 8
36 14
45 18
26 2
45 37
25 1
43 26
30 10
49 16
32 28
52 50
41 22
43 28
43 8
58 6
42 24
45 5
50 7
52 4
50 25
48 26
42 32
28 14
57 23
20 16
44 13
54 37
20 5
41 34
36 31
29 18
12 6
32 27
59 30
40 38
56 43
27 0
58 18
53 52
29 19
48 43
58 32
58 19
45 24
18 6
44 24
39 16
56 49
55 5
16 9
57 34
17 6
49 13
16 7
42 35
53 36
41 7
39 1
9 2
43 32
15 3
38 8
45 34
34 18
48 25
46 8
27 3
58 44
59 8
42 13
43 15
16 13
52 13
39 0
34 29
30 13
44 21
34 13
44 36
50 37
46 44
17 8
42 25
38 36
39 35
3 1
34 26
58 20
54 24
34 6
44 39
18 16
37 17
32 1
38 13
18 2
50 16
33 2
19 5
35 28
51 2
36 28
42 4
56 0
35 3
59 19
48 2
43 22
55 13
50 14
52 9
28 23
58 23
51 6
34 7
43 3
43 30
53 14
43 23
43 37
59 58
52 41
54 28
31 19
22 5
45 13
48 11
15 5
51 4
24 16
38 12
19 11
46 35
57 24
45 4
25 9
40 15
44 8
52 35
10 5
51 0
47 32
30 24
25 21
20 19
35 18
49 23
55 33
37 16
49 12
50 30
8 6
47 9
47 37
52 39
55 12
58 46
22 1
53 28
35 13
25 23
56 55
58 24
49 40
42 38
38 24
51 18
38 2
43 1
46 45
53 48
53 27
52 3
49 1
12 8
53 41
5 1
22 15
21 6
52 46
26 8
25 15
52 1
51 12
23 1
48 6
49 43
27 14
16 6
39 38
53 33
59 12
49 31
59 18
51 41
54 35
50 12
43 39
28 1
43 33
46 17
53 19
55 31
10 4
58 55
41 39
40 35
19 10
42 23
27 2
50 31
51 5
20 4
56 45
51 10
37 0
56 24
55 10
54 21
28 6
13 2
50 17
43 18
6 0
43 0
48 16
59 22
58 22
35 34
52 18
56 26
41 38
35 33
13 8
53 21
33 6
28 7
53 42
39 7
37 31
53 26
39 34
28 0
56 12
51 30
33 9
39 13
34 12
48 13
44 32
26 9
24 12
44 3
48 18
41 8
50 20
44 1
41 36
59 51
50 1
26 10
54 11
23 22
36 25
56 28
41 20
43 19
39 32
28 19
34 31
24 22
33 16
21 4
35 27
37 28
19 6
31 8
37 15
56 50
55 21
57 36
58 47
31 24
52 33
40 9
26 13
34 15
51 38
46 30
45 9
22 10
59 53
47 28
53 6
45 2
39 25
58 10
53 13
52 26
39 21
51 7
59 17
12 7
55 54
38 0
55 23
54 4
38 26
32 16
56 29
37 19
4 3
40 10
59 56
54 14
54 0
6 2
40 28
42 15
43 20
15 12
37 8
57 42
18 13
55 52
39 24
47 41
21 2
40 14
39 15
19 9
17 12
57 25
55 40
42 3
56 53
48 47
36 22
45 23
47 10
30 19
29 22
48 20
24 11
47 18
47 2
14 3
57 7
35 0
32 23
49 6
20 8
41 32
32 9
55 46
22 3
39 3
36 7
28 18
56 14
45 3
32 26
51 32
18 9
15 0
28 16
57 20
58 3
45 42
47 45
33 20
45 36
52 7
53 25
58 33
50 40
46 9
36 16
7 6
56 21
55 38
45 17
50 29
11 2
34 22
42 5
40 0
47 39
58 0
34 10
35 2
46 16
36 2
44 12
57 39
45 30
48 24
50 46
49 22
37 27
27 26
20 9
58 51
51 45
55 39
37 25
57 56
55 9
8 7
53 40
50 26
36 32
48 12
49 36
52 36
34 14
59 32
34 2
28 2
54 51
27 8
27 12
39 36
22 18
40 27
46 25
58 12
55 43
41 19
43 36
59 54
29 1
46 20
43 35
51 28
31 0
38 9
53 29
49 21
49 30
44 19
22 13
29 4
35 5
40 4
29 24
35 20
33 11
12 3
23 5
43 4
43 7
59 45
33 13
53 44
58 37
37 34
50 2
56 9
41 3
45 16
6 5
45 11
47 29
30 6
57 52
38 33
42 7
50 9
33 29
23 16
10 8
59 34
53 0
45 28
25 22
42 36
22 6
51 42
41 6
33 31
54 48
19 7
54 50
45 19
42 31
56 34
34 20
29 7
24 17
38 18
55 50
51 13
58 17
42 39
35 32
8 4
49 5
34 28
21 18
52 32
51 23
25 2
38 35
47 8
34 4
23 20
59 1
29 9
52 49
36 1
16 5
57 10
53 49
44 15
39 20
50 38
29 13
51 22
59 7
46 21
59 48
54 44
47 16
42 20
50 34
25 11
55 26
52 6
33 12
47 36
30 23
44 27
49 10
57 6
9 7
2 0
34 27
50 33
52 47
32 3
26 19
57 21
55 49
45 1
39 6
38 30
44 5
42 21
31 22
46 39
25 24
45 26
11 10
53 4
43 24
53 50
59 20
50 11
29 17
55 32
18 12
45 6
51 33
30 0
39 11
39 10
36 26
39 5
43 41
51 43
15 6
2 1
32 30
27 25
24 2
29 11
47 30
59 37
25 14
18 15
39 9
35 7
40 34
56 20
48 38
22 16
45 44
55 17
17 1
59 14
35 10
58 57
36 17
33 30
58 54
38 23
55 6
25 20
58 36
48 1
52 23
58 45
37 18
41 14
26 5
29 26
7 1
44 9
39 12
53 51
48 41
11 8
53 3
40 6
54 39
42 14
19 17
19 15
39 14
53 1
33 25
9 6
49 7
34 17
1 0
58 7
52 44
46 26
53 15
18 0
24 14
55 20
48 7
40 26
59 11
48 46
32 5
45 43
52 15
49 42
46 19
43 38
10 2
26 24
27 20
46 32
21 13
23 11
51 19
49 35
31 6
42 17
36 23
59 39
53 35
56 27
38 10
58 9
58 53
51 50
25 7
31 26
41 25
56 31
46 1
42 37
47 5
44 34
50 8
57 3
46 40
33 28
58 43
53 37
40 13
58 15
47 21
52 5
12 2
21 5
32 19
47 14
13 7
22 19
25 12
53 34
43 27
58 4
59 49
42 16
53 32
56 11
43 23
30 8
13 7
42 3
43 26
27 8
32 13
27 0
27 16
36 31
39 14
31 21
9 3
30 10
43 35
10 1
46 17
32 26
30 12
31 9
41 36
37 16
45 28
37 11
40 22
35 24
49 48
34 1
20 16
19 1
29 6
44 36
10 0
2 1
49 41
31 14
37 24
14 4
34 16
44 13
36 4
28 10
46 2
15 13
43 1
42 11
44 12
40 37
39 20
49 20
18 1
21 3
46 14
28 18
45 1
42 6
33 20
30 21
23 5
28 6
34 22
34 21
9 2
26 17
42 41
27 19
39 28
30 18
46 29
49 35
47 43
6 5
24 4
38 22
47 35
44 6
39 35
24 16
48 35
35 25
46 1
34 19
41 17
38 36
45 7
42 12
32 14
41 37
31 25
46 19
11 3
24 22
32 27
38 16
35 15
8 3
21 4
18 13
36 29
22 4
41 7
29 3
24 19
48 18
24 9
40 36
18 6
38 10
24 5
48 47
23 4
44 11
40 3
33 13
21 13
36 32
46 27
45 21
42 35
22 8
44 10
39 15
46 15
37 20
46 11
28 27
34 27
17 5
9 7
26 4
25 18
44 37
19 2
12 10
25 24
43 32
32 29
25 20
48 42
22 1
11 5
14 10
45 16
33 12
40 9
48 15
22 19
21 8
47 46
39 24
46 13
49 31
28 23
30 14
45 24
44 0
14 9
5 1
27 22
40 14
40 32
40 21
36 28
27 25
38 24
33 17
46 32
20 0
45 37
38 32
29 15
38 13
15 7
14 11
39 0
47 37
15 4
35 12
27 1
42 8
36 26
45 34
45 29
15 2
27 17
49 17
44 28
41 19
2 0
42 13
42 0
29 27
12 6
24 15
39 22
44 5
31 15
17 14
17 8
26 11
