30 435 50 200
15 5
24 14
5 1
12 3
20 19
17 6
6 2
24 17
18 11
26 25
15 10
25 22
27 10
2 1
12 9
24 5
28 22
27 24
18 0
15 11
17 7
26 4
29 14
16 13
27 12
20 2
7 6
23 22
14 13
21 3
27 1
29 21
23 20
24 12
28 18
15 9
26 16
29 7
20 11
24 4
12 0
21 17
29 0
13 1
23 6
19 5
15 1
1 0
26 3
23 17
19 11
18 12
18 10
9 7
28 13
20 12
10 4
15 0
17 13
25 18
28 9
28 11
17 5
29 2
29 22
27 3
4 2
8 5
29 15
28 7
7 4
25 11
20 6
8 3
13 4
29 28
29 17
27 7
23 2
24 11
7 2
16 2
26 20
6 4
16 6
9 8
16 0
16 11
26 7
2 0
22 7
23 11
27 25
21 8
18 4
3 2
21 15
20 3
18 2
19 8
23 12
22 1
19 9
26 6
26 14
22 20
28 17
26 13
21 13
15 8
14 1
10 3
11 6
16 7
20 0
12 1
23 10
16 4
27 4
22 12
28 14
18 6
12 8
26 12
17 15
27 14
20 10
26 9
29 13
25 9
25 1
16 5
29 1
20 14
19 16
10 5
27 17
24 7
22 13
18 17
15 13
20 15
19 10
18 1
28 23
5 2
14 8
22 5
22 9
17 11
22 2
19 1
23 13
8 4
21 0
18 8
18 3
19 7
21 11
13 0
13 7
16 15
17 9
27 5
28 19
8 0
24 0
9 5
29 8
5 4
7 1
8 1
8 6
29 12
22 19
9 0
25 20
23 15
20 5
28 4
11 9
22 4
26 21
22 11
21 7
26 10
16 1
14 3
24 2
23 19
20 17
16 3
17 14
29 26
29 4
20 18
12 4
13 6
19 15
4 0
21 14
4 3
11 5
19 4
29 24
16 8
16 9
13 9
17 1
24 13
23 8
7 5
22 10
24 3
22 14
17 2
28 25
10 0
27 8
26 2
28 15
27 22
25 4
13 5
18 7
20 8
14 12
27 16
12 10
12 7
18 14
24 15
21 5
21 9
15 14
29 20
20 7
19 13
21 12
19 3
27 13
21 4
15 7
20 16
23 9
10 2
26 22
15 6
17 12
25 8
26 15
14 9
16 10
25 23
25 12
24 16
8 7
25 6
11 3
27 2
9 6
14 0
25 19
26 5
23 18
4 1
16 14
25 15
23 0
27 23
28 6
14 4
27 19
5 3
19 12
17 0
25 13
25 7
22 8
23 5
28 27
11 1
21 18
17 10
25 17
23 4
14 11
15 12
12 2
22 3
10 6
15 2
26 24
26 23
29 10
13 10
13 11
27 15
15 4
19 18
26 8
3 0
28 16
23 14
23 16
22 15
17 16
19 2
23 21
7 3
6 0
28 12
24 8
27 9
27 20
13 3
11 10
24 23
16 12
14 7
25 3
17 3
9 3
28 24
6 5
10 9
25 14
23 7
24 9
28 3
27 6
22 17
27 11
11 7
20 13
29 5
29 16
28 10
5 0
26 17
21 19
12 5
27 18
28 0
9 2
12 11
29 9
21 6
28 26
13 12
14 10
18 16
8 2
24 20
24 6
11 8
10 7
9 4
22 0
25 2
6 3
28 5
20 4
27 0
23 1
29 25
20 9
13 2
25 0
17 4
25 24
24 10
19 17
28 8
26 19
18 13
3 1
21 16
25 16
18 5
26 0
13 8
28 20
15 3
21 20
25 10
14 2
19 0
28 2
22 18
29 27
6 1
28 1
24 1
7 0
27 21
22 21
29 18
17 8
27 26
11 4
10 1
11 0
29 23
24 22
25 21
28 21
25 5
22 6
19 14
14 6
21 10
20 1
26 1
9 1
26 11
26 18
29 6
29 3
24 21
11 2
18 15
24 19
22 16
21 1
29 19
23 3
14 5
10 8
12 6
18 9
29 11
24 18
19 6
21 2
24 13
33 7
7 3
26 10
45 7
19 4
20 15
26 1
35 1
31 0
43 13
37 7
49 37
39 11
38 37
40 35
46 35
31 30
20 19
44 22
38 32
35 33
49 45
41 15
48 35
45 19
21 19
32 25
27 2
41 7
39 7
36 15
34 11
42 31
20 10
45 27
48 16
29 5
48 40
26 22
33 31
40 23
31 8
21 20
41 38
35 14
18 14
28 10
40 26
37 0
37 6
49 5
36 5
30 22
34 29
2 1
32 10
41 23
16 4
35 4
43 9
6 4
38 23
40 0
45 23
34 10
29 9
29 13
16 3
32 6
38 35
28 20
40 12
38 34
23 13
40 18
12 4
19 18
43 34
44 6
47 9
42 10
44 37
31 29
37 35
34 24
31 28
25 5
23 14
46 21
44 2
22 8
44 30
38 0
40 6
10 5
33 29
36 2
39 10
30 27
32 4
40 5
36 20
49 33
45 26
43 4
20 5
6 2
41 40
41 17
20 4
39 1
39 12
29 17
36 14
13 5
24 18
22 12
46 3
43 36
25 12
19 5
42 9
22 13
45 2
7 4
48 30
32 14
30 13
20 3
21 7
48 24
40 25
42 40
38 13
25 23
46 11
48 17
22 9
47 19
33 30
16 1
30 24
20 0
40 22
36 9
48 25
41 26
48 20
24 17
44 36
43 22
17 6
27 21
30 28
48 42
42 2
26 18
41 11
22 2
34 1
47 8
43 6
49 23
12 11
17 15
8 1
21 17
46 2
21 14
5 2
21 15
23 15
15 10
15 6
37 19
33 13
33 26
49 1
37 12
44 29
31 25
23 9
40 29
39 15
8 5
18 6
27 7
42 29
28 21
33 10
44 19
42 37
45 44
30 18
35 18
41 33
31 12
36 16
35 17
