45 990 50 200
15 5
24 14
37 35
12 3
33 32
31 3
38 3
42 35
18 11
43 23
40 15
25 22
27 10
2 1
34 6
40 12
35 7
43 26
36 13
38 17
34 28
41 6
29 14
34 17
27 12
20 2
33 23
41 32
44 25
43 20
27 1
43 9
33 15
34 24
28 18
15 9
36 9
38 12
20 11
24 4
12 0
37 6
43 29
44 5
42 18
19 5
15 1
40 18
42 21
23 17
38 20
18 12
39 9
9 7
28 13
20 12
10 4
15 0
43 7
25 18
28 9
28 11
17 5
29 2
31 21
38 37
38 14
8 5
33 29
37 36
7 4
40 1
38 7
44 19
13 4
29 28
33 14
38 5
23 2
24 11
43 30
34 10
35 18
6 4
44 16
9 8
37 32
16 11
42 12
30 13
22 7
23 11
43 19
35 4
18 4
33 27
39 8
43 35
40 9
43 5
33 8
35 24
19 9
36 24
26 14
31 27
28 17
31 26
36 8
41 19
14 1
10 3
11 6
32 10
20 0
12 1
31 19
37 21
34 29
41 31
37 30
33 16
12 8
40 19
34 0
38 18
31 15
35 17
29 13
25 9
25 1
40 2
42 17
32 0
19 16
10 5
27 17
40 28
22 13
35 28
39 24
30 22
37 18
39 28
28 23
31 29
44 2
22 5
38 29
17 11
41 39
40 29
23 13
33 4
21 0
18 8
18 3
41 2
38 0
13 0
13 7
16 15
36 1
27 5
28 19
39 4
24 0
39 29
29 8
44 26
7 1
8 1
43 16
42 7
22 19
39 21
25 20
33 25
20 5
28 4
32 24
37 31
26 21
39 11
21 7
26 10
16 1
43 42
24 2
23 19
36 34
30 28
44 0
29 26
42 36
20 18
12 4
38 1
36 35
39 37
42 40
4 3
11 5
44 22
29 24
40 37
38 35
31 0
41 9
44 34
32 29
7 5
30 26
24 3
41 22
31 13
28 25
10 0
27 8
26 2
28 15
42 15
44 42
13 5
18 7
20 8
14 12
34 32
12 10
35 11
32 6
24 15
21 5
44 10
42 1
37 1
36 21
31 12
21 12
39 23
30 16
21 4
38 4
30 29
32 15
10 2
26 22
39 16
17 12
34 20
43 27
42 34
39 18
41 37
25 12
24 16
8 7
32 11
11 3
27 2
35 20
14 0
42 25
26 5
31 8
37 11
16 14
25 15
44 12
44 3
41 36
14 4
27 19
5 3
39 15
38 24
25 13
25 7
22 8
23 5
42 16
11 1
43 18
43 34
25 17
32 1
40 22
15 12
12 2
35 32
10 6
15 2
43 14
26 23
33 12
39 6
13 11
42 5
44 38
19 18
26 8
32 20
35 1
42 14
36 16
22 15
17 16
19 2
30 3
43 0
6 0
32 17
34 25
36 26
41 27
33 13
43 1
24 23
32 19
39 38
25 3
17 3
30 18
33 9
6 5
44 43
39 34
23 7
24 9
28 3
38 34
22 17
37 0
35 14
20 13
29 5
40 8
28 10
43 24
36 12
21 19
39 19
27 18
34 33
9 2
38 36
29 9
41 30
28 26
13 12
14 10
44 1
30 0
24 20
24 6
36 31
41 8
9 4
38 11
42 30
6 3
41 33
20 4
27 0
37 3
35 15
20 9
13 2
25 0
40 31
25 24
37 14
19 17
39 2
26 19
35 16
41 29
32 22
37 25
41 40
40 0
13 8
44 4
15 3
42 10
25 10
31 30
19 0
28 2
22 18
34 19
6 1
31 5
35 8
42 27
42 29
22 21
43 2
40 21
27 26
11 4
10 1
11 0
42 31
31 9
38 33
28 21
42 19
22 6
42 38
36 10
42 3
34 27
44 40
38 22
26 11
26 18
29 6
32 21
33 26
11 2
37 19
38 2
41 7
31 17
29 19
23 3
14 5
42 39
39 7
18 9
33 7
24 18
19 6
33 24
33 6
40 10
20 3
31 18
34 22
39 3
11 9
31 25
32 5
29 16
40 27
41 15
26 0
35 26
44 20
32 13
35 29
9 6
40 34
27 25
43 6
44 33
38 8
38 21
32 25
39 25
30 27
37 2
36 32
20 16
40 25
21 6
17 10
17 6
12 6
40 30
31 7
25 5
23 18
24 22
22 1
22 11
36 19
41 24
39 5
36 30
12 5
44 37
23 21
23 10
25 11
29 22
26 6
36 2
26 20
19 14
26 13
22 20
39 1
5 2
35 2
20 14
43 36
29 12
25 14
21 14
18 2
18 14
36 25
40 16
12 11
40 20
25 6
34 4
43 8
25 16
23 9
8 2
28 12
36 20
40 4
43 38
42 28
21 16
34 3
30 6
41 23
15 14
26 24
3 2
23 8
24 7
29 10
31 4
35 31
41 38
44 14
41 5
32 8
42 2
44 28
23 12
38 6
40 3
37 10
41 12
13 3
29 17
23 20
18 6
21 13
18 5
23 0
28 16
33 5
44 11
7 6
21 2
42 4
30 25
30 1
44 15
37 5
15 10
37 28
40 11
42 22
27 16
28 20
9 1
41 1
16 10
36 6
41 21
12 7
31 23
40 33
30 20
40 38
13 1
19 11
35 33
30 15
16 13
36 29
35 21
25 8
12 9
16 4
19 15
24 12
24 8
29 4
38 23
17 7
41 10
30 14
42 23
34 1
28 0
18 0
33 20
14 2
34 11
21 8
37 8
25 19
28 22
38 26
23 16
14 9
34 8
22 10
35 9
38 25
43 41
18 13
26 9
31 24
15 13
30 17
43 32
27 23
41 16
31 10
14 8
2 0
34 15
18 17
27 13
30 23
42 9
22 3
9 5
32 23
28 24
33 21
33 28
34 18
3 0
37 7
30 11
5 4
44 41
33 1
40 32
24 19
44 18
35 0
21 15
39 35
35 13
40 14
43 11
42 37
43 31
20 7
38 13
44 24
31 22
28 14
27 9
37 15
35 30
8 3
32 12
11 8
16 3
40 6
42 0
34 23
39 14
30 21
35 12
23 1
33 19
29 15
21 17
4 1
39 27
25 2
37 23
38 19
39 17
23 15
33 11
42 13
34 16
28 1
19 10
37 22
44 31
30 4
18 15
41 25
43 21
32 14
26 4
15 11
35 5
33 17
43 37
22 4
16 0
33 22
34 7
41 34
43 22
21 11
13 6
36 11
42 26
15 7
41 4
36 0
20 6
20 15
32 31
44 13
22 0
29 7
20 10
4 2
31 20
30 2
37 27
39 10
34 9
37 20
27 14
44 27
42 32
43 39
11 7
24 1
42 24
29 18
22 9
28 7
16 2
41 0
25 21
27 6
16 9
32 9
43 25
36 22
43 10
43 3
13 9
37 16
18 1
13 10
33 0
40 13
18 10
36 28
31 11
36 15
39 0
27 11
19 12
15 6
14 7
34 5
31 16
19 1
9 0
15 4
19 3
35 19
24 21
29 25
40 5
38 27
43 12
22 12
32 30
42 11
42 6
32 3
29 20
42 33
44 32
37 12
30 12
38 15
16 5
33 18
34 12
37 24
36 23
37 29
30 9
30 8
32 28
20 19
41 18
36 14
37 4
33 30
17 9
21 3
39 32
26 12
16 7
17 8
44 35
29 0
22 2
30 5
27 20
20 1
44 30
39 20
37 17
17 4
14 6
38 31
9 3
16 8
40 24
40 35
16 12
37 34
42 20
39 13
44 6
43 40
27 7
8 4
37 26
22 16
10 7
30 24
27 4
38 9
41 11
19 8
21 20
34 21
39 26
43 17
24 5
15 8
36 18
42 8
22 14
17 1
41 35
24 10
27 24
40 26
26 16
3 1
31 1
44 17
33 31
28 5
5 1
17 2
28 6
38 10
44 8
40 36
33 10
20 17
32 26
32 16
21 10
37 13
27 15
25 4
32 2
39 31
41 28
41 14
1 0
26 7
31 2
23 14
27 22
28 27
29 1
23 6
33 2
8 0
26 3
17 15
19 13
31 14
37 33
6 2
7 0
29 3
27 21
43 33
29 23
36 33
44 39
35 10
24 17
33 3
34 31
30 7
41 17
32 4
32 18
7 3
11 10
38 28
28 8
14 11
44 7
36 27
17 13
38 32
29 21
29 11
43 28
44 9
5 0
32 27
40 17
8 6
10 8
21 18
30 19
43 15
23 22
38 30
26 25
43 13
27 3
41 26
26 15
36 7
40 23
7 2
39 30
29 27
37 9
44 21
38 16
23 4
32 7
36 4
17 0
36 17
35 23
14 3
17 14
44 36
35 25
35 22
34 2
34 13
19 7
41 13
31 6
35 27
21 9
35 6
41 3
25 23
34 26
36 5
16 6
42 41
26 17
36 3
34 14
35 3
19 4
18 16
30 10
14 13
39 36
35 34
31 28
39 12
40 39
34 30
4 0
44 29
24 13
43 4
44 23
21 1
39 22
41 20
26 1
40 7
39 33
10 9
10 9
36 16
34 21
35 31
49 7
43 2
10 4
17 12
30 20
44 39
43 9
25 22
23 10
31 14
30 17
5 2
41 10
25 24
41 30
25 12
25 23
47 7
30 1
16 15
29 1
20 12
23 8
34 24
30 22
29 3
10 0
36 10
47 14
30 5
49 16
49 10
20 3
45 22
47 2
47 16
15 9
37 28
39 15
42 0
36 31
45 39
42 6
32 18
29 14
36 26
32 7
23 14
25 10
42 15
49 32
35 10
26 13
11 2
45 37
48 36
27 16
43 5
26 22
47 18
39 14
18 2
40 4
43 41
42 21
25 13
44 32
21 16
36 23
46 41
32 21
27 4
36 33
40 21
23 3
31 16
28 2
16 3
33 10
23 9
41 37
29 10
17 6
35 30
20 14
31 1
47 10
19 10
27 8
34 25
17 1
34 15
40 0
7 2
44 5
37 34
16 11
34 31
42 34
30 24
43 11
39 28
39 21
31 18
16 12
42 27
25 15
35 2
48 42
46 28
48 22
40 28
26 0
26 5
43 14
45 29
42 38
13 6
34 2
39 23
40 37
36 18
25 4
45 7
3 1
40 9
20 2
33 30
5 0
23 18
9 6
47 21
22 7
11 8
39 27
14 12
37 2
39 19
29 23
31 6
31 22
42 14
48 29
44 16
48 18
39 2
21 17
46 24
25 17
7 1
47 39
15 6
41 21
49 34
23 21
40 15
40 38
45 15
36 7
29 7
27 21
29 19
32 23
46 7
30 6
34 0
41 39
17 9
28 21
13 10
45 33
41 26
37 24
42 18
41 28
21 2
17 0
7 6
38 14
43 15
42 12
46 29
45 10
42 11
24 2
10 3
30 25
46 34
24 21
20 6
40 10
42 5
35 7
18 5
43 4
12 11
