35 595 50 200
15 5
24 14
5 1
12 3
33 32
31 3
6 2
24 17
18 11
26 25
33 30
25 22
27 10
2 1
34 6
24 5
28 22
27 24
18 0
15 11
34 28
26 4
29 14
34 17
27 12
20 2
33 23
33 31
14 13
21 3
27 1
29 21
33 15
34 24
28 18
15 9
33 1
29 7
20 11
24 4
12 0
21 17
29 0
34 13
23 6
19 5
15 1
1 0
26 3
23 17
34 30
18 12
18 10
9 7
28 13
20 12
10 4
15 0
17 13
25 18
28 9
28 11
17 5
29 2
31 21
27 3
4 2
8 5
33 29
28 7
7 4
31 20
20 6
34 18
13 4
29 28
33 14
27 7
23 2
24 11
7 2
34 10
31 24
6 4
16 6
9 8
16 0
16 11
26 7
30 13
22 7
23 11
30 19
21 8
18 4
33 27
21 15
30 2
30 8
19 8
33 8
31 10
19 9
31 22
26 14
31 27
28 17
31 26
33 17
15 8
14 1
10 3
11 6
32 10
20 0
12 1
31 19
30 4
34 29
32 18
32 7
33 16
12 8
26 12
34 0
30 23
31 15
26 9
29 13
25 9
25 1
16 5
29 1
32 0
19 16
10 5
27 17
34 7
22 13
18 17
15 13
30 22
19 10
31 14
28 23
31 29
14 8
22 5
22 9
17 11
22 2
19 1
23 13
33 4
21 0
18 8
18 3
19 7
21 11
13 0
13 7
16 15
33 21
27 5
28 19
34 16
24 0
34 15
29 8
5 4
7 1
8 1
8 6
32 2
22 19
9 0
25 20
33 25
20 5
28 4
32 24
22 4
26 21
31 11
21 7
26 10
16 1
14 3
24 2
23 19
20 17
30 28
17 14
29 26
33 3
20 18
12 4
13 6
34 23
4 0
32 4
4 3
11 5
19 4
29 24
16 8
16 9
31 0
30 24
24 13
32 29
7 5
30 26
24 3
22 14
31 13
28 25
10 0
27 8
26 2
28 15
27 22
25 4
13 5
18 7
20 8
14 12
34 32
12 10
34 8
32 6
24 15
21 5
21 9
32 26
30 21
20 7
31 12
21 12
19 3
30 16
21 4
15 7
30 29
32 15
10 2
26 22
15 6
17 12
34 20
26 15
14 9
34 5
25 23
25 12
24 16
8 7
32 11
11 3
27 2
30 17
14 0
33 22
26 5
31 8
34 9
16 14
25 15
33 19
27 23
28 6
14 4
27 19
5 3
19 12
17 0
25 13
25 7
22 8
23 5
28 27
11 1
21 18
34 11
25 17
32 1
14 11
15 12
12 2
22 3
10 6
15 2
32 27
26 23
33 12
13 10
13 11
27 15
15 4
19 18
26 8
32 20
33 20
23 14
23 16
22 15
17 16
19 2
30 3
7 3
6 0
32 17
34 25
27 9
27 20
33 13
11 10
24 23
32 19
14 7
25 3
17 3
30 18
33 9
6 5
10 9
32 3
23 7
24 9
28 3
27 6
22 17
27 11
11 7
20 13
29 5
30 9
28 10
5 0
26 17
21 19
31 16
27 18
34 33
9 2
32 9
29 9
31 1
28 26
13 12
14 10
18 16
30 0
24 20
24 6
11 8
10 7
9 4
22 0
25 2
6 3
28 5
20 4
27 0
23 1
29 25
20 9
13 2
25 0
17 4
25 24
33 11
19 17
28 8
26 19
18 13
3 1
32 22
32 14
33 10
30 12
13 8
34 2
15 3
21 20
25 10
31 30
19 0
28 2
22 18
34 19
6 1
31 5
24 1
7 0
27 21
22 21
29 18
17 8
27 26
11 4
10 1
11 0
29 23
31 9
25 21
28 21
33 2
22 6
30 7
14 6
21 10
34 27
26 1
32 23
26 11
26 18
29 6
32 21
33 26
11 2
18 15
24 19
22 16
31 17
29 19
23 3
14 5
10 8
33 0
18 9
33 7
24 18
19 6
33 24
33 6
32 28
20 3
31 18
34 22
13 9
11 9
31 25
32 5
29 16
20 1
34 21
26 0
2 0
34 14
32 13
27 13
9 6
9 3
27 25
31 2
29 20
20 15
27 14
32 25
24 21
30 27
22 10
16 3
20 16
30 5
21 6
17 10
17 6
12 6
28 1
31 7
25 5
23 18
24 22
22 1
22 11
34 31
17 2
18 1
32 12
12 5
21 1
23 21
23 10
25 11
29 22
26 6
33 28
26 20
19 14
26 13
22 20
29 11
5 2
14 2
20 14
23 4
29 12
25 14
21 14
18 2
18 14
28 14
17 9
12 11
16 7
25 6
34 4
8 0
25 16
23 9
8 2
28 12
22 12
34 12
3 0
29 3
21 16
34 3
30 6
17 1
15 14
26 24
3 2
23 8
24 7
29 10
31 4
26 16
31 6
34 26
8 4
32 8
32 16
31 28
23 12
28 24
33 18
24 10
32 31
13 3
29 17
23 20
18 6
21 13
18 5
23 0
28 16
33 5
25 19
7 6
21 2
23 15
30 25
30 1
4 1
29 15
15 10
23 22
20 19
17 15
27 16
28 20
9 1
20 10
16 10
30 11
32 30
12 7
31 23
16 2
30 20
16 12
13 1
19 11
9 5
30 15
16 13
8 3
29 27
25 8
12 9
16 4
19 15
24 12
24 8
29 4
30 10
17 7
27 4
30 14
19 13
34 1
28 0
40 12
43 30
46 9
38 37
41 24
16 13
13 2
37 23
36 34
32 5
31 7
44 40
19 18
25 2
37 27
38 4
41 8
14 5
18 7
37 2
33 16
25 9
21 4
42 18
46 5
35 6
48 13
18 5
38 0
34 21
35 7
46 38
14 13
45 25
11 1
17 11
35 20
30 3
34 4
33 5
28 20
18 17
10 5
33 6
31 16
34 10
32 24
39 1
43 5
22 13
38 33
39 37
29 4
39 5
36 35
43 36
22 3
35 18
6 1
47 2
33 2
20 8
45 9
26 9
17 3
46 30
47 20
43 8
46 31
47 28
46 41
40 11
18 8
47 34
43 37
49 6
47 14
27 14
12 1
39 14
26 2
44 36
36 11
40 18
40 17
23 13
23 17
24 13
44 2
32 19
13 9
21 13
49 32
41 15
14 6
26 4
16 14
46 17
44 29
19 7
43 23
39 12
25 4
39 21
46 32
23 5
37 14
35 29
49 7
30 18
28 22
9 8
24 10
42 12
45 36
45 12
19 9
40 37
39 32
39 38
38 27
45 28
28 15
17 12
35 24
38 1
30 26
28 26
22 12
45 30
32 10
36 23
43 15
34 2
38 11
44 5
38 2
44 24
43 13
46 37
49 24
18 4
45 6
32 26
36 10
36 14
39 9
8 2
48 46
21 3
45 10
12 10
39 8
33 11
42 25
13 12
34 29
40 4
18 1
34 17
32 13
41 31
48 30
42 9
45 4
31 28
26 16
44 4
49 37
11 5
45 5
25 14
28 16
40 36
28 19
34 26
24 12
45 43
42 13
33 1
45 41
29 16
8 4
45 29
44 25
38 8
39 15
36 1
23 20
38 28
17 6
21 12
46 44
46 14
25 8
38 23
37 28
30 16
36 24
10 0
