50 50 80 1500
0 1
1 2
2 3
3 4
4 5
5 6
6 7
7 8
8 9
9 10
10 11
11 12
12 13
13 14
14 15
15 16
16 17
17 18
18 19
19 20
20 21
21 22
22 23
23 24
24 25
25 26
26 27
27 28
28 29
29 30
30 31
31 32
32 33
33 34
34 35
35 36
36 37
37 38
38 39
39 40
40 41
41 42
42 43
43 44
44 45
45 46
46 47
47 48
48 49
49 0
24 68
12 65
27 73
8 78
30 58
13 61
15 79
39 78
15 76
22 65
24 74
3 68
29 58
40 71
7 61
14 74
48 70
7 65
22 74
22 66
4 63
42 70
44 67
26 71
26 55
25 70
27 60
27 53
31 58
9 79
33 79
31 68
41 77
33 69
13 57
46 59
27 50
3 63
17 64
45 58
29 56
11 61
19 60
13 76
39 75
39 50
2 75
5 75
18 66
17 57
16 65
32 72
38 78
25 58
37 79
23 73
2 66
42 79
45 79
39 74
4 53
17 74
49 74
47 73
6 79
3 60
33 59
12 76
28 61
42 64
36 60
1 63
6 75
0 50
1 66
40 60
31 72
4 52
20 70
42 58
26 70
40 52
37 67
38 70
35 76
18 79
48 76
49 65
21 64
16 72
47 62
20 54
35 67
37 50
14 66
28 55
31 63
9 76
42 76
18 57
30 73
3 51
19 58
44 68
6 65
8 54
15 75
36 67
34 56
23 71
8 79
16 58
40 75
48 57
16 76
36 57
4 60
46 56
45 71
32 54
6 52
38 72
26 65
23 69
11 50
17 69
44 73
3 62
32 50
7 55
39 70
40 72
29 72
49 56
38 74
0 52
29 75
8 51
10 72
33 74
18 76
24 73
2 61
40 79
29 77
1 69
29 65
27 71
10 73
36 59
32 79
30 51
26 62
29 62
22 79
26 58
30 79
30 54
18 60
9 56
2 52
27 69
18 68
32 69
26 66
34 66
45 65
29 70
46 50
6 59
46 69
2 76
42 59
5 77
30 72
41 71
46 68
29 67
17 54
23 62
26 52
38 60
22 70
5 68
3 65
38 67
33 60
48 77
26 59
39 61
30 50
40 55
11 62
5 51
43 77
14 55
14 69
37 65
24 57
18 73
30 70
39 76
0 60
31 52
40 51
30 74
33 66
39 67
37 66
46 70
24 53
44 53
16 74
40 73
5 60
44 62
38 65
21 70
48 78
45 69
27 58
10 61
10 53
6 73
1 72
6 50
17 76
12 62
17 53
33 62
15 57
17 61
11 70
11 79
8 62
12 75
27 59
47 66
18 65
7 71
35 52
37 74
4 62
32 51
40 62
25 60
13 70
41 72
49 62
38 76
5 66
4 78
25 63
45 56
2 74
41 52
31 73
36 66
33 54
48 68
4 55
0 65
42 52
17 67
14 70
48 58
12 52
33 58
44 74
23 70
32 58
21 68
2 73
28 65
5 54
15 66
17 78
7 78
7 70
6 68
41 79
34 72
30 61
23 52
44 52
7 54
3 53
15 63
9 51
0 55
9 72
11 64
1 61
43 75
38 63
18 69
21 74
38 69
42 78
31 79
17 51
19 67
36 64
29 61
34 71
10 79
1 50
35 77
34 62
28 58
23 64
18 61
28 78
44 71
9 53
42 63
45 77
21 52
2 65
28 52
21 53
1 54
24 61
13 65
15 70
5 65
16 63
46 64
22 56
24 58
43 53
38 55
35 61
15 62
11 76
12 55
8 75
8 69
14 50
40 64
26 53
10 59
14 67
17 50
25 64
22 50
45 73
13 72
10 68
47 63
18 77
30 64
24 66
44 54
29 73
3 77
1 55
41 54
8 76
22 60
1 60
11 77
37 63
43 68
49 78
34 76
34 59
4 58
37 54
9 78
18 53
21 77
7 72
44 64
49 57
32 68
39 58
37 53
28 77
45 54
32 61
18 71
0 76
27 51
47 54
17 63
24 72
7 77
20 53
23 76
46 54
14 76
43 60
14 51
32 71
36 70
27 76
19 76
44 50
33 64
20 79
11 71
18 74
25 71
22 76
44 58
6 62
9 77
5 72
40 69
13 77
18 56
13 75
6 76
17 70
24 60
47 51
7 76
31 69
22 72
46 63
21 55
3 69
12 53
12 78
41 75
49 53
28 76
41 62
14 75
19 71
39 73
9 61
22 78
8 53
31 76
36 79
34 77
31 77
18 64
13 67
7 57
0 54
35 62
27 56
4 70
17 62
36 75
1 52
23 60
9 63
29 66
11 59
0 73
6 58
31 64
43 61
31 62
5 56
27 66
7 59
16 79
12 77
37 59
38 54
33 78
49 55
13 50
12 54
45 64
23 72
7 63
49 70
35 79
42 66
37 61
31 53
48 61
10 55
29 50
41 74
26 75
15 59
31 59
13 79
48 66
39 79
40 66
18 72
3 67
34 51
1 71
33 71
15 55
1 78
13 78
10 52
41 58
34 55
17 71
3 78
48 64
11 68
41 73
16 61
17 52
39 69
8 61
25 55
27 52
22 51
1 65
20 64
3 64
0 75
22 63
22 55
39 77
23 77
19 68
14 56
45 75
9 55
34 78
41 78
45 74
4 67
37 72
48 71
6 70
4 66
34 79
23 75
42 50
7 62
41 68
43 79
14 73
37 64
5 78
30 68
21 59
49 71
22 59
25 59
13 59
7 50
30 78
41 50
7 75
39 68
11 53
23 61
13 73
36 53
13 63
44 79
31 65
25 54
41 61
16 77
3 52
41 64
13 53
15 60
21 71
10 60
27 63
15 56
19 52
4 64
22 69
42 77
11 67
44 57
10 57
2 72
17 79
32 74
8 65
21 78
16 67
27 57
47 78
12 68
3 50
24 63
20 68
38 61
37 52
11 60
4 57
30 75
25 66
43 58
32 70
44 61
45 61
20 52
37 70
9 50
1 74
7 58
8 67
23 74
18 59
7 51
33 57
9 66
27 78
34 54
7 68
29 59
34 75
7 73
32 76
32 57
0 77
33 63
24 52
43 55
23 54
3 70
24 67
5 70
4 50
24 75
46 74
8 56
5 50
48 75
4 72
13 68
20 60
41 53
21 62
2 53
14 79
2 57
32 60
25 79
7 64
7 60
0 69
12 73
1 62
32 52
4 59
49 72
2 59
45 50
5 52
26 61
16 56
0 51
47 76
32 65
33 61
41 56
42 74
16 62
36 55
2 62
42 54
20 74
44 69
6 63
49 63
12 58
37 57
2 58
29 78
32 55
12 71
4 51
0 62
40 78
34 67
23 65
0 71
49 67
1 75
6 57
1 77
22 53
48 65
15 73
29 74
30 66
0 67
18 58
29 76
46 79
43 73
39 56
48 52
49 76
4 61
18 54
42 65
8 50
37 62
35 60
43 51
28 69
10 76
45 62
36 50
11 57
47 57
27 55
27 65
16 50
16 64
25 62
31 51
14 77
43 54
38 57
7 74
5 79
21 57
21 60
2 67
48 63
21 54
30 60
35 71
35 63
37 55
34 57
16 78
36 76
26 54
8 77
20 67
19 72
30 77
28 73
3 66
0 66
26 77
4 68
28 67
14 62
26 68
11 65
40 74
3 55
44 55
5 61
20 71
17 75
17 58
13 55
20 56
49 79
33 55
33 50
44 66
39 54
41 51
21 61
42 60
44 65
16 51
7 79
25 65
32 66
38 53
20 50
10 70
5 53
11 56
38 50
12 63
36 69
9 75
32 62
12 67
46 67
15 61
9 64
34 73
12 69
10 65
17 60
14 52
39 55
3 54
17 59
33 56
40 54
41 65
30 63
46 76
26 72
30 55
1 51
28 53
34 70
32 64
2 79
42 69
2 54
10 54
7 53
47 79
0 63
11 69
34 50
46 62
42 68
40 58
3 72
38 56
10 58
48 69
19 64
25 76
24 62
47 55
26 64
45 52
2 51
39 66
47 50
36 54
9 74
2 71
26 57
32 67
36 52
31 54
19 77
15 68
18 55
13 74
1 64
5 62
25 72
14 71
7 66
11 55
1 57
39 53
36 77
40 76
43 67
26 79
33 65
32 59
38 79
43 69
27 64
40 70
36 51
43 63
19 53
13 69
29 51
14 61
39 52
28 75
16 60
19 62
48 67
10 71
14 72
14 63
21 51
42 51
47 71
7 69
47 74
20 78
11 52
16 53
19 70
5 69
36 63
36 56
28 59
31 55
19 75
21 76
31 70
38 71
11 72
37 73
9 70
9 54
45 78
12 74
6 53
6 54
40 67
11 58
1 59
43 66
29 60
24 54
48 54
32 63
16 54
42 53
37 68
45 68
23 57
45 53
2 63
23 56
38 59
48 59
22 58
49 58
20 55
48 73
27 77
1 58
37 78
41 59
45 51
47 58
17 66
5 58
49 75
40 56
37 71
35 51
41 55
8 68
6 67
20 62
20 57
26 76
29 52
20 58
34 60
32 53
32 56
6 77
1 67
37 77
35 57
10 69
29 79
27 72
19 69
20 73
31 74
19 65
33 67
19 55
28 68
38 73
35 55
35 69
2 55
34 53
8 57
29 54
30 65
46 57
43 71
0 79
11 63
6 69
10 75
3 57
45 70
15 72
36 61
43 62
8 52
23 79
12 72
0 72
7 67
11 78
25 67
6 61
0 68
32 78
28 74
49 73
2 68
20 59
46 55
36 62
35 74
22 67
27 62
26 51
17 56
30 62
25 61
4 69
17 68
2 60
46 72
33 53
31 78
44 59
6 74
13 52
2 69
28 72
44 63
44 77
49 77
26 63
48 79
21 73
1 79
35 64
36 73
24 78
34 68
28 79
37 60
21 67
15 67
43 74
22 71
5 57
34 58
20 51
27 74
28 54
47 65
33 72
15 52
15 54
35 58
35 59
23 53
47 60
34 65
6 56
42 72
28 60
41 69
38 51
2 77
0 59
20 72
44 70
2 50
39 64
25 57
29 63
12 66
19 61
36 71
45 57
0 56
26 50
29 68
15 69
42 62
4 79
37 58
48 55
23 50
48 56
49 60
14 54
35 68
18 51
24 65
12 61
8 59
5 63
26 69
49 66
43 65
43 52
12 79
46 52
24 69
3 58
36 74
21 75
30 67
37 51
30 56
45 60
24 50
22 62
1 68
16 73
4 71
29 64
6 72
30 57
35 54
25 73
0 61
47 70
17 72
9 58
20 63
8 63
49 54
30 71
3 75
22 77
18 78
12 51
17 65
37 76
23 66
26 67
24 59
21 63
16 55
19 73
41 60
38 77
0 57
23 55
28 51
41 76
18 52
11 73
14 58
20 75
35 65
26 73
31 61
36 72
15 78
34 63
7 52
8 70
34 52
10 67
4 73
31 60
35 70
12 57
5 73
6 66
40 68
13 56
11 66
5 74
43 72
46 71
2 70
18 75
19 50
4 65
48 74
23 78
16 70
31 66
11 75
39 71
40 65
44 56
28 63
42 56
15 65
35 75
5 55
27 67
45 66
3 74
25 56
18 63
23 67
40 63
9 71
19 63
21 69
1 76
12 70
13 71
38 52
23 58
39 59
38 66
27 70
11 51
20 66
47 56
11 54
42 73
19 54
11 74
49 69
21 79
16 68
21 72
42 75
3 79
46 53
45 76
18 62
24 77
24 79
40 59
12 64
9 62
4 75
35 78
46 61
39 63
22 57
1 56
43 57
35 72
22 75
2 78
36 65
13 62
44 76
3 59
1 73
28 57
39 57
14 60
26 78
24 56
32 77
10 66
29 57
10 51
19 79
3 71
8 74
15 53
47 67
17 77
25 77
49 59
47 68
26 60
37 56
30 69
30 76
19 74
13 64
14 59
42 71
19 78
23 68
6 51
33 76
41 57
46 51
15 58
31 50
16 52
9 73
35 53
40 57
12 59
46 60
9 67
22 64
28 71
46 78
9 57
9 60
9 69
6 71
37 69
46 73
9 59
37 75
33 52
21 58
16 59
44 60
49 61
10 56
46 65
26 56
8 72
14 78
30 59
48 72
28 56
46 58
10 77
35 66
5 64
43 50
14 57
41 70
44 78
34 64
15 50
17 73
23 51
8 73
0 78
20 69
48 60
8 66
15 74
13 51
29 55
18 67
22 54
0 53
12 56
45 55
21 65
44 75
48 50
24 76
4 56
40 77
35 56
18 50
14 64
39 62
28 62
4 74
43 64
23 63
23 59
20 65
8 58
16 71
44 72
22 68
46 77
49 68
31 71
5 67
45 63
36 58
25 75
47 59
49 51
22 52
3 61
39 65
34 69
13 58
43 76
33 77
47 72
3 73
16 75
47 64
42 61
20 76
42 55
27 61
28 50
48 62
29 69
4 54
1 70
43 78
48 51
40 61
25 52
2 56
42 67
46 75
13 54
42 57
30 52
43 56
13 60
49 64
19 66
8 60
22 61
0 64
40 50
45 59
31 57
49 52
14 53
24 51
15 64
40 53
29 53
0 74
47 53
38 58
4 76
36 78
9 52
41 67
16 66
19 59
6 60
5 76
34 74
47 61
47 77
18 70
25 69
16 69
24 71
46 66
36 68
13 66
5 59
39 51
19 57
10 50
33 70
26 74
27 54
14 65
38 75
41 63
19 56
2 64
35 73
32 73
39 60
20 77
25 68
47 52
3 76
34 61
15 77
10 63
4 77
12 60
10 78
49 50
25 78
12 50
27 79
21 56
43 59
7 56
25 51
31 75
38 68
43 70
45 67
25 74
45 72
28 70
27 75
21 66
33 75
1 53
20 61
28 64
8 64
15 71
24 64
47 75
31 67
33 73
29 71
25 53
41 66
0 70
6 55
30 53
35 50
32 75
15 51
24 70
17 55
6 78
44 51
39 72
8 55
33 51
8 71
5 71
10 64
22 73
19 51
33 68
10 74
6 64
21 50
24 55
47 69
38 64
27 68
0 58
14 68
16 57
9 68
38 62
31 56
3 56
28 66
10 62
48 53
25 50
9 65
