10 10 40 300
0 1
1 2
2 3
3 4
4 5
5 6
6 7
7 8
8 9
9 0
2 33
5 31
9 23
4 29
0 34
6 34
5 39
6 17
8 16
5 25
9 36
7 20
7 23
1 34
4 33
7 33
1 14
6 32
9 25
2 29
2 12
6 36
6 31
4 18
3 10
4 28
3 34
3 23
6 37
1 39
0 31
3 21
7 19
8 25
8 28
6 26
2 20
0 14
9 38
9 10
0 24
2 37
7 32
0 23
4 22
1 19
1 38
2 13
0 20
2 27
1 13
9 16
4 24
8 13
2 21
0 29
3 12
2 10
1 20
1 18
9 29
6 12
3 38
7 18
3 17
4 35
5 21
9 27
8 30
0 12
5 17
5 28
8 37
5 11
6 24
0 18
2 35
4 14
5 14
4 13
7 37
3 18
3 26
7 16
9 20
5 22
1 12
2 14
2 18
4 20
8 35
5 35
2 24
3 27
9 39
7 36
8 11
8 32
9 18
0 15
0 39
2 15
9 26
8 12
9 37
6 16
8 31
1 23
8 22
4 39
1 32
7 27
3 30
5 26
0 26
8 27
9 35
6 20
3 36
0 19
1 10
0 16
4 11
8 17
1 25
9 21
2 25
0 17
6 33
0 35
6 19
3 13
2 30
4 30
7 29
7 21
1 21
9 15
0 32
9 31
5 16
6 15
8 14
3 37
1 36
7 12
6 22
1 28
8 23
0 38
3 24
3 19
4 10
4 12
3 15
7 30
3 33
8 20
7 22
7 31
5 23
6 18
0 13
9 13
9 28
9 19
8 21
0 10
4 38
9 22
9 14
0 37
1 27
3 29
7 26
7 13
5 10
5 12
8 24
7 14
4 31
5 13
1 37
5 34
5 18
4 34
9 30
6 35
8 26
1 26
2 19
4 21
0 11
0 30
6 25
2 11
6 28
1 24
5 38
8 19
2 36
4 26
1 33
6 13
8 33
5 30
1 30
5 36
8 18
4 17
3 11
4 37
9 34
4 15
6 29
1 35
7 38
3 28
7 25
1 11
9 12
3 35
5 15
0 21
4 25
4 27
5 33
6 30
3 32
4 23
6 14
5 19
7 11
3 31
8 15
7 28
3 16
2 38
5 24
3 25
1 16
7 39
4 36
2 23
8 39
6 23
0 27
1 22
8 29
5 27
0 28
0 22
8 36
9 33
2 39
7 24
0 36
6 21
0 25
1 15
3 22
2 28
7 34
1 31
5 29
1 17
5 20
4 19
3 39
7 35
4 32
6 39
7 15
0 33
9 17
6 10
5 32
2 22
2 16
2 17
2 26
8 38
7 10
3 20
4 16
3 14
8 10
9 32
6 38
9 24
6 27
5 37
2 32
2 31
6 11
2 34
8 34
1 29
9 11
7 17
