20 20 50 600
0 1
1 2
2 3
3 4
4 5
5 6
6 7
7 8
8 9
9 10
10 11
11 12
12 13
13 14
14 15
15 16
16 17
17 18
18 19
19 0
12 43
15 41
19 33
14 39
0 44
6 44
15 49
6 27
8 26
15 35
9 46
7 30
17 33
11 44
14 43
17 43
11 24
16 42
9 35
2 39
12 22
16 46
6 41
4 28
3 20
4 38
3 44
3 33
16 47
11 49
10 41
13 31
17 29
18 35
8 38
6 36
12 30
10 24
19 48
9 20
0 34
2 47
17 42
0 33
4 32
11 29
11 48
2 23
10 30
2 37
11 23
19 26
4 34
18 23
12 31
0 39
13 22
12 20
11 30
11 28
19 39
16 22
3 48
17 28
3 27
4 45
5 31
9 37
8 40
0 22
5 27
5 38
18 47
5 21
16 34
10 28
13 27
12 45
14 24
15 24
14 23
17 47
3 28
13 36
17 26
19 30
15 32
1 48
11 22
18 40
2 24
12 28
4 30
18 45
5 45
12 34
3 37
9 26
9 49
17 46
8 21
18 42
9 28
19 28
10 25
0 49
2 25
19 36
8 22
9 47
6 26
18 41
11 33
8 32
18 32
1 49
4 49
1 42
17 37
3 40
5 36
10 36
8 37
19 45
19 47
16 30
13 46
0 29
1 20
1 30
0 26
14 21
13 40
18 27
1 29
1 35
9 31
2 35
19 49
0 27
19 35
16 43
0 45
6 29
13 23
2 40
4 40
7 39
7 31
3 36
12 39
1 31
19 25
10 39
0 42
19 41
15 26
6 25
18 24
13 47
10 44
1 46
17 31
14 38
7 22
2 45
6 32
13 37
11 38
8 33
0 48
15 45
12 25
13 34
10 48
13 29
19 20
4 20
4 22
3 25
7 40
3 43
8 30
7 47
9 33
17 32
17 41
5 33
12 24
5 41
16 27
16 28
10 23
14 30
19 23
9 38
9 29
7 29
18 31
0 20
5 26
4 48
19 32
19 24
17 40
2 28
0 47
9 36
11 37
18 30
8 27
13 39
7 36
18 21
17 23
2 22
15 20
8 41
15 22
11 42
8 34
7 24
14 41
6 43
15 23
11 47
15 44
15 28
14 49
12 23
4 44
19 40
6 45
8 36
11 36
2 29
10 34
14 31
10 21
14 44
10 40
12 29
8 23
7 26
6 35
12 21
18 22
16 38
11 34
14 20
5 48
8 29
12 46
4 36
2 34
10 20
1 43
16 23
18 43
5 40
5 24
13 20
10 49
1 40
5 46
9 24
18 28
14 27
5 44
3 21
4 47
9 44
9 41
16 25
7 41
4 25
16 39
11 45
13 43
6 28
7 48
3 38
16 29
17 35
1 21
19 22
1 33
7 37
9 48
13 45
15 25
10 31
15 48
14 35
14 37
15 43
6 40
3 42
4 33
6 24
15 29
1 34
4 39
10 33
17 21
8 45
18 33
3 41
4 35
7 23
18 36
18 25
17 38
3 26
12 48
5 34
19 31
13 35
1 26
7 49
4 46
0 21
2 33
8 49
7 32
1 28
18 37
13 26
8 35
6 33
0 37
19 29
1 32
15 40
18 39
3 35
12 40
5 35
10 22
8 43
14 45
0 24
15 37
14 33
10 38
10 32
8 46
9 45
16 35
4 43
9 43
10 37
2 49
16 45
2 48
7 21
6 38
11 21
13 44
7 35
13 28
17 34
10 46
10 27
6 31
0 35
1 23
11 25
8 42
3 32
8 31
5 22
10 26
2 38
0 41
7 43
13 32
17 44
16 31
1 38
0 28
10 45
9 22
19 38
7 34
10 35
17 30
1 45
19 37
15 33
11 41
0 31
15 39
0 46
4 24
14 22
1 27
14 40
5 30
14 29
9 25
13 49
7 45
1 36
2 46
18 29
9 32
4 42
9 40
3 39
11 46
4 31
13 41
15 34
16 49
3 49
17 25
6 49
7 33
18 49
13 21
4 21
10 43
7 28
15 21
0 40
5 37
13 48
2 43
3 31
9 27
7 38
1 24
6 20
15 42
13 33
4 23
1 37
0 38
5 39
2 32
7 42
2 26
11 31
12 27
12 36
19 44
11 32
16 33
6 22
10 42
5 49
8 47
18 48
2 21
18 46
12 38
12 47
17 20
13 30
4 26
6 42
13 24
19 43
16 32
18 20
17 48
14 42
19 42
17 45
16 48
0 25
3 22
14 26
3 24
19 34
8 24
7 20
17 49
3 23
14 32
13 38
2 31
19 46
1 44
9 42
6 48
13 42
2 27
18 34
5 43
12 26
0 30
16 36
16 37
14 28
9 39
6 23
15 47
8 28
8 25
12 42
2 36
3 30
9 30
14 25
1 22
15 27
16 26
8 39
5 28
5 32
11 40
1 25
2 42
7 46
6 30
4 41
17 36
10 47
14 48
16 20
8 48
9 23
10 29
14 34
12 41
14 47
1 47
13 25
15 36
5 47
3 34
3 47
5 20
16 21
2 44
11 26
8 44
15 46
15 30
5 23
3 45
19 27
12 37
2 20
14 46
11 27
9 34
12 32
4 29
0 43
1 39
5 25
18 26
17 39
11 20
3 29
15 38
19 21
9 21
14 36
12 49
6 21
0 32
16 40
12 35
8 20
5 42
11 39
17 22
0 36
1 41
2 30
6 47
6 34
5 29
3 46
18 38
0 23
17 27
17 24
6 46
15 31
18 44
11 43
6 37
11 35
16 44
7 44
7 25
2 41
4 37
16 41
12 44
16 24
7 27
6 39
12 33
4 27
