65 65 95 1950
0 1
1 2
2 3
3 4
4 5
5 6
6 7
7 8
8 9
9 10
10 11
11 12
12 13
13 14
14 15
15 16
16 17
17 18
18 19
19 20
20 21
21 22
22 23
23 24
24 25
25 26
26 27
27 28
28 29
29 30
30 31
31 32
32 33
33 34
34 35
35 36
36 37
37 38
38 39
39 40
40 41
41 42
42 43
43 44
44 45
45 46
46 47
47 48
48 49
49 50
50 51
51 52
52 53
53 54
54 55
55 56
56 57
57 58
58 59
59 60
60 61
61 62
62 63
63 64
64 0
13 88
43 67
55 91
47 90
46 75
64 74
12 78
59 94
3 66
48 71
43 73
50 94
32 93
39 85
62 71
43 68
9 89
34 79
43 71
33 70
15 73
12 86
61 73
22 71
5 67
35 68
23 89
57 78
29 87
40 91
11 72
60 72
47 85
39 78
32 67
30 90
26 75
58 86
42 75
55 77
13 82
17 74
16 92
57 77
32 76
35 77
45 84
27 87
40 88
60 90
38 72
24 87
32 90
48 84
11 82
5 76
21 75
43 77
18 94
60 65
12 77
15 86
59 85
51 79
35 94
40 86
63 69
30 68
0 88
4 69
27 78
52 94
42 79
25 70
44 83
4 89
16 80
62 74
33 80
16 78
29 73
0 87
6 78
1 66
53 73
16 84
36 71
20 92
9 85
45 78
8 92
50 66
18 73
16 65
26 69
51 94
23 73
12 76
22 90
8 80
11 67
7 94
56 76
19 77
22 73
37 80
8 67
1 68
19 82
39 74
20 75
38 79
46 87
25 69
54 78
63 79
26 71
11 94
34 88
62 72
18 76
37 65
59 68
28 87
24 90
44 79
10 74
41 72
64 85
41 89
18 90
14 73
46 73
63 75
13 74
17 67
21 72
51 71
39 77
34 68
25 88
28 69
8 84
5 73
29 90
52 81
20 89
37 78
49 85
62 76
14 83
14 81
60 94
13 76
60 76
21 91
38 84
46 68
49 71
60 70
52 93
11 73
47 79
22 67
24 71
3 93
4 67
52 77
20 82
39 91
19 79
14 75
52 91
37 74
32 65
33 74
4 87
2 77
54 68
17 93
15 91
7 83
43 81
37 85
27 74
35 85
25 80
50 76
0 81
59 83
6 73
6 67
0 68
13 80
44 89
24 67
62 78
4 93
54 92
41 88
47 89
27 83
32 82
6 88
1 86
2 67
11 89
5 88
49 77
15 70
13 68
31 92
53 88
4 73
35 92
11 78
53 69
25 75
4 77
9 80
56 74
48 81
58 70
29 79
25 90
21 74
27 94
50 92
44 72
62 79
28 90
42 81
10 66
16 67
55 67
6 87
30 78
39 67
17 78
36 73
31 94
58 80
22 84
1 93
60 93
61 65
42 67
15 65
19 93
1 87
15 69
39 65
55 85
45 90
54 72
41 76
2 93
33 72
31 66
10 71
34 78
28 81
24 89
23 91
56 90
10 84
52 83
18 68
32 94
20 65
50 87
43 89
18 91
37 92
5 79
43 72
30 74
18 82
10 87
7 93
32 84
31 73
23 93
40 75
19 69
34 65
40 66
34 74
31 87
51 84
44 76
52 84
64 72
22 81
17 76
48 77
42 73
22 77
57 79
34 81
40 71
15 85
54 82
22 66
7 81
63 89
12 65
60 82
2 66
5 75
32 70
53 86
56 73
10 79
56 72
15 87
46 83
48 87
30 83
36 65
62 70
53 83
6 82
39 86
38 73
6 65
48 67
3 67
39 93
43 85
25 79
38 69
62 66
60 89
34 91
22 83
49 91
30 94
58 78
39 69
56 82
49 86
44 82
59 66
40 85
60 87
17 66
28 72
24 76
62 86
34 76
16 85
48 68
33 69
48 73
38 90
57 76
33 81
14 65
44 86
1 88
50 84
23 81
64 79
63 85
45 93
57 66
58 65
47 87
63 67
53 93
47 65
10 69
31 93
57 90
36 82
3 68
29 94
17 81
41 90
1 85
1 94
39 72
36 68
21 84
3 79
32 68
29 76
8 94
16 74
59 77
21 82
1 82
12 69
10 81
6 90
47 68
13 77
53 87
3 75
9 82
10 85
1 81
17 77
26 93
44 90
59 84
55 93
64 80
28 82
55 88
11 88
46 74
9 67
31 90
25 68
26 77
38 87
3 94
41 83
24 72
26 89
38 77
0 71
39 92
36 79
19 70
23 78
62 81
32 88
30 70
14 93
11 87
34 83
46 93
50 77
29 80
56 84
26 87
48 74
2 75
24 80
35 75
18 78
3 87
2 91
60 67
5 94
50 69
31 84
60 75
28 79
3 74
13 91
39 84
19 83
56 87
42 74
2 76
43 94
17 80
22 70
61 82
36 78
21 79
0 75
64 73
19 74
14 90
20 71
61 75
11 74
43 69
36 93
47 72
16 91
59 70
37 83
61 71
25 91
57 94
0 89
34 82
33 85
21 93
53 77
39 88
50 91
26 94
49 75
22 82
64 82
63 83
33 79
61 86
34 85
32 75
21 76
55 78
60 92
48 80
42 77
51 90
17 87
21 77
45 72
37 81
45 83
64 65
24 84
13 89
24 79
13 65
61 66
59 86
21 65
58 88
59 81
6 74
2 90
10 86
30 73
55 69
49 90
38 83
38 68
34 75
13 90
9 79
17 88
43 65
51 88
44 81
48 91
34 70
30 84
47 86
54 91
57 71
21 92
13 85
28 92
4 92
24 86
61 92
52 78
49 70
23 77
12 68
38 88
32 86
5 92
14 68
6 69
49 68
16 77
13 73
40 80
40 92
58 87
40 93
40 76
7 73
32 87
46 92
41 80
57 88
9 72
41 79
30 85
11 76
37 76
23 80
59 89
38 70
59 74
38 75
50 85
26 73
1 92
26 65
21 88
9 73
28 71
24 93
63 81
45 88
49 74
42 78
58 77
32 91
35 78
51 92
51 67
56 70
48 69
24 82
1 84
2 94
38 67
4 76
11 70
18 70
36 91
52 71
19 67
42 85
38 89
63 65
7 76
36 83
3 83
35 88
22 94
52 82
5 66
4 75
12 90
0 91
10 72
4 79
1 80
29 78
0 76
40 81
5 90
26 92
56 91
27 70
24 81
32 74
38 94
17 68
15 88
23 90
44 88
3 85
47 70
48 92
45 80
15 82
38 92
20 94
43 88
53 85
22 80
7 85
45 69
16 88
57 89
62 87
0 78
60 78
60 68
41 81
25 77
9 88
8 79
19 94
7 78
9 86
48 83
44 69
42 89
47 73
17 70
47 66
56 69
19 72
14 79
19 89
31 72
41 65
1 83
32 89
12 75
8 89
24 75
46 66
18 67
61 88
52 88
62 68
8 90
12 66
56 67
45 76
34 72
45 71
2 81
50 93
7 77
62 94
20 84
31 79
11 66
32 81
28 75
2 87
51 66
46 88
10 93
46 85
37 93
2 82
16 93
35 93
29 65
52 72
2 88
56 71
59 93
22 72
1 69
38 65
4 94
36 90
29 92
11 81
6 77
49 82
50 88
55 72
50 71
51 76
8 66
1 72
27 72
31 65
4 80
5 86
24 94
32 80
1 65
33 71
7 80
52 80
54 88
12 94
36 67
7 69
12 70
2 84
26 90
56 68
33 78
44 75
20 93
32 77
18 80
30 93
64 84
4 72
50 86
20 74
39 87
5 72
47 69
37 68
31 83
21 70
13 84
58 75
33 67
12 91
56 85
9 66
41 91
64 88
60 91
54 83
2 70
16 81
54 73
14 88
27 92
29 77
64 83
29 69
23 71
27 68
61 68
6 84
53 68
39 70
36 75
34 67
59 90
58 90
30 67
34 87
57 87
21 66
18 66
24 92
40 89
52 68
4 70
35 91
11 71
11 69
0 80
37 70
43 83
25 67
63 82
3 70
8 76
26 67
25 71
32 69
39 80
17 83
0 92
51 73
61 81
18 84
40 73
60 84
60 79
4 78
28 70
64 71
58 79
16 89
55 81
40 65
58 69
30 71
28 85
29 70
62 80
64 68
20 78
13 71
63 91
29 74
26 68
21 81
24 88
30 82
55 87
48 70
47 92
3 81
29 84
14 89
5 68
5 65
55 71
38 81
6 71
9 81
61 89
25 81
2 78
12 73
57 69
20 88
28 86
10 75
39 90
57 68
9 78
23 79
49 76
1 76
12 92
23 67
37 87
39 81
23 74
48 94
15 92
17 82
45 65
27 89
63 90
35 82
3 82
15 76
56 77
20 66
3 77
35 65
30 92
43 66
37 86
56 93
46 65
9 69
5 84
11 80
33 94
30 79
59 78
47 74
49 78
31 69
27 93
2 73
38 91
26 78
9 77
63 68
34 94
30 87
33 93
24 78
53 80
25 82
16 83
54 84
52 74
15 67
3 86
31 74
18 93
31 89
48 65
8 65
52 67
1 79
41 71
31 68
4 83
6 79
46 89
54 86
61 94
18 79
64 89
3 69
51 65
35 90
61 76
49 87
35 67
11 86
59 87
36 87
35 81
42 84
17 65
47 83
36 72
27 91
63 78
20 68
3 90
26 83
26 91
9 91
1 75
27 71
47 93
52 69
40 79
50 73
0 93
10 68
34 92
26 74
61 85
32 85
26 80
29 68
47 81
14 78
53 92
14 72
61 70
47 76
5 71
47 75
34 89
21 71
37 91
9 84
63 77
1 67
58 84
36 77
51 69
26 79
29 82
54 89
44 73
9 70
26 82
39 75
16 72
32 73
22 76
54 65
50 83
6 68
7 71
60 66
5 80
28 68
51 72
19 65
5 87
58 91
10 76
11 92
9 75
2 86
7 74
53 81
44 92
19 66
51 75
34 90
30 80
49 73
15 83
53 90
4 91
45 94
33 73
30 65
42 87
13 78
26 66
47 82
23 75
43 90
58 73
24 69
63 86
59 67
64 92
22 85
1 91
21 73
46 70
35 72
54 69
44 68
20 83
49 72
62 69
6 92
39 71
42 80
25 72
2 79
16 73
14 92
39 83
48 75
54 94
31 81
26 86
54 66
40 70
49 83
13 69
0 74
42 94
14 80
31 78
23 88
45 82
53 82
27 82
30 69
9 90
31 82
36 85
62 90
62 88
15 84
53 72
27 67
64 66
21 87
33 84
41 86
43 84
44 77
3 88
39 79
35 80
27 86
51 89
48 86
28 74
40 84
30 75
50 65
16 82
2 89
64 75
62 91
50 89
12 83
35 73
24 85
46 94
17 90
12 79
51 81
33 88
14 67
52 75
62 75
16 69
57 81
32 71
64 94
18 74
16 87
5 81
31 70
61 77
5 89
20 67
1 74
7 67
7 68
33 68
38 71
51 91
51 87
62 83
9 87
13 70
38 93
14 84
59 80
63 84
38 76
52 86
63 73
51 74
58 93
17 71
55 79
55 65
32 72
28 91
52 70
64 91
14 91
22 68
52 65
42 83
18 85
49 94
47 67
53 75
21 80
14 77
44 74
0 94
58 71
14 71
18 69
42 70
4 88
58 66
49 93
33 75
45 74
31 86
34 84
5 83
27 76
26 81
0 86
58 76
27 75
52 73
29 81
22 74
10 92
45 85
51 80
28 66
29 67
38 82
27 77
28 80
3 84
25 74
37 79
45 77
32 78
0 66
38 86
41 93
40 87
23 76
15 66
13 94
43 93
19 90
21 89
31 80
8 93
42 86
34 80
0 77
38 80
30 91
21 69
36 94
36 66
12 93
57 93
25 87
11 68
54 70
58 89
6 76
44 94
60 85
37 89
64 86
29 89
42 88
16 66
18 75
56 79
28 76
40 68
15 93
47 88
55 68
51 85
35 74
52 92
61 78
63 92
57 86
41 74
31 88
13 83
17 94
51 77
60 69
15 79
63 93
40 69
11 65
14 69
62 73
2 68
42 68
15 80
20 80
43 80
48 88
46 67
23 72
14 66
7 86
37 66
46 80
47 91
36 89
5 74
43 78
21 67
10 89
16 70
57 84
25 85
12 71
36 74
27 90
47 94
24 91
26 70
47 77
30 72
13 72
31 91
56 66
4 84
12 72
2 80
36 81
46 79
24 68
29 66
42 76
57 73
52 87
4 86
41 73
45 66
10 83
59 73
62 77
62 65
32 79
55 83
59 82
33 83
22 78
33 86
59 92
7 75
23 83
15 68
24 83
45 81
22 89
8 68
56 75
44 80
27 65
29 71
40 74
37 94
43 82
3 80
9 74
46 81
60 71
19 68
54 81
8 82
49 79
35 87
8 91
18 87
63 87
2 71
29 86
14 76
55 66
49 92
62 82
26 72
45 91
8 85
29 83
25 94
48 66
16 76
29 91
12 89
5 91
4 90
12 74
50 67
20 76
10 90
61 84
46 72
53 89
8 87
59 72
9 94
55 80
16 94
9 65
17 91
52 79
33 82
6 93
5 69
11 84
28 94
11 85
13 67
64 90
21 90
62 67
27 81
6 72
10 94
64 70
8 86
47 78
30 76
22 79
55 75
55 92
9 76
35 86
19 78
48 85
47 80
41 69
6 70
35 66
41 77
44 87
50 80
27 79
39 68
13 81
17 85
46 69
55 76
10 73
23 68
44 65
54 74
55 70
16 79
61 93
60 86
20 69
18 65
50 75
32 92
25 93
42 69
8 83
46 90
49 88
8 81
3 89
39 89
18 88
58 67
24 70
63 72
30 66
52 89
61 87
54 93
44 70
15 90
22 91
35 83
57 92
41 68
58 72
63 74
10 91
47 84
10 65
17 75
62 85
58 68
50 81
6 66
55 90
23 66
25 66
49 69
51 68
54 71
20 77
43 87
23 65
17 72
61 72
28 77
12 81
18 89
31 75
28 84
50 68
43 86
15 81
3 65
7 82
33 65
7 72
39 82
5 82
7 90
61 83
61 90
20 90
51 86
57 91
60 81
35 69
12 88
40 94
40 90
64 67
17 92
42 90
8 72
60 74
41 85
46 84
45 89
48 79
10 70
23 94
11 90
32 66
3 91
45 92
24 74
4 68
21 78
0 85
11 79
52 66
15 94
14 82
36 69
30 88
37 67
6 91
34 86
7 92
35 76
33 90
50 72
13 86
19 75
19 88
18 77
19 86
9 68
21 83
14 87
36 86
10 88
60 73
45 87
7 89
40 77
7 79
49 81
50 78
23 84
17 89
12 85
63 71
22 75
39 66
8 88
13 79
30 81
64 77
0 69
14 74
49 84
37 75
62 84
42 93
26 88
43 91
31 85
42 92
6 94
61 67
4 81
21 86
28 83
19 73
46 76
34 77
52 76
54 76
40 83
2 92
14 85
47 71
34 66
62 89
31 76
15 72
31 77
15 78
45 75
35 84
7 65
52 90
38 85
15 74
29 93
8 75
5 70
27 80
63 94
0 84
60 77
33 92
26 85
31 67
35 71
57 67
43 70
44 71
14 94
55 82
11 93
24 65
57 74
61 79
48 72
40 67
44 66
43 75
2 69
29 88
33 76
46 86
58 82
13 92
46 71
5 78
13 93
35 79
57 83
22 88
56 92
45 73
4 82
12 67
1 78
22 87
25 84
62 92
54 79
32 83
18 81
18 86
49 89
34 73
37 69
30 77
48 78
41 87
31 71
27 73
2 72
0 82
19 84
14 86
18 71
27 88
59 71
2 65
19 91
10 80
36 92
56 88
21 94
61 74
18 72
23 82
4 74
29 75
0 65
41 84
7 84
60 88
4 85
10 77
12 82
54 90
3 73
35 70
23 85
9 71
1 90
58 85
4 71
38 74
17 73
40 78
59 76
63 70
9 92
54 77
8 74
61 80
33 66
0 79
34 69
46 82
3 92
17 84
50 70
33 91
53 66
59 88
25 86
27 84
37 90
54 85
55 74
64 87
53 78
49 66
57 82
33 87
6 85
54 75
41 66
19 92
28 78
38 66
34 71
27 69
18 92
44 85
50 90
51 83
51 70
41 94
58 92
39 73
57 80
42 82
25 76
27 85
8 78
50 82
42 66
57 70
44 78
25 73
58 74
37 84
62 93
35 89
6 80
60 80
30 89
33 77
55 84
53 65
2 85
34 93
20 79
63 76
59 69
36 76
28 89
6 83
1 70
15 89
50 79
57 75
23 86
55 89
38 78
0 73
46 77
46 78
24 73
21 85
13 87
3 71
37 82
23 69
12 80
64 69
20 70
13 66
36 88
16 68
46 91
20 81
41 70
57 65
19 76
48 82
29 72
57 72
8 70
43 74
20 85
42 91
59 79
0 72
36 80
23 87
30 86
24 66
6 75
2 83
48 89
63 80
64 81
15 77
44 93
16 71
13 75
25 83
17 69
53 91
16 86
36 70
58 94
39 94
56 89
56 81
28 73
11 83
45 79
8 69
49 80
63 66
0 70
41 78
45 68
41 92
22 86
3 72
56 86
43 79
6 86
16 90
28 65
5 85
22 93
19 80
26 76
25 78
20 72
22 69
2 74
11 91
55 86
57 85
22 92
39 76
7 91
54 80
63 88
21 68
16 75
53 70
0 90
37 71
53 71
10 78
7 70
56 83
27 66
3 78
64 93
29 85
28 67
61 69
1 73
0 83
44 84
51 78
48 90
5 93
24 77
53 74
25 92
20 73
50 74
11 77
20 91
15 75
23 92
56 94
64 78
48 76
45 86
1 77
10 67
40 82
49 67
3 76
37 72
64 76
5 77
17 86
53 76
58 81
59 65
40 72
25 89
41 82
9 83
4 66
19 81
59 91
43 92
44 67
54 87
53 67
56 80
51 93
23 70
7 87
42 71
6 81
54 67
37 88
43 76
55 73
42 72
0 67
26 84
53 94
48 93
53 79
18 83
1 71
8 71
56 78
61 91
42 65
45 70
12 84
7 66
15 71
36 84
1 89
14 70
7 88
56 65
41 75
6 89
49 65
37 73
8 73
20 87
12 87
17 79
8 77
58 83
28 88
33 89
22 65
20 86
37 77
11 75
19 87
19 85
55 94
41 67
4 65
60 83
44 91
59 75
28 93
10 82
51 82
19 71
52 85
25 65
53 84
9 93
45 67
