55 55 85 1650
0 1
1 2
2 3
3 4
4 5
5 6
6 7
7 8
8 9
9 10
10 11
11 12
12 13
13 14
14 15
15 16
16 17
17 18
18 19
19 20
20 21
21 22
22 23
23 24
24 25
25 26
26 27
27 28
28 29
29 30
30 31
31 32
32 33
33 34
34 35
35 36
36 37
37 38
38 39
39 40
40 41
41 42
42 43
43 44
44 45
45 46
46 47
47 48
48 49
49 50
50 51
51 52
52 53
53 54
54 0
29 73
17 70
47 78
3 83
20 63
48 66
20 84
4 83
10 81
52 70
44 79
38 73
19 63
30 76
42 66
29 79
38 75
2 70
17 79
22 71
19 68
37 75
29 72
1 76
41 60
0 75
2 65
7 58
6 63
24 84
48 84
1 73
26 82
48 74
13 62
46 64
17 55
13 68
52 69
0 63
9 61
6 66
54 65
33 81
39 80
39 55
2 66
7 80
25 80
18 71
22 62
21 70
47 77
23 83
40 63
37 84
28 78
42 71
17 84
45 84
14 79
34 83
24 58
2 79
22 78
6 84
53 65
48 64
2 81
18 66
22 69
21 65
21 68
11 80
50 55
46 71
50 65
41 77
24 57
50 75
17 63
26 75
10 57
47 72
48 75
5 81
13 81
54 70
36 69
16 77
17 67
40 59
5 72
37 55
54 71
53 60
36 68
24 81
42 81
35 78
43 56
54 73
11 70
38 59
31 72
54 61
43 76
13 84
31 63
50 80
8 62
16 81
51 62
49 65
36 61
20 76
22 59
11 57
20 78
38 77
1 70
18 74
41 55
2 74
44 78
46 63
18 67
52 55
42 60
34 75
45 77
54 77
34 61
26 63
48 79
34 80
18 56
36 77
35 77
53 79
38 81
24 78
30 84
37 66
10 84
19 82
11 74
39 70
32 76
0 78
31 64
7 84
50 56
36 67
29 67
42 84
21 63
15 84
10 59
38 65
36 66
37 57
17 74
43 73
52 74
6 71
44 71
33 62
10 70
49 75
1 55
41 74
37 81
52 64
10 82
5 77
11 76
21 73
34 72
12 59
53 67
19 75
1 57
13 65
17 75
9 68
30 73
13 70
18 72
3 65
43 71
53 82
26 64
19 66
5 76
15 55
47 55
0 60
21 67
35 56
8 82
34 60
19 74
22 70
44 62
23 78
20 75
34 81
5 65
45 56
15 56
25 79
38 71
24 72
47 71
41 75
29 58
14 58
6 79
10 78
35 65
28 70
22 84
48 83
48 62
30 74
12 63
20 66
10 58
36 78
46 77
21 55
52 67
27 58
28 73
33 67
50 62
34 65
32 66
6 75
16 84
48 67
52 80
12 64
32 71
48 70
7 76
25 57
32 79
9 67
27 56
0 67
25 65
18 75
21 77
24 67
43 81
5 71
44 83
15 68
5 61
36 57
46 78
21 71
43 59
18 73
39 60
15 70
27 57
42 72
4 75
3 63
2 57
44 72
38 63
24 79
13 75
27 63
36 73
53 70
0 71
12 83
17 83
52 75
31 73
31 84
39 77
5 66
48 57
29 57
7 59
13 58
5 68
4 56
18 81
50 60
24 77
26 69
23 80
33 68
8 74
31 79
3 79
43 74
42 83
21 84
37 56
54 72
39 66
34 76
5 84
25 82
14 67
13 63
34 62
53 69
18 83
19 76
39 58
19 61
32 68
30 82
6 57
32 70
43 57
11 58
51 59
33 70
15 75
42 69
41 68
32 83
16 69
27 61
14 63
18 58
43 60
25 66
5 67
11 81
32 60
28 80
54 55
25 69
31 58
20 64
39 72
22 55
50 69
15 80
15 73
37 68
3 82
30 69
14 71
54 59
13 82
46 60
46 59
48 81
22 65
1 65
31 82
2 68
3 73
54 81
24 65
9 63
29 64
54 63
42 59
53 63
9 55
3 58
0 65
42 77
54 69
29 62
32 73
4 63
42 58
25 59
46 61
12 74
52 66
18 76
17 59
32 82
15 74
45 58
44 56
46 62
34 63
0 76
47 76
22 81
9 73
29 81
25 56
48 69
33 79
40 76
39 71
17 81
18 64
24 63
31 67
39 82
15 77
48 65
25 74
48 82
18 61
42 63
35 80
43 80
41 81
47 75
19 62
21 78
45 78
36 74
52 77
1 68
51 60
49 81
47 83
51 80
44 58
51 67
4 80
9 76
39 62
29 78
5 78
34 66
21 75
14 77
54 75
46 75
26 57
11 84
54 82
21 82
18 69
38 72
47 62
15 59
25 67
47 61
23 68
22 67
6 80
43 65
31 69
8 66
46 67
40 61
32 64
17 82
26 55
17 64
33 82
23 69
13 83
4 60
12 66
3 55
0 69
51 68
46 84
7 68
44 75
6 58
15 60
19 55
16 79
35 64
16 64
28 65
8 84
13 71
4 84
43 77
8 72
32 72
44 61
24 56
51 76
23 76
20 60
46 83
20 57
24 68
0 77
11 63
8 76
37 76
11 67
40 60
53 62
6 78
41 83
46 66
22 57
47 84
9 74
10 60
17 56
41 70
16 75
20 69
10 71
38 69
42 68
47 60
24 82
29 83
22 64
20 79
39 81
2 77
28 76
4 71
45 76
19 84
48 80
28 74
11 73
35 74
49 78
27 69
11 68
8 59
25 83
45 73
2 63
51 64
44 76
12 76
23 82
37 64
38 64
32 55
41 82
54 84
0 83
11 55
17 80
15 57
4 73
47 58
23 66
41 79
33 78
51 58
48 68
49 84
6 70
1 66
36 82
46 69
33 58
20 65
41 76
35 61
14 73
47 74
32 59
27 82
11 72
49 62
35 62
7 79
4 67
34 78
6 55
51 72
17 62
20 81
22 73
38 55
44 68
25 73
13 66
17 57
51 65
20 73
45 80
40 71
48 63
27 75
44 66
15 66
26 78
5 83
0 57
44 55
37 63
23 72
38 79
53 64
42 56
34 71
27 83
49 59
27 73
9 64
24 80
28 67
7 78
41 62
50 82
38 82
38 60
52 62
14 62
43 75
18 80
23 62
36 64
19 72
25 81
30 65
51 79
25 75
1 79
22 66
7 66
33 61
15 58
45 55
18 82
50 67
38 80
44 73
34 77
36 76
1 58
4 66
7 62
27 65
25 84
12 57
2 69
50 74
8 65
32 57
26 62
8 75
0 55
37 70
5 56
12 81
12 70
54 78
43 66
21 61
11 71
47 79
26 67
1 60
47 59
5 79
22 83
25 61
2 60
32 62
29 75
7 69
25 76
54 83
7 60
52 79
54 56
52 57
15 83
14 72
1 63
53 75
15 76
26 80
21 62
25 62
48 71
52 58
46 74
40 70
30 71
25 72
39 75
51 57
45 74
10 76
4 81
41 84
3 57
9 81
47 64
3 59
29 60
8 55
43 67
23 56
23 70
38 74
50 81
23 55
34 82
31 55
1 62
12 62
37 60
27 70
6 65
50 77
36 55
11 56
42 79
7 83
5 57
26 65
32 58
31 71
25 68
27 60
5 60
29 74
26 70
30 72
9 77
40 82
40 68
13 78
3 71
35 71
13 77
27 62
16 63
16 82
7 55
33 84
24 73
19 67
41 73
36 70
13 60
31 57
19 60
0 66
17 58
2 80
29 68
29 66
3 60
30 57
48 60
44 59
45 61
39 84
4 59
40 84
6 56
26 66
52 65
51 56
37 71
32 65
38 58
40 75
30 58
13 73
12 75
42 80
52 68
18 70
30 75
19 81
24 60
7 67
37 62
50 59
36 72
35 66
29 69
42 67
37 74
30 70
44 57
44 60
53 59
30 59
15 79
4 78
53 61
3 77
48 76
29 56
46 70
37 82
4 77
21 81
31 77
12 71
45 60
21 56
31 80
48 58
12 55
49 71
42 74
11 69
37 59
40 81
5 59
14 55
3 61
6 67
45 70
25 63
23 59
18 77
5 63
33 74
14 69
35 63
1 69
52 56
54 67
31 59
32 69
15 78
22 76
16 62
17 72
16 57
1 59
49 82
42 70
40 73
18 60
43 79
10 61
40 77
11 62
35 81
54 58
3 72
3 70
12 69
23 84
1 82
41 56
27 78
43 62
49 55
34 57
8 80
46 65
19 77
50 58
49 72
47 81
20 74
52 72
22 72
43 83
46 58
50 84
11 65
3 84
40 83
21 69
14 75
6 68
28 69
28 64
28 58
11 60
49 80
36 65
53 76
25 60
54 76
1 75
29 61
20 67
24 59
15 71
13 57
29 82
37 69
35 73
27 79
16 59
39 73
3 74
45 72
31 74
41 64
44 65
25 71
4 72
14 74
19 65
22 68
16 58
15 63
12 73
6 73
51 55
19 78
25 58
4 76
27 68
3 64
7 82
19 79
41 63
37 83
37 78
47 57
12 82
20 56
47 63
40 69
19 71
20 77
20 61
17 76
31 81
0 56
8 69
27 55
22 56
35 57
26 72
51 81
16 76
9 57
30 63
14 83
12 68
13 79
2 58
21 72
18 84
13 74
9 79
52 61
21 57
2 82
20 62
40 74
27 64
2 71
22 63
1 80
49 83
17 77
44 74
5 74
11 79
36 71
4 70
54 62
44 80
9 66
26 77
3 75
18 78
10 67
14 84
7 57
10 63
0 81
34 58
18 62
25 70
10 77
51 74
49 60
10 75
28 72
53 83
51 66
15 65
13 67
23 57
10 79
52 59
15 67
27 77
20 55
7 72
16 83
50 72
14 78
37 73
10 64
16 60
0 79
12 72
30 68
7 71
51 73
43 70
26 68
12 67
5 62
31 56
48 59
21 59
9 58
36 83
29 59
22 75
14 56
22 77
49 74
7 65
21 80
16 65
52 60
43 82
15 69
8 58
31 70
20 59
31 83
19 64
49 73
53 68
34 68
34 59
45 64
4 82
42 55
50 76
10 69
11 78
19 83
14 60
6 82
35 83
53 84
44 67
32 67
9 82
24 66
37 65
24 55
1 72
43 68
44 70
18 79
1 64
36 79
35 68
40 66
19 73
45 62
3 69
45 59
43 58
20 70
50 61
49 63
32 56
13 56
33 64
37 79
7 81
23 61
0 68
30 80
50 64
45 67
43 84
53 81
40 67
9 83
17 78
13 72
26 61
1 74
34 73
5 70
1 81
13 59
48 56
17 71
41 71
35 69
26 71
0 82
39 67
36 81
24 69
51 69
33 83
0 73
28 83
2 55
14 66
26 59
4 65
10 65
39 57
28 59
51 63
53 77
12 58
9 56
34 79
53 55
42 61
8 61
29 65
19 59
28 56
33 71
49 70
31 66
47 66
8 64
19 58
40 79
13 76
30 67
39 79
38 57
16 80
1 67
12 84
26 81
0 84
22 74
46 80
0 72
36 80
13 69
15 82
2 75
53 74
40 65
48 55
30 78
45 68
4 57
33 69
30 60
26 60
9 69
12 79
23 63
27 76
16 66
12 56
30 64
16 67
44 63
3 78
23 60
42 75
14 59
6 64
3 80
27 74
53 57
2 64
38 83
15 62
54 64
19 70
34 56
23 64
39 64
12 65
30 81
34 55
6 76
17 65
40 56
31 61
4 55
35 70
42 64
21 64
8 57
46 81
1 84
1 78
19 69
0 80
51 78
27 72
43 64
45 79
35 79
50 79
51 77
26 74
8 83
52 71
53 58
40 72
39 78
35 75
49 61
34 67
15 61
48 78
43 61
11 66
30 79
13 64
41 78
7 56
7 70
22 82
23 74
17 68
25 77
38 84
1 71
24 61
46 55
32 61
3 67
49 79
26 73
48 72
31 76
45 82
20 71
28 68
33 72
51 83
43 63
24 75
12 78
4 68
26 83
21 74
42 73
2 84
9 72
18 63
8 78
44 64
11 61
25 64
14 70
28 71
48 61
38 66
22 61
9 80
42 57
52 81
32 78
36 63
8 79
32 77
35 59
9 70
45 81
8 60
17 60
14 80
41 72
48 77
23 81
1 61
6 59
29 84
43 72
47 70
8 56
10 83
11 83
5 73
9 62
19 80
46 68
33 60
18 57
32 84
8 70
1 77
39 61
41 66
28 61
41 69
10 56
2 73
8 81
46 73
32 63
34 84
39 83
36 75
28 79
2 83
1 56
28 82
35 82
24 62
4 79
49 68
12 61
7 63
53 71
28 81
2 76
22 58
16 55
9 75
36 62
46 76
45 63
5 69
27 67
10 68
35 58
36 59
32 81
1 83
44 84
50 70
8 73
23 58
31 60
35 84
25 78
10 66
16 78
24 64
13 55
22 80
26 84
13 80
16 73
50 68
36 56
15 64
16 70
42 78
51 70
12 77
26 58
54 60
45 71
2 62
23 73
26 76
30 66
25 55
32 74
47 68
5 64
18 55
52 63
28 55
52 83
41 65
40 62
37 67
50 83
0 74
38 70
32 75
29 77
26 56
47 73
40 55
52 73
40 58
50 71
37 61
20 80
51 75
40 78
46 79
53 56
45 57
33 57
39 69
21 58
14 81
34 70
20 72
23 77
47 80
7 77
54 68
38 78
14 68
9 71
49 77
17 66
16 56
26 79
18 59
21 60
11 77
35 72
35 67
53 72
37 77
3 68
24 76
5 80
6 61
52 76
5 58
41 59
49 56
0 70
33 75
45 83
50 73
6 77
49 57
10 72
42 65
54 79
8 63
2 59
27 84
7 73
2 72
7 75
39 76
18 65
51 82
27 71
14 64
30 77
40 57
3 81
51 71
40 64
27 66
43 78
31 75
24 71
36 60
33 73
21 76
5 82
0 59
8 67
47 56
44 82
14 61
38 67
41 67
15 81
34 64
33 80
23 71
9 78
29 80
20 58
0 61
44 69
47 82
2 61
29 71
52 78
35 55
45 65
20 82
21 83
8 77
50 63
46 82
37 80
45 66
49 67
43 55
31 68
33 56
9 59
42 82
47 65
37 58
33 63
9 60
39 74
23 79
41 57
44 81
11 64
47 69
16 71
28 77
39 59
28 66
4 61
28 60
41 58
31 78
20 68
41 61
12 80
4 64
54 66
2 67
33 77
11 75
24 74
3 56
40 80
33 76
42 62
5 55
7 64
6 72
54 57
45 75
5 75
46 57
13 61
3 62
14 65
29 70
10 80
32 80
11 59
50 66
11 82
10 62
49 69
2 56
4 74
53 66
19 56
39 65
16 61
17 69
7 74
50 57
28 62
31 62
35 76
49 66
44 77
49 58
6 81
14 82
30 55
53 80
17 73
33 55
53 73
8 71
31 65
28 75
6 74
24 70
54 74
51 61
3 66
45 69
27 81
6 83
47 67
9 65
28 84
34 69
15 72
27 80
23 65
36 58
8 68
3 76
35 60
6 60
38 56
37 72
22 79
38 61
23 75
29 55
49 76
14 76
14 57
21 66
16 72
39 56
53 78
43 69
52 84
16 68
2 78
39 68
23 67
28 63
51 84
24 83
0 62
19 57
30 83
22 60
27 59
38 62
4 58
49 64
46 56
12 60
38 76
10 74
29 63
28 57
34 74
36 84
33 59
50 78
9 84
16 74
41 80
54 80
30 56
7 61
0 58
52 82
29 76
30 62
42 76
38 68
30 61
10 55
0 64
4 69
33 66
17 61
21 79
20 83
18 68
10 73
6 69
4 62
6 62
46 72
33 65
48 73
39 63
