45 45 75 1350
0 1
1 2
2 3
3 4
4 5
5 6
6 7
7 8
8 9
9 10
10 11
11 12
12 13
13 14
14 15
15 16
16 17
17 18
18 19
19 20
20 21
21 22
22 23
23 24
24 25
25 26
26 27
27 28
28 29
29 30
30 31
31 32
32 33
33 34
34 35
35 36
36 37
37 38
38 39
39 40
40 41
41 42
42 43
43 44
44 0
7 69
9 49
6 59
30 71
12 62
4 65
39 65
19 67
1 74
24 72
27 61
5 69
16 72
43 52
30 60
19 64
29 51
37 54
7 65
19 68
25 51
24 73
27 66
25 62
0 51
27 46
3 70
33 70
28 61
38 55
2 62
29 45
42 58
11 58
33 74
14 54
14 47
7 64
40 58
32 72
9 66
27 58
21 68
42 59
27 45
39 53
19 61
26 67
26 73
18 73
28 53
27 71
35 55
3 47
16 67
5 70
15 59
18 64
26 51
24 71
25 53
24 53
43 53
28 51
40 63
11 64
37 65
13 49
3 45
8 73
44 47
2 65
18 50
18 71
15 58
24 45
43 67
24 58
5 55
25 74
1 68
9 46
35 63
32 60
42 55
42 63
19 72
38 50
41 52
42 66
4 69
39 66
32 45
17 57
1 50
17 54
3 52
39 67
16 55
35 57
30 45
26 46
20 58
40 60
24 52
23 49
5 61
1 69
34 56
38 60
19 52
44 58
12 51
13 74
17 60
17 62
0 50
14 60
14 72
22 68
1 56
28 50
3 65
21 62
19 70
27 65
10 59
21 67
10 46
6 64
32 55
7 62
24 46
5 51
20 47
36 50
10 54
23 48
15 65
30 55
8 61
31 69
33 63
24 57
6 56
25 55
19 56
30 59
18 52
12 54
44 60
3 61
17 51
40 52
20 50
9 60
37 69
42 62
1 45
11 59
38 58
21 48
23 63
22 45
32 69
0 69
33 51
31 52
41 57
23 67
15 53
6 67
6 72
15 57
42 68
9 51
11 68
44 70
8 59
6 70
25 54
29 59
42 50
32 62
16 69
20 66
22 54
17 67
15 64
10 64
33 46
36 61
7 46
5 50
22 51
10 50
13 50
20 63
21 71
1 63
40 54
17 63
29 68
0 47
39 74
12 66
37 68
38 53
44 48
27 51
15 70
30 61
13 69
31 67
0 57
36 60
15 66
25 56
13 51
41 47
31 56
11 45
8 67
23 74
27 69
28 63
5 56
9 68
30 69
14 59
2 59
24 64
34 60
44 52
28 60
41 56
16 73
25 52
34 59
22 70
10 56
12 67
27 68
10 73
25 48
31 53
7 53
32 73
17 70
1 55
24 66
3 48
33 67
11 72
42 72
9 53
5 72
29 69
39 59
4 50
9 74
26 58
28 69
44 61
3 55
22 52
10 70
2 61
40 50
17 71
31 66
14 73
30 49
26 71
41 55
10 45
29 62
8 65
28 46
0 74
28 64
44 69
4 63
12 57
0 46
40 59
16 46
13 62
34 62
25 60
16 56
5 52
41 59
40 72
16 66
18 53
36 73
34 53
12 68
23 56
35 60
25 64
27 73
23 58
18 58
20 73
8 57
20 45
21 57
28 54
29 61
28 65
5 63
13 67
33 71
41 66
43 47
20 48
33 45
26 63
14 46
13 59
30 63
21 47
17 49
40 49
18 48
3 57
34 70
37 56
37 52
29 74
17 50
40 74
38 52
3 68
16 70
33 72
4 51
39 50
24 48
18 56
3 46
29 64
0 66
43 48
32 46
18 59
3 58
38 61
28 68
13 58
11 67
29 70
25 46
24 74
24 67
34 51
25 65
37 55
38 56
3 56
33 48
39 49
11 71
36 58
9 70
9 69
34 61
26 66
40 65
14 52
23 71
35 70
32 68
14 56
27 49
10 71
24 51
1 60
9 50
31 50
15 74
32 74
34 46
2 70
1 51
22 59
6 51
22 73
17 55
7 72
11 73
32 56
33 69
14 51
30 58
13 73
25 71
11 57
22 64
0 63
39 48
7 68
15 54
32 66
1 54
32 61
6 65
19 60
9 45
28 48
26 62
22 74
42 46
13 65
11 51
8 72
26 56
3 64
21 59
13 46
36 53
9 56
40 71
4 64
23 62
4 70
27 64
33 57
9 73
38 74
41 67
41 46
6 46
17 46
22 53
21 58
8 56
27 59
15 72
43 69
18 49
27 57
37 60
34 52
7 57
1 73
40 53
29 58
28 49
33 49
7 67
9 55
44 49
13 72
36 55
25 47
32 50
1 65
39 58
31 68
15 45
7 52
18 65
26 69
18 46
2 58
15 50
22 65
38 64
35 74
8 49
16 61
18 66
16 60
25 57
7 47
38 51
5 67
31 45
42 69
1 46
35 73
12 56
1 53
2 69
31 58
32 54
26 65
35 53
17 52
3 66
34 73
7 56
29 65
7 58
21 69
17 47
12 64
4 58
43 60
36 49
21 53
9 67
37 47
11 74
29 63
24 69
5 71
34 47
8 71
40 73
6 47
20 62
29 73
22 63
20 64
6 53
36 72
3 71
0 72
31 47
12 69
13 70
42 45
22 60
11 48
39 57
41 54
2 57
29 57
12 50
38 49
43 54
20 49
6 74
32 58
9 58
44 55
16 63
3 54
8 50
12 63
38 57
5 73
37 57
1 52
4 48
35 71
25 58
16 47
21 74
16 52
37 46
36 68
24 56
15 48
1 72
36 63
32 49
4 74
12 59
34 54
28 71
44 65
38 46
5 68
26 49
19 66
36 51
7 48
37 49
16 64
5 53
25 72
26 70
35 64
3 53
7 60
2 55
14 69
8 51
8 68
22 55
12 60
11 56
17 64
30 72
9 63
36 45
43 56
1 62
39 54
23 46
24 62
19 53
10 66
10 49
5 45
10 72
17 58
37 64
29 53
21 50
16 45
1 57
39 63
26 50
6 66
7 63
2 45
27 62
24 47
28 74
38 73
3 60
36 66
26 48
24 70
30 62
8 52
4 66
28 45
1 49
43 51
28 62
35 56
21 55
44 53
30 50
33 66
9 54
29 48
21 52
34 66
13 61
12 49
39 46
44 57
36 52
19 46
14 68
40 67
2 48
19 62
19 51
38 54
21 49
15 46
12 74
14 62
0 70
27 47
25 63
35 66
15 52
39 71
14 65
6 60
26 55
22 66
30 66
39 68
33 60
15 67
40 62
8 55
23 61
7 74
0 45
11 47
21 61
23 47
10 53
37 62
19 48
21 66
42 56
38 66
6 61
31 60
7 73
37 66
20 55
22 71
17 45
8 62
10 63
20 72
25 69
10 60
9 48
31 57
27 52
13 48
21 64
31 59
33 56
7 71
29 54
38 48
43 63
32 48
23 66
43 73
31 63
42 71
10 69
28 52
11 66
16 48
41 73
18 60
10 62
31 71
0 48
26 64
7 45
6 62
35 68
13 57
6 58
18 72
43 65
40 70
42 61
39 52
12 58
11 61
27 63
23 65
14 67
27 55
42 74
35 51
28 66
44 56
0 71
24 61
5 47
35 50
20 60
8 48
39 73
23 60
41 50
39 70
39 60
26 72
12 61
10 52
0 65
33 59
5 46
2 47
18 62
29 71
44 59
33 52
38 72
14 70
41 65
4 71
41 49
19 58
41 60
15 60
6 57
24 59
43 55
2 64
6 52
21 51
19 49
24 55
33 55
18 54
41 58
41 63
10 58
7 55
30 52
14 53
41 51
29 46
36 59
16 68
23 73
26 57
22 61
43 62
8 47
37 74
27 74
4 47
37 59
20 74
38 71
4 52
4 60
42 57
15 61
20 54
9 59
0 53
14 71
22 48
27 60
25 67
9 47
2 46
34 71
8 66
44 50
19 59
29 72
30 68
35 49
13 52
40 64
8 69
44 51
37 48
27 70
43 74
17 48
19 73
26 52
28 59
8 74
4 45
10 65
17 73
35 67
21 63
43 72
17 56
26 45
39 72
34 58
36 69
5 74
20 69
10 67
18 68
31 49
16 59
14 74
30 74
40 55
42 64
40 69
19 69
31 55
1 70
6 69
35 47
18 57
43 50
4 61
4 73
28 58
40 45
7 70
34 67
43 66
37 67
36 71
4 67
21 54
2 72
39 47
9 64
41 53
34 72
29 52
19 71
21 73
9 61
13 66
2 74
34 57
6 48
21 46
23 45
37 73
34 65
4 55
30 64
41 45
32 47
20 68
26 54
42 49
37 50
34 64
20 61
15 73
44 74
43 49
44 63
14 58
0 54
28 70
0 56
30 46
5 65
5 66
29 55
2 52
9 62
20 67
2 60
13 55
39 69
24 49
0 64
41 61
20 70
32 51
33 47
7 51
2 71
1 66
30 54
25 68
9 71
15 56
4 46
19 47
27 53
7 59
41 64
16 74
35 72
20 51
8 46
44 67
4 57
22 62
19 55
41 68
16 54
31 62
41 72
38 65
3 51
11 62
20 53
33 58
31 64
15 62
35 46
41 69
27 67
9 57
6 71
42 60
30 47
4 53
12 65
23 51
19 45
11 55
33 53
23 69
3 69
8 70
12 45
1 67
15 49
44 64
31 65
24 68
42 53
28 55
4 62
5 64
44 46
15 69
30 48
32 65
18 63
44 68
34 49
7 61
16 62
10 74
0 60
18 70
41 74
2 68
18 69
21 45
40 48
25 70
1 47
11 46
42 52
14 45
44 71
4 59
20 46
2 50
27 50
2 66
42 67
24 54
39 56
17 59
35 48
16 49
16 65
21 60
43 70
39 55
39 51
0 73
36 65
4 68
1 58
20 56
43 68
8 60
44 72
2 51
25 66
29 67
28 72
33 54
26 47
0 55
29 60
43 45
23 53
2 63
23 54
22 49
24 63
10 68
36 70
36 74
11 60
29 49
3 50
31 61
12 73
26 60
25 49
11 54
23 50
14 66
8 64
34 68
30 56
39 45
31 51
38 45
12 71
37 53
37 58
22 72
13 68
18 61
22 69
22 56
21 70
10 48
19 57
8 45
15 51
17 66
43 58
17 68
25 50
5 54
39 64
27 56
37 72
11 70
26 53
17 72
27 48
0 67
35 52
36 64
40 57
28 56
42 65
16 58
21 65
26 68
29 50
23 57
36 67
18 67
12 48
35 54
16 53
18 45
38 62
44 66
36 54
33 50
3 62
15 71
10 47
39 61
42 48
34 45
0 52
1 64
19 65
20 71
4 56
25 45
15 55
0 58
35 59
40 56
41 48
8 58
16 50
0 68
13 47
6 55
30 73
35 69
37 61
32 53
0 59
32 67
12 72
9 52
23 55
22 46
17 74
7 66
17 65
25 59
9 72
36 62
0 61
25 73
1 61
16 71
29 47
12 53
10 57
5 58
23 52
17 69
43 46
13 64
18 55
6 49
44 73
37 45
5 62
44 54
13 60
23 72
6 63
32 57
2 56
42 47
34 63
31 70
10 55
26 59
22 58
38 68
31 73
4 49
21 72
3 49
35 58
36 56
43 57
0 49
36 57
23 68
14 49
33 68
1 71
44 62
42 54
14 64
12 52
38 47
33 65
40 68
28 67
14 61
7 50
6 68
34 74
36 47
11 53
37 51
30 53
12 55
20 52
10 61
38 69
31 46
14 63
26 74
24 65
1 48
5 49
13 53
40 46
14 48
12 70
23 70
19 63
22 50
36 48
35 61
12 46
38 67
28 73
34 48
4 54
13 63
37 71
2 54
14 57
29 56
22 67
41 70
30 57
23 64
37 63
17 53
3 74
15 47
32 59
15 68
14 50
43 71
30 51
28 47
31 48
6 50
2 67
30 70
6 73
10 51
35 45
22 57
18 47
40 51
2 73
41 62
38 70
28 57
3 63
43 59
11 49
3 73
31 54
31 72
14 55
11 50
18 51
31 74
20 59
11 52
5 57
24 50
5 60
35 62
11 69
33 61
29 66
33 64
21 56
24 60
41 71
18 74
6 54
17 61
30 67
3 59
16 57
37 70
19 74
32 64
32 63
40 61
4 72
2 49
5 59
0 62
27 54
13 56
3 72
13 54
33 62
34 55
38 59
35 65
3 67
16 51
32 52
22 47
27 72
20 57
33 73
6 45
43 64
34 50
11 63
25 61
12 47
32 70
15 63
23 59
8 53
9 65
42 73
7 49
42 70
30 65
5 48
2 53
7 54
40 47
1 59
44 45
19 50
42 51
34 69
36 46
26 61
20 65
43 61
13 71
38 63
39 62
19 54
8 63
32 71
11 65
40 66
8 54
13 45
