15 15 45 450
0 1
1 2
2 3
3 4
4 5
5 6
6 7
7 8
8 9
9 10
10 11
11 12
12 13
13 14
14 0
7 39
9 19
6 29
0 41
12 32
4 35
9 35
4 37
1 44
9 42
12 31
5 39
1 42
13 22
0 30
4 34
14 21
7 24
7 35
4 38
10 21
9 43
12 36
10 32
0 21
12 16
3 40
13 31
8 25
2 32
14 15
12 28
11 28
3 44
14 24
14 17
7 34
10 28
2 42
9 36
6 38
12 29
12 15
9 23
4 31
11 37
11 43
3 43
13 23
12 41
5 25
3 17
1 37
5 40
0 29
3 34
11 21
9 41
10 23
13 21
10 33
11 34
13 19
3 15
8 43
2 35
3 20
3 41
0 28
9 15
13 37
9 28
10 44
1 38
9 16
5 33
2 30
12 25
12 33
4 42
8 20
11 22
4 39
2 15
2 27
1 20
2 24
3 22
9 37
1 25
5 27
0 15
11 16
5 28
10 30
9 22
8 19
5 31
1 39
4 26
8 30
4 22
14 28
12 21
13 44
0 20
14 30
14 42
7 38
1 26
13 20
3 35
6 32
4 40
12 35
10 29
6 37
10 16
6 34
2 25
7 32
5 21
5 17
6 20
10 24
8 18
0 35
0 25
8 31
3 33
9 27
6 26
10 25
12 24
3 31
2 21
10 22
5 20
9 30
1 15
11 29
8 28
6 18
8 33
7 15
2 39
0 39
3 21
1 22
11 27
8 37
0 23
6 42
0 27
12 38
9 21
11 38
14 40
8 29
6 40
14 29
12 20
5 36
2 37
0 34
10 34
3 16
6 31
7 16
7 21
10 20
6 41
1 33
2 33
14 38
0 17
9 44
8 23
14 18
0 40
0 31
13 39
6 30
0 36
10 26
11 17
11 15
8 44
12 39
13 33
5 26
9 38
2 29
9 34
4 30
14 22
13 30
11 26
1 43
4 29
7 40
12 37
10 43
10 18
1 23
7 23
2 43
2 40
3 18
3 37
11 42
12 42
5 42
14 39
9 29
4 20
14 31
3 25
7 22
10 40
2 31
2 41
1 36
14 43
0 19
11 41
11 25
10 15
14 32
8 35
13 16
0 44
13 34
4 33
12 27
0 16
1 16
13 32
4 32
5 22
10 42
3 23
6 43
4 23
8 26
5 30
12 43
3 28
5 43
8 27
5 15
6 27
13 24
13 35
11 36
13 17
5 18
11 33
14 16
13 29
0 33
6 17
2 19
10 19
3 27
7 26
14 44
2 20
8 22
3 38
1 40
3 42
4 21
9 20
9 18
3 26
14 34
13 18
2 16
3 29
13 38
13 28
10 35
7 25
6 28
9 40
9 39
8 41
2 38
14 26
12 19
10 41
1 30
2 44
4 16
1 21
7 29
6 21
7 43
7 42
2 26
3 39
13 43
0 24
2 36
1 24
6 35
11 32
7 44
8 42
6 23
9 26
8 32
12 34
6 16
0 42
3 19
7 30
7 27
7 37
9 25
14 19
13 42
6 25
10 17
1 35
11 39
2 28
8 34
5 44
1 31
3 36
10 27
7 17
8 21
5 37
12 26
1 28
11 35
5 23
2 22
4 43
14 35
7 28
6 39
2 17
4 28
6 19
11 44
14 33
5 41
4 17
5 32
7 33
5 34
1 17
13 40
11 18
11 24
14 27
5 19
6 44
14 25
3 24
4 18
0 18
6 33
4 44
4 24
13 41
8 16
5 38
11 19
4 36
7 18
7 19
1 34
11 40
8 38
12 30
2 34
9 33
6 15
13 26
1 32
9 24
9 32
10 36
14 23
1 27
11 20
6 36
9 17
3 30
0 32
13 15
1 19
6 22
10 37
2 18
8 24
12 44
12 17
0 22
7 36
0 37
8 17
8 36
7 41
10 39
12 22
1 29
1 18
1 41
13 27
11 31
14 37
13 36
9 31
5 16
3 32
14 41
4 41
11 30
13 25
4 19
7 31
5 24
14 20
0 38
8 39
12 40
4 15
6 24
11 23
4 27
8 15
4 25
7 20
0 43
0 26
5 35
10 38
12 23
8 40
14 36
12 18
5 29
2 23
10 31
