40 40 70 1200
0 1
1 2
2 3
3 4
4 5
5 6
6 7
7 8
8 9
9 10
10 11
11 12
12 13
13 14
14 15
15 16
16 17
17 18
18 19
19 20
20 21
21 22
22 23
23 24
24 25
25 26
26 27
27 28
28 29
29 30
30 31
31 32
32 33
33 34
34 35
35 36
36 37
37 38
38 39
39 0
12 63
15 61
39 53
14 59
0 64
6 64
15 69
26 47
28 46
35 55
9 66
7 50
37 53
31 64
14 63
17 63
11 44
35 69
36 62
29 55
2 59
12 42
36 66
6 61
24 48
3 40
4 58
3 64
3 53
36 67
11 69
30 61
33 51
17 49
38 55
28 58
26 56
32 50
10 44
39 68
29 40
0 54
22 67
37 62
0 53
4 52
31 49
11 68
22 43
30 50
2 57
11 43
39 46
24 54
38 43
12 51
20 59
33 42
12 40
11 50
11 48
39 59
36 42
23 68
37 48
23 47
4 65
25 51
29 57
8 60
20 42
25 47
25 58
38 67
25 41
36 54
10 48
13 47
12 65
34 44
15 44
34 43
37 67
3 48
33 56
37 46
39 50
35 52
21 68
31 42
38 60
2 44
31 68
12 48
19 53
24 50
38 65
25 65
32 54
24 65
3 57
9 46
29 69
37 66
28 41
18 62
29 48
19 48
10 45
0 69
2 45
19 56
8 42
9 67
26 46
38 61
11 53
28 52
38 52
21 69
4 69
1 62
17 57
23 60
25 56
30 56
8 57
19 65
39 67
28 57
16 50
33 66
0 49
21 40
19 67
1 50
0 46
26 64
14 41
33 60
18 47
34 59
21 49
1 55
9 51
2 55
20 49
19 69
0 47
19 55
36 63
0 65
6 49
33 43
22 60
4 60
7 59
27 51
38 62
3 56
12 59
21 51
39 45
10 59
20 62
19 61
35 46
6 45
38 44
33 67
30 64
1 66
2 43
39 65
17 51
14 58
7 42
6 46
22 65
6 52
33 57
11 58
28 53
20 68
15 65
12 45
33 54
18 43
35 65
30 68
33 49
12 54
31 48
39 40
38 47
4 40
4 42
23 45
27 60
3 63
8 50
7 67
9 53
37 52
17 61
13 67
5 53
21 66
32 44
5 61
36 47
36 48
10 43
14 50
39 43
29 58
9 49
7 49
18 51
0 40
25 46
4 68
39 52
39 44
17 60
16 42
22 48
20 67
9 56
11 57
18 50
8 47
29 53
33 59
7 56
22 44
18 41
17 43
22 42
5 56
15 40
30 44
8 61
15 42
9 48
18 67
11 62
8 54
7 44
14 61
6 63
35 43
11 67
15 64
15 48
34 69
32 43
24 64
39 60
8 53
26 65
8 56
31 56
2 49
10 54
14 51
10 41
14 64
10 60
12 49
8 43
7 46
6 55
12 41
18 42
13 54
29 46
16 58
11 54
14 40
25 68
28 49
12 66
4 56
32 48
22 54
10 40
24 60
1 63
16 43
38 63
25 60
11 42
25 44
33 40
30 69
21 60
5 66
29 44
26 49
38 48
28 61
34 47
25 64
23 41
4 67
9 64
29 61
36 45
7 61
4 45
16 59
11 65
13 63
26 48
7 68
18 52
23 58
36 49
15 52
37 55
21 41
39 42
23 53
19 60
1 53
7 57
9 68
24 45
13 65
4 64
35 45
30 51
15 68
14 55
9 58
34 57
35 63
26 60
23 62
24 53
28 42
6 44
15 49
21 54
24 59
30 53
37 41
28 65
38 53
3 61
24 55
16 49
31 65
7 43
38 56
11 56
38 45
27 46
8 65
17 58
23 46
32 68
5 54
32 42
39 51
13 55
1 46
7 69
3 47
15 63
4 66
20 41
2 53
28 69
7 52
15 55
38 41
1 48
18 57
13 46
8 55
26 53
34 41
20 57
39 49
1 52
15 60
38 59
3 55
27 52
32 60
25 55
28 54
30 42
11 49
8 63
34 65
0 44
35 57
20 54
34 53
10 58
30 52
16 67
28 66
30 60
29 65
13 51
36 55
8 69
4 63
29 63
10 57
22 69
4 55
16 63
27 50
36 65
37 49
22 68
27 41
26 58
31 41
33 64
7 55
33 48
7 51
4 50
37 54
10 66
5 46
37 63
30 47
26 51
21 52
0 55
21 43
11 45
28 62
3 52
28 51
25 42
20 64
30 46
2 58
0 61
27 61
20 65
27 63
13 52
37 64
38 50
16 51
1 58
26 44
0 48
38 42
5 60
30 65
22 57
31 53
9 42
39 58
1 54
27 54
30 55
8 51
17 50
21 65
39 57
35 53
31 61
0 51
35 59
0 66
29 51
0 67
37 61
9 65
4 44
23 52
6 51
14 42
26 52
21 47
21 55
37 51
34 55
7 41
39 61
37 60
33 63
14 60
27 42
12 60
3 41
25 50
24 42
34 49
9 45
13 69
27 65
30 54
21 56
22 66
38 49
6 58
17 52
18 63
8 46
29 52
23 56
14 43
19 59
4 62
9 60
19 58
5 50
23 59
11 66
21 63
9 40
3 58
15 59
24 51
33 61
26 55
35 54
36 69
23 69
37 45
32 41
6 69
7 53
28 50
38 69
39 48
24 62
30 57
31 58
33 41
11 64
6 60
3 69
4 41
16 66
3 46
16 47
30 63
7 48
15 41
2 42
25 66
7 60
31 43
8 58
0 60
0 42
25 57
33 68
2 63
3 51
29 47
31 50
35 42
9 44
7 58
1 68
1 44
5 44
20 66
26 40
29 42
35 62
33 53
36 59
4 43
21 57
0 58
5 59
22 52
27 62
22 46
28 55
11 51
32 47
5 68
13 40
12 56
24 66
20 48
19 45
39 64
31 52
36 53
9 63
22 58
10 47
6 42
21 44
10 62
5 69
8 67
29 66
38 68
2 41
0 59
38 66
12 58
27 55
12 67
34 61
26 69
18 68
27 69
28 43
15 43
35 41
10 42
9 57
37 40
33 50
16 69
5 55
33 47
24 46
26 62
10 56
13 44
5 47
37 58
34 51
5 65
19 63
3 62
16 52
29 45
17 62
18 69
38 40
37 68
34 62
27 49
27 43
13 49
19 62
1 47
10 69
17 67
12 50
37 65
15 53
16 68
0 45
35 68
13 60
14 53
19 64
3 42
14 46
33 69
2 48
5 58
2 67
23 44
39 54
8 44
26 61
27 68
7 40
37 69
4 51
32 49
3 43
17 64
31 57
20 44
14 52
33 58
19 68
22 51
33 44
39 66
1 64
29 62
23 51
13 41
17 69
2 52
6 68
2 65
2 51
33 62
22 47
23 63
18 54
25 63
32 46
34 40
20 51
39 56
25 69
20 50
16 56
8 41
16 57
37 43
12 44
20 45
14 48
19 44
9 59
26 43
33 46
15 67
32 59
30 40
8 48
35 67
13 68
13 42
28 45
20 53
36 57
17 40
12 62
32 67
18 66
14 44
27 48
2 56
23 50
9 50
16 55
39 55
24 52
14 45
1 42
20 47
28 48
15 47
16 46
28 59
1 49
25 48
20 61
5 52
31 60
21 45
11 61
27 59
2 62
7 66
26 50
24 61
17 41
37 56
10 67
36 52
38 51
7 62
24 40
2 46
34 68
31 45
16 40
28 68
29 43
17 55
16 45
35 48
17 56
10 49
17 48
14 54
12 61
15 46
29 49
10 52
36 56
24 67
17 65
14 67
1 41
21 67
8 45
18 65
13 61
14 49
38 54
33 45
29 56
23 61
35 56
30 49
5 67
23 54
32 62
23 43
3 67
18 59
19 51
1 67
29 68
25 40
32 65
16 41
5 42
13 57
34 60
10 55
34 52
28 63
28 44
5 40
22 64
11 46
31 66
19 46
28 64
21 46
0 57
15 66
5 41
9 69
4 59
35 50
5 43
3 65
11 41
34 48
19 47
34 54
12 57
10 51
4 54
22 45
6 40
27 57
34 67
24 63
13 66
2 40
29 67
14 66
0 68
12 43
1 57
21 50
33 65
36 43
24 41
11 47
9 54
32 52
12 47
23 55
7 63
37 57
24 49
34 58
32 63
34 50
31 69
20 63
2 47
21 59
5 45
19 50
18 46
14 68
15 56
37 59
31 40
3 49
35 58
19 41
0 41
10 61
9 41
14 56
32 69
6 50
39 41
26 41
20 52
7 54
8 68
36 60
13 58
9 47
30 48
2 60
0 52
9 62
23 57
12 55
21 48
29 59
12 69
19 54
17 46
20 60
1 43
32 61
35 49
28 40
22 63
25 62
26 68
1 51
8 52
19 43
31 67
31 59
17 42
20 56
10 46
32 51
25 52
1 61
15 54
33 55
16 65
35 64
37 50
2 69
21 42
1 69
2 50
10 68
30 43
10 64
31 44
25 54
30 67
22 59
24 43
31 54
11 52
23 67
1 65
39 47
7 65
24 69
0 50
26 63
26 45
26 67
4 46
22 53
26 54
14 47
39 69
22 62
10 50
30 58
17 66
8 49
36 51
25 53
1 56
13 56
5 49
18 40
5 57
13 62
23 66
22 56
24 58
18 58
25 49
20 43
6 43
37 47
13 43
20 40
28 60
17 44
29 54
15 62
6 66
15 51
18 64
34 42
14 57
4 49
18 61
27 56
0 56
31 51
15 50
11 63
6 41
18 45
33 52
15 58
23 42
6 57
38 46
34 45
34 64
13 59
20 69
32 57
30 59
11 55
13 64
19 49
36 64
1 60
6 54
12 68
9 52
20 55
34 56
3 54
24 44
27 64
37 44
5 64
27 45
36 41
28 56
21 64
39 63
19 42
14 62
22 41
18 53
3 59
12 52
22 49
31 63
18 60
22 61
6 48
0 43
13 50
27 58
30 66
24 57
6 65
7 45
35 66
16 60
27 67
7 64
13 53
0 63
22 50
14 69
37 42
23 49
9 61
35 44
13 48
30 62
8 59
10 63
38 58
24 56
3 60
8 62
22 40
17 45
4 48
20 58
4 61
18 49
16 61
13 45
12 64
9 55
23 64
4 57
29 64
16 62
36 50
19 66
32 58
31 62
29 50
1 45
35 47
29 60
31 47
3 50
1 59
18 48
30 41
16 44
23 48
21 61
34 63
8 64
3 44
6 47
16 54
31 46
3 68
38 64
12 46
2 54
32 56
16 64
27 40
26 42
14 65
35 60
9 43
6 67
29 41
18 55
27 53
36 46
34 46
5 63
32 66
7 47
36 58
19 52
8 66
19 57
23 40
35 61
21 62
5 48
5 62
8 40
26 59
17 47
28 47
3 66
1 40
24 68
27 47
25 45
12 53
25 43
32 45
18 56
28 67
21 58
23 65
2 61
6 62
24 47
25 59
39 62
15 45
35 40
19 40
0 62
32 40
34 66
5 51
6 53
2 64
17 68
36 61
38 57
27 66
4 47
36 68
4 53
21 53
26 66
11 60
2 66
11 40
17 53
18 44
22 55
30 45
10 65
26 57
16 48
32 53
6 59
2 68
3 45
36 40
6 56
11 59
25 61
17 54
15 57
20 46
25 67
36 44
16 53
27 44
35 51
10 53
31 55
32 55
32 64
17 59
