70 70 100 2100
0 1
1 2
2 3
3 4
4 5
5 6
6 7
7 8
8 9
9 10
10 11
11 12
12 13
13 14
14 15
15 16
16 17
17 18
18 19
19 20
20 21
21 22
22 23
23 24
24 25
25 26
26 27
27 28
28 29
29 30
30 31
31 32
32 33
33 34
34 35
35 36
36 37
37 38
38 39
39 40
40 41
41 42
42 43
43 44
44 45
45 46
46 47
47 48
48 49
49 50
50 51
51 52
52 53
53 54
54 55
55 56
56 57
57 58
58 59
59 60
60 61
61 62
62 63
63 64
64 65
65 66
66 67
67 68
68 69
69 0
29 76
27 85
57 76
64 98
2 79
48 85
5 95
23 85
45 95
4 91
60 83
59 97
38 73
3 78
27 88
36 88
34 71
15 73
2 76
18 77
34 97
33 81
14 79
9 73
62 76
4 96
41 93
21 98
15 98
7 76
47 93
56 93
33 86
42 76
66 78
31 91
65 94
56 75
20 91
64 72
43 81
56 99
23 90
29 85
22 93
20 94
36 77
37 87
32 90
5 78
13 93
44 77
6 83
20 93
15 89
40 84
52 89
42 92
27 79
2 88
0 96
14 83
39 80
58 84
17 96
50 84
28 72
59 71
56 71
36 71
62 96
61 89
36 70
14 78
4 76
67 74
34 82
4 78
58 91
7 86
16 84
15 87
15 83
6 71
65 90
15 79
0 94
28 77
10 86
47 96
15 70
3 81
32 86
29 83
20 98
39 82
62 88
11 79
25 84
47 80
42 87
17 85
23 73
13 92
34 90
18 93
28 76
44 71
35 96
45 85
58 75
66 87
16 99
30 88
18 76
6 72
31 88
36 90
34 83
25 89
22 80
10 93
8 95
49 75
21 95
6 98
68 87
31 72
11 94
33 92
55 92
45 80
48 95
48 86
12 91
48 75
63 91
60 92
0 89
63 88
13 81
58 74
65 78
36 83
63 95
57 83
15 93
67 87
10 82
31 79
3 96
39 81
46 73
2 96
52 96
42 96
43 86
13 71
42 89
39 73
4 83
11 72
2 87
53 90
23 96
46 82
69 91
58 73
18 73
50 89
17 89
14 77
19 96
19 85
58 72
59 84
18 74
27 95
50 90
39 92
51 76
2 95
63 83
49 83
27 74
59 73
48 98
29 98
27 82
52 76
4 70
49 77
3 74
1 79
18 83
46 80
18 89
38 94
16 98
1 81
67 80
45 87
21 88
18 90
55 97
23 89
21 84
48 76
48 72
30 93
8 86
21 79
64 73
11 95
49 95
58 82
19 98
41 75
14 87
27 76
33 93
1 88
27 83
52 90
36 76
11 71
66 89
22 95
49 85
31 90
32 91
45 70
11 82
22 87
5 89
19 80
46 86
68 78
62 78
29 99
19 81
49 90
12 78
57 86
48 91
66 79
8 99
46 90
13 75
19 76
39 89
28 98
21 77
14 94
28 96
27 92
42 88
55 75
0 88
64 71
62 84
20 75
9 98
27 86
27 72
15 80
33 94
41 92
34 86
42 93
3 79
6 89
4 89
5 85
68 92
1 87
12 93
54 79
22 78
42 84
40 82
40 86
45 98
68 90
44 78
11 99
49 97
64 80
51 98
39 91
8 97
15 99
32 72
34 81
30 75
15 81
67 92
39 70
39 98
13 70
57 98
32 74
51 80
7 75
61 86
65 80
43 92
50 80
25 92
18 91
40 77
31 95
3 90
61 99
42 73
33 76
60 79
47 97
35 79
13 84
13 79
66 91
55 91
29 73
9 93
21 75
47 94
8 93
63 82
30 84
50 96
15 92
27 84
49 74
60 99
32 77
53 88
34 80
51 77
33 71
27 96
20 81
68 84
59 79
37 84
61 93
28 86
43 75
20 92
27 70
51 84
29 79
65 71
35 92
56 89
43 83
67 72
16 74
23 86
15 77
41 83
62 77
11 70
26 80
49 70
5 86
69 99
2 70
44 91
54 80
69 90
53 94
59 92
59 91
48 81
29 70
25 85
27 98
9 82
38 75
67 75
16 70
66 98
31 82
67 91
41 72
26 75
57 93
58 89
59 80
55 84
10 92
26 81
12 92
37 73
34 96
42 77
17 99
48 97
39 74
54 98
61 73
11 91
59 83
27 80
14 93
55 93
16 77
3 86
44 88
36 98
51 89
34 93
52 98
61 97
54 75
34 88
39 77
44 73
21 71
27 89
17 74
6 81
57 82
3 75
66 82
31 74
51 75
24 90
21 80
24 78
42 83
1 80
49 99
33 89
58 99
25 79
24 84
14 96
36 85
53 99
26 76
35 73
32 83
50 98
49 92
35 90
49 79
34 79
0 95
32 96
69 89
44 89
50 81
36 93
1 75
62 75
26 85
31 98
38 95
34 89
38 82
48 87
60 70
5 83
63 81
59 93
24 96
60 84
33 95
35 71
8 96
31 85
20 84
59 85
30 99
41 97
58 93
58 76
38 86
25 78
9 78
23 79
9 97
68 88
10 89
54 86
45 90
54 71
46 98
22 99
49 86
61 96
67 79
24 80
3 91
32 79
26 88
32 93
53 81
26 92
65 77
29 82
60 88
37 70
14 88
66 94
58 92
52 84
32 94
3 82
35 74
24 83
8 89
35 75
22 96
3 77
46 92
48 71
52 82
3 94
4 92
47 84
8 75
30 80
68 73
40 74
3 70
63 71
66 93
48 74
15 86
25 74
1 72
51 93
25 96
16 89
25 76
66 85
38 70
69 81
52 77
39 72
50 70
12 75
14 90
17 76
36 87
36 72
3 84
35 99
37 94
16 71
7 72
50 78
66 96
11 75
18 98
57 96
65 73
4 77
41 99
10 81
10 96
64 89
68 99
21 74
17 97
15 78
16 78
57 71
29 96
69 73
4 93
27 99
36 75
37 71
54 99
14 99
41 87
13 80
2 71
12 97
52 88
53 75
19 72
59 76
50 97
54 93
14 72
19 91
46 91
68 74
46 88
46 89
50 94
54 89
67 71
2 72
38 72
19 90
64 84
54 97
47 95
2 94
41 88
1 97
10 85
15 84
5 84
61 95
17 93
0 92
6 92
62 94
28 93
29 78
48 78
40 76
5 93
7 91
25 73
7 79
56 77
24 79
18 71
53 93
61 70
6 82
48 88
13 72
8 91
67 99
16 88
62 73
32 99
7 83
35 82
34 92
38 77
67 95
56 98
42 95
35 89
26 73
33 96
41 98
29 80
49 80
50 93
29 86
63 97
23 94
29 77
5 91
35 70
33 88
30 92
0 70
49 82
54 87
33 70
47 79
15 72
34 74
12 85
62 70
50 99
46 87
58 97
13 77
17 75
43 87
17 81
10 77
36 78
53 89
37 93
24 74
41 79
17 71
10 79
11 77
65 99
2 78
48 99
6 85
16 75
61 79
20 78
69 80
51 86
53 71
18 86
7 73
66 84
22 98
6 79
52 93
22 77
4 79
12 82
1 99
0 90
20 87
21 70
17 78
14 75
9 86
20 71
31 92
58 81
38 84
61 94
36 81
47 75
26 89
59 86
45 89
58 79
52 78
69 93
24 85
60 71
0 91
2 99
58 70
11 87
34 72
1 76
10 98
19 78
63 92
15 82
25 95
42 94
22 75
36 84
31 70
38 96
3 80
53 83
66 76
1 84
33 73
16 85
29 93
50 82
51 94
10 80
62 98
56 86
60 76
46 96
7 84
51 73
25 70
32 88
67 82
23 93
58 71
13 74
53 76
40 81
35 81
55 80
23 95
48 82
44 99
19 86
46 76
20 85
10 88
24 81
60 75
11 73
69 84
9 81
64 76
58 88
58 98
5 90
34 99
52 99
35 77
50 74
44 98
46 94
60 94
45 94
66 70
4 86
7 85
60 82
31 87
14 97
45 77
18 80
15 96
4 99
19 89
45 71
45 78
50 91
44 85
42 74
13 97
57 74
17 73
57 70
42 98
18 78
38 78
21 85
69 79
49 81
23 74
12 94
23 91
40 96
28 84
11 97
23 99
4 72
65 95
40 71
0 98
40 88
53 98
13 82
34 91
15 91
62 97
1 77
5 72
56 70
8 88
43 82
30 97
53 72
0 76
43 84
68 85
66 75
36 86
17 90
57 79
29 91
33 75
64 85
18 88
22 73
68 95
64 92
44 87
35 88
37 86
68 81
17 94
4 85
16 81
19 97
52 79
47 92
46 75
15 85
15 94
58 78
29 95
29 88
20 70
42 82
47 71
16 72
46 84
55 98
19 99
63 87
2 86
50 95
2 90
19 73
69 95
16 96
21 90
25 77
33 90
10 75
3 89
18 75
48 94
64 78
21 76
39 76
10 94
30 91
0 86
26 97
43 94
10 72
31 77
63 70
63 84
54 74
60 96
2 92
43 93
2 93
43 72
54 91
51 96
48 80
17 77
34 87
14 81
30 86
34 73
67 84
40 73
60 73
19 70
54 96
19 79
55 85
20 89
31 80
36 80
9 71
12 73
57 89
2 73
28 81
44 94
35 93
64 95
21 93
45 72
34 84
27 91
23 80
12 72
38 87
35 87
48 77
25 98
65 81
34 85
11 96
60 78
50 86
37 83
56 80
61 87
11 89
41 77
47 74
47 77
59 77
14 89
22 86
65 91
51 91
45 82
53 96
63 89
2 98
35 98
56 95
14 70
0 87
28 79
52 73
60 77
56 81
67 78
47 78
31 93
55 88
13 91
61 76
41 90
17 83
2 81
65 70
12 95
7 89
68 77
26 99
68 83
3 72
1 98
11 93
22 74
47 98
25 90
51 82
28 90
57 99
53 79
38 76
1 74
27 77
67 81
4 95
43 73
16 95
1 82
43 98
64 88
43 71
48 83
34 95
5 99
39 94
10 91
0 81
46 74
9 80
51 99
55 72
44 83
1 89
61 98
53 70
5 70
32 92
20 86
45 86
30 87
12 96
54 94
37 74
0 79
44 92
38 97
19 77
40 87
10 74
51 70
11 78
52 80
46 72
47 85
35 95
64 87
4 87
31 76
5 80
21 94
57 81
67 96
26 70
25 71
56 87
36 99
44 86
37 96
45 73
39 90
0 80
26 72
19 71
53 85
56 74
62 92
31 86
47 70
30 70
50 76
23 98
53 97
36 73
43 99
11 81
53 95
5 75
55 81
6 95
32 78
61 83
57 72
1 83
66 95
27 97
57 75
11 84
69 76
45 81
0 93
6 70
5 71
19 94
55 99
65 98
1 91
31 97
21 91
22 89
69 97
8 72
5 82
30 96
42 91
27 73
11 83
68 71
7 88
45 79
38 81
47 72
37 76
42 99
64 77
66 71
8 79
57 90
3 88
48 89
31 94
17 82
7 94
32 85
40 85
2 89
65 97
26 96
39 99
6 93
59 82
13 73
69 83
59 96
19 82
56 88
8 94
64 94
53 77
39 87
64 83
39 78
13 85
55 90
40 90
12 98
6 99
30 95
66 88
55 94
26 86
30 83
22 76
64 97
8 74
50 79
61 91
65 72
30 73
6 78
42 75
49 88
8 82
48 70
31 75
16 79
64 99
15 97
33 78
25 72
48 90
23 71
38 83
56 83
37 81
10 71
13 94
54 90
20 99
53 91
37 99
24 97
45 91
62 95
22 81
23 72
29 84
24 77
35 94
37 98
4 97
10 70
63 98
37 88
26 79
33 85
63 85
19 83
10 95
68 75
30 89
6 87
23 87
4 90
49 78
36 82
55 70
9 84
27 71
49 91
47 82
45 99
42 81
22 83
28 87
21 96
18 96
56 85
18 81
8 70
52 86
58 94
65 74
65 96
30 98
31 73
69 94
34 77
33 82
26 84
39 93
43 79
30 72
9 79
50 88
16 93
16 76
3 73
57 97
67 83
56 97
59 89
58 83
5 98
37 89
6 76
65 79
26 78
30 71
24 82
43 89
66 90
37 85
62 90
29 87
51 74
65 89
46 85
67 94
64 74
37 97
20 80
21 72
33 80
19 84
65 82
46 77
47 89
41 81
32 95
0 99
11 90
10 73
9 75
64 91
6 97
31 84
69 78
24 76
62 99
5 73
67 73
27 87
60 85
68 79
20 73
33 79
4 80
28 89
47 73
54 82
60 91
45 83
60 81
55 89
60 87
36 89
13 76
36 91
62 83
65 92
69 70
54 85
54 95
22 91
41 95
38 74
52 87
67 85
28 97
61 90
44 70
4 71
6 91
54 73
40 78
35 86
7 71
45 76
44 95
54 84
6 86
24 73
53 78
47 87
46 71
41 70
66 92
16 90
62 82
3 97
57 84
28 92
18 94
20 77
9 83
3 76
9 87
56 96
65 83
51 92
22 94
10 90
30 85
44 96
11 85
28 70
20 96
59 98
61 71
25 82
50 87
62 81
21 89
42 70
25 86
4 74
33 83
7 77
29 90
32 73
28 88
1 90
65 75
53 74
46 79
65 88
27 94
42 78
56 82
30 82
15 75
8 81
12 71
1 92
15 90
53 80
57 77
58 87
9 90
59 99
22 90
24 72
66 86
59 70
19 75
22 82
31 99
25 99
48 92
41 94
31 96
62 80
63 90
14 71
2 83
17 80
53 82
23 75
11 76
35 91
26 71
61 81
34 70
63 86
57 85
67 98
19 74
42 86
8 77
0 77
16 80
12 77
56 90
12 90
23 82
38 91
58 90
39 71
21 86
32 76
26 93
44 97
1 95
52 94
40 95
35 72
1 78
66 81
19 87
38 88
61 78
6 80
25 81
3 98
40 72
5 94
33 77
7 81
43 78
0 72
67 93
2 74
0 82
11 88
52 97
43 88
51 90
52 95
45 84
57 73
46 70
23 88
7 95
25 80
28 71
60 72
62 72
28 74
32 89
0 74
1 96
68 96
67 90
38 80
7 80
54 70
17 87
23 83
4 98
69 72
59 90
46 97
18 70
26 77
21 82
53 92
32 97
22 84
41 85
17 98
8 71
13 86
51 95
47 86
57 95
12 87
28 82
8 90
7 96
24 87
18 79
49 96
52 92
19 93
54 83
52 71
31 78
60 95
8 85
12 79
12 81
64 93
51 87
39 96
10 83
8 98
40 80
17 92
41 96
43 96
41 76
69 74
11 74
56 72
20 76
52 81
61 84
2 84
55 73
23 97
57 88
9 89
7 93
32 71
48 84
57 87
51 85
38 89
17 79
62 87
16 91
10 99
29 81
53 87
68 89
7 70
47 99
47 76
66 80
56 79
22 97
49 72
34 78
51 79
12 99
0 78
53 84
31 83
43 80
6 75
38 79
46 93
2 85
1 85
20 97
40 99
60 89
46 81
42 90
62 93
44 84
60 98
66 73
18 92
24 86
15 88
52 83
24 93
40 70
1 93
60 90
61 85
14 85
30 90
64 79
10 87
40 92
26 94
23 84
17 91
51 71
24 95
11 98
63 96
10 76
3 92
60 74
43 85
1 71
68 97
1 86
13 98
69 82
46 83
32 81
30 81
14 86
3 85
64 81
12 86
41 78
7 87
5 88
11 86
69 86
69 75
44 76
28 83
41 89
61 77
40 97
16 86
36 96
33 91
49 89
9 92
68 72
29 92
63 73
55 86
4 75
21 87
32 80
26 91
62 85
46 95
17 84
9 88
37 92
65 84
54 92
43 74
4 81
36 92
31 71
25 94
65 76
48 73
22 79
7 92
49 94
47 90
51 83
62 89
63 78
42 85
50 73
29 72
66 99
49 76
69 88
45 93
27 93
30 79
25 87
60 97
43 91
56 76
21 99
3 87
38 71
59 75
28 95
43 76
15 76
38 92
9 70
2 82
32 87
18 85
40 93
10 78
20 82
24 98
62 74
60 93
21 83
21 73
25 88
27 75
63 74
35 76
34 98
7 98
40 89
8 80
30 76
24 89
50 83
17 72
18 72
49 93
14 92
61 72
32 75
16 94
2 97
40 75
0 83
14 74
16 97
55 78
37 77
22 85
6 94
67 70
3 93
4 73
59 87
55 87
43 95
68 94
44 81
41 73
13 89
63 77
9 99
6 77
33 99
9 95
5 77
40 79
12 83
9 72
20 74
33 74
63 79
25 97
16 73
51 72
4 84
24 88
40 94
65 85
14 82
39 86
7 99
1 73
61 88
59 94
60 80
12 88
28 91
19 92
37 80
50 85
0 97
54 72
64 90
52 70
41 80
42 71
61 74
63 75
8 84
50 72
26 90
56 94
35 85
21 78
46 78
58 80
66 77
14 91
25 83
69 92
43 77
30 77
41 84
15 71
7 74
48 96
28 75
33 87
41 71
35 78
56 73
8 83
45 75
17 70
37 72
55 82
52 74
68 91
39 88
51 97
68 98
44 82
57 80
24 70
18 95
51 81
29 74
67 77
13 78
32 70
1 70
45 88
13 90
2 91
26 87
28 73
49 71
5 96
13 88
39 95
20 83
37 78
14 76
31 89
7 82
66 97
52 85
28 94
0 84
54 77
14 73
55 76
34 76
44 75
22 70
23 70
12 80
60 86
39 85
49 73
68 76
2 80
38 90
36 97
3 95
4 88
5 79
29 75
67 89
14 80
69 96
54 81
52 91
42 80
5 81
44 93
51 78
21 92
43 97
8 92
68 70
66 72
23 78
9 76
25 93
55 96
5 87
6 88
9 74
57 78
12 89
63 72
69 87
16 82
64 82
32 84
54 88
12 84
67 76
34 75
5 92
57 91
36 94
2 77
5 76
36 95
37 82
50 92
7 78
27 81
47 91
64 86
32 98
53 86
8 78
24 94
64 75
3 71
37 79
9 91
35 84
10 84
38 93
64 70
6 84
28 85
33 72
8 76
30 78
0 71
15 74
11 80
45 97
50 77
64 96
17 95
53 73
40 98
54 78
39 83
22 72
14 84
39 79
26 83
12 76
18 97
18 84
63 94
22 92
21 81
63 99
69 77
61 82
61 80
44 72
62 71
26 74
56 92
41 74
66 83
59 74
67 86
28 99
48 79
63 80
17 88
37 90
20 95
41 86
42 79
44 80
68 93
67 97
56 84
14 98
0 75
24 91
10 97
58 95
35 97
57 92
59 88
58 96
3 83
16 83
44 90
26 95
47 81
36 79
59 72
49 84
5 74
32 82
59 78
58 77
12 70
55 83
18 87
62 86
24 92
30 94
47 88
35 83
49 87
61 92
43 70
43 90
0 73
8 87
63 93
23 76
25 91
37 91
55 74
65 87
68 82
26 82
55 77
36 74
24 75
13 87
13 96
23 77
28 80
16 92
39 84
34 94
59 81
55 95
21 97
29 97
4 94
52 72
30 74
42 97
56 78
58 86
37 95
27 78
2 75
48 93
65 93
63 76
62 79
54 76
45 96
57 94
18 99
51 88
7 97
50 71
69 85
59 95
6 96
44 74
24 99
41 82
9 85
68 86
19 95
4 82
46 99
62 91
11 92
9 94
14 95
23 81
61 75
20 90
13 95
35 80
45 74
29 94
13 99
9 96
38 99
15 95
17 86
50 75
38 85
38 98
0 85
8 73
19 88
29 71
67 88
47 83
66 74
6 90
45 92
31 81
58 85
33 84
22 88
40 91
42 72
41 91
49 98
55 71
3 99
39 97
27 90
1 94
65 86
37 75
23 92
44 79
40 83
6 74
52 75
22 71
28 78
29 89
7 90
26 98
20 88
39 75
24 71
55 79
5 97
25 75
20 72
69 98
18 82
16 87
56 91
69 71
68 80
33 98
9 77
12 74
20 79
33 97
13 83
6 73
