35 35 65 1050
0 1
1 2
2 3
3 4
4 5
5 6
6 7
7 8
8 9
9 10
10 11
11 12
12 13
13 14
14 15
15 16
16 17
17 18
18 19
19 20
20 21
21 22
22 23
23 24
24 25
25 26
26 27
27 28
28 29
29 30
30 31
31 32
32 33
33 34
34 0
26 36
27 59
34 45
28 44
10 61
8 51
29 62
30 43
18 54
23 45
32 51
7 35
24 63
32 54
1 55
22 58
19 37
26 58
26 53
12 37
15 53
20 51
4 50
16 60
19 42
26 60
18 51
26 44
23 58
16 41
33 60
23 62
20 44
34 52
10 51
14 48
16 36
7 61
28 52
18 41
22 41
11 57
9 63
12 55
34 54
11 58
24 49
30 59
1 42
24 45
4 61
1 49
17 56
22 55
13 43
23 57
19 39
22 53
13 47
16 37
8 50
22 64
9 64
6 63
13 60
27 50
8 54
17 58
20 53
16 48
14 60
2 60
17 57
31 40
32 59
24 48
8 53
34 50
27 61
27 49
32 50
27 52
11 37
6 58
11 45
8 46
25 64
31 58
8 40
34 56
33 36
10 49
4 39
1 59
28 63
1 45
5 54
5 44
33 55
30 55
10 62
2 57
17 53
28 53
28 61
19 55
11 38
20 50
0 59
8 43
22 35
9 38
24 35
22 42
4 59
31 60
33 46
33 61
5 42
26 55
16 61
26 61
31 45
3 52
10 63
15 61
0 63
12 38
32 48
32 43
18 49
25 46
20 38
21 35
20 55
29 64
34 49
11 56
3 45
1 51
9 51
23 39
22 43
23 64
5 49
21 37
9 45
11 59
0 50
17 45
17 51
34 55
12 45
7 58
10 64
0 48
4 58
24 54
2 44
3 59
29 57
12 54
18 40
9 36
28 49
27 38
1 40
15 47
17 39
15 52
33 47
34 58
11 40
13 45
0 57
21 41
4 62
3 41
20 64
24 38
22 63
9 57
2 53
31 62
16 40
34 47
8 49
24 55
34 48
12 50
12 51
33 54
28 62
29 40
10 55
2 46
1 58
7 63
16 35
11 54
3 42
32 60
18 60
21 59
16 62
32 56
9 39
24 58
3 40
18 56
31 49
24 53
24 61
0 40
4 45
32 49
3 62
5 55
14 38
34 57
31 47
29 50
2 37
18 59
27 57
34 62
23 60
20 48
15 40
1 46
7 41
5 35
13 35
15 35
6 45
8 61
28 48
18 57
19 58
24 39
9 62
32 40
4 43
7 39
27 55
6 43
2 51
7 54
3 35
7 64
11 50
30 49
8 59
27 56
34 64
18 62
33 56
14 46
3 39
5 59
5 52
1 64
33 49
25 40
30 52
26 54
13 62
1 44
0 62
15 45
7 47
26 62
12 62
2 36
1 39
15 56
10 45
28 45
9 48
23 52
7 62
19 47
12 40
10 38
17 60
11 55
10 35
9 59
34 41
26 52
6 57
25 45
15 63
13 57
2 38
5 48
17 35
10 44
5 56
23 38
6 55
30 51
16 49
16 46
16 56
31 55
12 59
29 60
2 42
11 42
21 64
17 41
15 51
15 60
34 37
22 40
23 54
1 62
0 51
25 48
10 36
5 50
33 45
1 60
12 43
0 46
16 64
10 58
32 53
34 61
34 51
1 43
13 53
18 53
33 39
4 51
30 45
26 37
4 49
14 35
1 50
16 42
24 50
14 41
31 36
19 60
23 35
15 43
26 46
26 63
29 63
24 42
6 56
32 41
23 48
4 38
11 44
33 42
14 39
9 52
9 41
19 54
28 39
8 37
10 60
27 46
4 57
27 42
27 54
33 64
22 37
29 51
29 49
15 59
5 43
27 63
26 43
4 42
2 56
18 43
19 50
6 60
6 36
28 37
21 49
33 48
14 47
29 42
18 37
28 46
25 51
7 50
13 48
12 42
21 44
13 39
32 35
11 36
5 62
25 37
3 43
26 57
19 63
18 44
6 42
16 52
5 41
14 50
29 45
8 41
32 37
17 37
34 59
8 56
16 47
12 57
25 55
12 52
29 36
24 51
5 64
32 47
27 41
11 52
4 35
18 35
8 64
22 51
34 42
5 60
12 53
9 44
27 35
19 56
4 36
14 54
15 38
31 61
19 53
18 64
25 49
28 40
3 47
8 42
26 38
7 45
30 46
11 63
9 56
3 61
6 40
21 38
22 38
18 50
32 55
2 50
11 39
19 59
10 39
0 37
5 61
14 63
20 35
0 44
13 58
21 52
34 63
21 61
1 57
13 37
2 61
7 57
29 39
0 36
8 52
4 46
20 43
21 39
1 56
12 46
33 59
21 50
33 44
33 62
8 63
6 44
34 35
14 45
29 53
2 40
33 40
24 57
25 61
13 56
19 52
3 50
9 35
6 38
18 42
7 53
10 50
30 62
1 35
2 45
31 37
32 45
29 43
22 57
34 43
23 41
23 59
12 41
9 42
15 46
6 50
0 56
19 57
8 36
20 58
15 49
34 60
31 57
10 42
13 46
21 56
17 59
7 46
20 56
23 36
4 55
13 40
31 43
13 55
21 42
10 52
23 46
1 53
14 55
21 58
30 41
15 48
28 47
2 64
31 53
13 38
11 43
22 44
12 47
16 54
18 45
19 44
13 36
19 61
21 40
31 59
25 36
32 52
17 36
9 54
17 40
33 52
30 64
5 39
27 53
16 53
3 56
29 46
18 52
28 35
19 40
16 38
22 36
31 44
31 41
23 53
31 63
3 48
0 39
10 53
6 53
31 64
4 53
14 51
26 59
20 40
0 42
34 46
13 51
7 38
30 38
25 62
9 43
6 48
11 49
8 45
26 51
15 44
20 39
6 54
23 49
24 43
7 49
13 63
27 48
0 38
14 43
22 61
31 51
5 38
15 57
12 44
8 48
2 62
16 59
20 37
22 54
20 63
32 62
20 52
20 46
9 47
3 44
21 43
2 63
2 55
18 39
10 37
19 62
27 60
21 60
31 42
25 35
9 58
30 50
23 42
19 41
14 61
0 47
23 51
20 42
16 57
16 63
11 60
32 36
23 37
9 60
13 61
18 63
2 35
14 62
15 62
5 37
25 39
28 57
23 63
34 38
1 52
30 53
12 49
12 61
1 54
11 64
30 56
14 59
14 36
3 57
29 58
0 43
30 39
29 37
14 49
33 58
26 39
3 38
23 50
28 56
2 48
29 52
24 52
1 36
8 35
9 55
5 58
3 64
9 40
0 49
12 35
3 54
33 51
25 63
25 52
7 48
6 62
25 58
0 60
3 55
24 44
30 57
30 35
25 57
24 59
30 42
17 50
21 48
29 59
25 44
15 58
9 50
25 54
23 55
4 41
11 47
17 49
30 36
1 47
26 49
17 63
17 48
14 40
9 46
16 51
3 46
20 36
14 52
23 43
11 48
11 62
22 59
2 49
27 40
7 51
31 35
26 35
33 50
32 38
1 37
8 60
21 57
20 62
16 43
3 58
33 41
12 48
14 42
23 44
13 59
29 35
0 58
7 36
22 60
22 56
4 56
26 40
23 61
31 38
14 44
29 47
4 44
7 37
14 64
26 42
15 41
26 56
24 36
1 61
12 64
21 55
25 60
32 46
32 58
30 61
17 42
11 41
26 64
27 51
5 53
25 47
4 54
32 44
17 54
19 48
13 44
20 47
15 36
22 50
20 49
12 36
0 35
30 60
4 47
2 39
12 60
2 59
16 55
3 60
3 37
13 54
17 55
21 54
0 52
2 58
32 64
32 39
17 46
24 62
6 46
16 44
33 35
8 39
24 56
23 47
16 45
11 53
2 52
25 53
18 61
8 57
28 38
19 49
7 43
30 54
5 40
33 53
31 50
27 39
10 40
31 48
11 35
15 55
22 47
13 52
5 46
30 63
10 48
5 51
27 45
32 61
9 61
0 41
13 42
28 55
5 63
7 60
24 41
33 57
23 40
15 54
4 48
21 53
18 46
15 39
10 54
7 55
31 39
22 45
28 43
27 64
29 38
18 55
16 39
27 43
7 59
25 50
33 37
30 48
2 41
9 49
30 47
6 47
12 63
22 62
30 37
17 47
28 59
17 62
21 46
17 64
21 45
20 41
2 54
21 62
4 37
20 45
14 37
26 41
28 41
6 41
32 63
6 37
7 40
3 63
13 50
31 54
4 52
0 64
1 48
25 38
3 51
6 51
29 41
19 43
24 47
0 55
25 56
2 43
17 44
15 64
27 37
3 49
19 35
19 36
12 39
14 53
25 43
34 36
34 44
4 60
5 36
22 46
19 45
8 55
30 40
15 42
28 60
6 49
28 58
26 48
30 58
0 61
17 43
19 46
8 44
8 38
31 52
10 41
13 41
27 58
34 39
20 57
24 64
8 62
6 64
30 44
7 42
13 64
19 51
20 54
32 57
22 49
24 40
33 43
10 47
0 45
10 56
4 40
18 48
14 56
21 47
34 40
14 57
11 61
2 47
3 53
29 48
8 47
29 56
18 38
12 56
4 64
28 50
15 50
3 36
11 51
34 53
31 56
29 54
12 58
26 50
22 48
5 57
29 44
9 53
24 37
24 60
6 52
26 47
9 37
19 64
23 56
16 50
27 47
8 58
4 63
1 41
10 57
11 46
1 38
32 42
17 52
21 51
28 36
20 60
7 44
6 39
28 42
1 63
29 55
27 44
10 59
6 35
0 53
26 45
31 46
10 43
10 46
18 36
22 39
20 61
18 47
6 61
33 63
14 58
5 47
21 36
5 45
6 59
25 42
28 54
20 59
33 38
28 51
25 59
28 64
15 37
24 46
29 61
17 61
7 52
18 58
19 38
27 62
17 38
16 58
21 63
25 41
13 49
27 36
0 54
22 52
7 56
