60 60 90 1800
0 1
1 2
2 3
3 4
4 5
5 6
6 7
7 8
8 9
9 10
10 11
11 12
12 13
13 14
14 15
15 16
16 17
17 18
18 19
19 20
20 21
21 22
22 23
23 24
24 25
25 26
26 27
27 28
28 29
29 30
30 31
31 32
32 33
33 34
34 35
35 36
36 37
37 38
38 39
39 40
40 41
41 42
42 43
43 44
44 45
45 46
46 47
47 48
48 49
49 50
50 51
51 52
52 53
53 54
54 55
55 56
56 57
57 58
58 59
59 0
38 76
56 88
53 76
19 76
24 67
27 89
36 82
28 80
48 62
32 62
5 72
33 70
45 80
41 86
27 73
50 78
39 76
59 82
5 64
48 75
0 82
10 74
54 63
19 73
57 83
56 82
1 80
27 69
57 71
13 78
21 82
21 66
57 62
3 87
57 81
59 89
42 70
40 64
50 86
38 83
35 64
43 60
51 69
8 83
46 72
22 87
12 75
28 67
36 89
32 74
56 70
35 84
7 89
21 77
5 63
37 63
5 78
24 72
25 73
47 77
16 67
55 86
47 74
40 68
1 82
25 78
59 78
26 84
19 75
19 85
52 64
40 74
24 65
11 76
53 82
32 70
23 67
10 60
15 83
56 86
6 65
17 73
18 75
26 72
8 78
34 74
23 82
28 75
47 76
15 67
8 60
24 62
35 65
50 69
26 78
57 75
13 65
24 81
3 66
4 63
43 61
31 86
51 83
29 64
40 65
3 89
47 81
21 65
34 87
22 68
39 81
57 63
42 87
49 78
34 85
57 73
9 78
35 70
29 60
41 66
24 66
7 77
26 60
38 63
25 85
5 77
2 88
58 64
43 82
46 75
46 78
43 79
10 85
31 61
22 88
23 83
2 68
16 73
4 65
31 82
13 71
55 76
41 67
22 76
30 80
38 79
0 62
43 62
34 86
36 80
16 62
46 76
27 71
39 68
3 62
13 88
59 88
25 84
35 88
41 68
28 74
36 62
32 63
4 68
10 61
12 88
10 84
32 85
30 86
18 68
48 77
12 67
30 73
50 63
41 70
27 60
50 83
18 60
19 66
5 84
48 67
46 86
21 89
59 66
22 89
14 81
0 78
28 81
57 65
48 73
18 80
22 86
54 81
27 81
27 88
35 73
2 71
43 66
2 78
31 77
2 76
32 75
53 84
44 85
8 77
11 60
50 60
52 81
50 88
5 83
48 85
46 73
28 72
20 66
8 88
2 64
21 72
16 79
2 62
37 70
5 79
40 88
26 85
23 72
28 83
14 64
11 75
18 83
37 82
57 77
43 69
38 77
0 79
49 81
17 71
43 74
29 78
43 70
47 63
36 74
51 66
21 79
32 73
38 61
25 61
0 60
45 88
38 75
13 67
2 87
43 87
38 82
27 65
48 68
40 84
2 80
23 81
51 71
36 79
29 82
13 62
37 69
22 77
50 66
4 78
55 72
27 84
45 65
27 74
31 69
11 77
27 63
6 64
29 70
40 89
3 83
28 69
32 64
33 88
36 63
11 89
32 67
4 89
47 89
24 87
44 74
42 72
26 87
20 69
3 67
36 87
30 61
3 82
38 89
6 74
0 88
32 71
3 85
31 66
29 79
20 85
3 71
5 62
43 76
29 87
47 79
28 63
10 69
18 81
0 86
31 84
27 64
54 78
53 81
53 89
36 65
18 82
18 76
17 65
47 65
24 63
2 84
32 76
0 72
45 71
13 64
38 72
1 68
1 76
10 80
42 64
52 78
46 89
24 77
30 85
13 87
20 76
1 63
57 82
58 66
29 85
31 89
49 83
28 86
7 60
1 74
56 78
57 79
40 70
3 61
43 72
51 73
5 80
32 80
24 79
58 78
44 76
5 81
42 80
3 88
16 87
31 63
32 72
36 69
43 86
34 84
46 82
18 84
34 73
9 87
17 70
59 87
47 80
10 81
37 64
12 73
34 82
19 79
0 69
52 63
49 67
27 87
12 72
9 67
52 73
10 73
47 72
28 85
40 80
45 74
42 65
47 68
19 81
39 64
5 82
23 68
3 64
26 70
43 64
7 88
33 84
4 85
23 88
38 68
14 62
31 78
56 81
48 82
51 84
55 71
52 75
9 64
32 88
53 63
33 86
52 88
19 71
20 82
44 88
26 83
7 76
13 84
15 63
10 88
25 68
45 63
55 67
18 71
49 66
35 72
6 76
6 61
24 75
0 84
11 82
39 85
1 75
7 70
49 61
39 69
33 81
15 60
33 62
24 86
6 69
21 76
9 63
48 70
37 60
51 74
55 75
8 87
41 72
53 78
32 77
59 65
47 86
39 61
24 69
56 75
47 71
58 85
45 73
15 85
14 66
54 60
16 74
7 67
11 88
21 83
40 69
15 88
52 61
24 60
39 70
44 73
12 79
8 72
27 61
2 70
21 74
55 74
43 89
29 83
12 71
10 83
2 72
34 64
36 73
57 85
3 72
7 62
11 66
14 86
16 66
9 83
21 80
44 71
9 69
39 74
55 88
22 72
46 67
26 77
9 60
25 77
41 83
35 71
20 65
26 62
52 74
45 64
36 83
42 79
46 60
31 64
50 80
23 66
37 62
45 61
24 82
57 76
35 62
30 60
22 70
40 83
49 74
22 79
6 86
4 81
28 66
14 83
35 85
57 66
50 74
50 70
55 79
51 70
48 80
54 84
31 62
6 81
6 70
22 85
33 63
19 60
11 81
6 85
10 70
17 60
27 80
9 82
22 78
56 76
11 74
16 81
58 71
29 73
28 60
42 61
11 70
32 86
19 82
35 78
15 89
54 89
2 86
6 84
36 85
25 66
33 89
1 79
37 72
28 88
33 87
29 63
13 82
32 66
44 75
4 60
37 78
15 65
17 77
52 65
25 86
40 66
37 89
41 89
0 61
49 72
5 74
47 60
5 68
6 78
38 84
30 71
44 80
7 72
15 75
9 71
50 62
57 68
13 85
59 83
49 88
25 72
33 65
50 67
50 75
38 78
32 65
50 77
26 73
48 63
51 89
8 62
57 70
27 79
25 83
24 78
13 73
23 79
18 61
27 62
37 68
59 74
33 85
9 81
54 72
5 89
9 74
13 77
1 65
14 82
31 81
28 64
1 78
5 66
42 85
57 61
13 66
35 74
41 82
48 66
55 87
20 73
23 89
48 86
31 87
31 79
24 89
22 62
20 70
42 84
33 64
45 67
44 77
51 65
15 74
10 76
7 68
31 74
4 80
38 74
6 80
56 73
2 75
4 82
45 84
30 82
25 80
6 63
29 84
55 89
54 88
41 80
39 88
29 81
47 66
21 61
47 78
37 80
8 61
34 72
40 72
25 71
42 77
42 69
48 81
59 67
37 79
21 67
26 71
37 86
13 89
16 70
31 71
58 88
44 63
38 71
51 67
46 64
51 82
51 72
17 74
23 61
27 83
8 85
59 60
58 73
53 86
2 81
0 75
24 70
31 60
52 69
8 68
47 82
19 67
26 67
38 62
12 65
57 78
34 76
33 73
4 76
55 83
3 76
59 71
19 77
34 75
26 66
3 69
22 66
32 81
12 62
54 65
49 65
10 66
34 80
0 64
6 71
37 65
38 86
47 62
29 67
27 77
17 79
16 76
10 63
10 71
33 82
30 81
26 88
38 88
14 76
44 86
46 85
56 64
43 73
53 62
13 83
13 74
30 66
30 88
50 89
41 74
9 84
10 75
49 70
6 82
22 63
4 70
2 79
32 84
44 72
45 79
42 89
56 63
40 60
47 69
24 73
11 80
58 63
30 72
34 88
50 72
12 74
36 60
41 62
25 70
46 70
14 89
46 80
49 73
15 76
34 71
53 88
53 68
46 77
8 80
44 84
54 69
44 64
26 82
16 61
16 63
3 70
5 67
24 85
9 76
48 89
55 78
25 69
22 83
55 61
7 73
22 61
36 66
25 75
46 81
44 70
33 76
59 61
54 74
8 84
31 65
54 67
19 68
2 82
39 84
53 87
50 68
47 75
49 79
42 68
38 70
20 88
5 70
15 69
37 71
20 68
58 68
41 63
47 61
47 84
4 88
14 68
51 85
18 62
52 80
46 71
42 71
19 62
36 86
1 67
7 75
43 84
38 80
35 61
33 67
14 77
49 87
27 67
8 76
21 62
34 63
14 85
24 71
24 88
59 86
0 66
48 60
21 63
40 81
4 66
59 68
26 80
49 64
50 71
21 70
33 75
21 85
12 70
7 87
21 68
49 60
25 67
21 84
48 69
16 82
24 76
19 84
40 85
19 74
13 80
42 74
9 77
41 60
35 79
22 67
10 72
8 64
41 73
30 84
35 69
58 67
42 62
16 65
8 69
35 81
19 65
56 74
44 83
13 81
58 89
3 63
15 62
46 65
11 78
31 75
33 74
55 81
20 77
12 63
48 65
17 87
18 67
56 61
23 65
4 74
16 83
46 88
23 69
18 78
33 78
32 69
8 82
14 67
0 80
40 61
11 83
39 77
23 84
29 62
43 63
6 88
10 62
31 73
20 74
25 87
47 67
35 67
12 78
18 77
56 89
17 66
6 67
48 76
17 67
14 84
30 64
45 78
12 85
14 75
31 85
4 64
45 87
13 63
2 60
20 63
33 80
22 69
40 86
15 68
31 88
37 88
11 72
35 60
38 67
1 85
42 66
54 79
1 86
55 62
51 80
56 62
18 86
24 74
15 73
56 71
20 86
12 66
37 67
39 78
59 63
30 83
7 78
39 73
58 69
12 69
45 83
3 81
2 65
32 60
0 73
18 72
32 61
29 65
1 88
13 76
41 85
49 89
52 87
30 68
28 77
50 65
51 81
41 69
44 66
16 72
9 65
51 87
49 75
29 86
40 73
21 71
42 75
57 87
2 69
5 75
7 71
32 83
0 68
18 87
18 69
31 68
16 71
20 64
51 61
26 69
15 80
50 87
17 85
20 78
36 68
52 62
43 67
53 70
2 83
39 87
11 65
34 67
22 82
19 69
24 80
39 79
7 74
33 72
2 63
11 73
8 75
53 65
54 71
10 78
1 81
49 86
52 85
33 61
6 83
11 85
7 80
8 65
7 69
2 85
46 74
5 61
41 76
44 68
58 70
23 78
15 70
39 67
28 61
7 64
53 66
39 71
34 60
25 63
51 64
47 83
21 86
59 85
53 60
58 76
54 87
11 86
57 60
7 81
52 70
7 84
53 71
7 63
35 83
56 79
46 79
3 60
18 64
30 77
37 81
22 71
20 83
17 75
9 72
59 62
21 88
45 66
55 84
34 68
9 89
11 67
34 89
8 71
28 84
34 65
3 86
16 69
56 72
35 63
16 88
27 72
58 79
3 68
7 82
17 69
1 61
2 73
35 77
19 64
4 61
12 81
23 75
20 84
36 61
49 69
25 74
51 60
38 60
46 66
43 68
49 68
44 69
3 78
26 68
29 71
13 68
26 65
23 62
1 89
2 67
58 65
53 69
59 64
52 68
27 76
23 85
37 75
56 69
24 61
8 70
55 63
55 64
28 62
23 76
34 77
16 64
9 86
26 79
30 76
11 79
54 61
17 88
59 70
52 89
42 60
8 63
36 76
5 87
29 69
4 72
37 77
57 74
15 82
38 65
13 70
43 65
58 86
47 64
53 67
29 77
36 71
34 70
34 79
2 61
12 77
1 64
49 84
25 60
20 81
59 73
53 61
15 61
38 73
43 85
41 65
54 68
14 65
36 67
56 65
55 82
56 84
11 84
37 61
55 68
25 89
14 63
27 78
15 87
14 79
23 80
21 69
25 64
52 66
44 67
6 60
6 89
39 89
18 88
45 76
3 77
34 61
19 86
0 83
0 71
28 71
34 66
45 68
1 70
49 77
53 85
12 82
36 75
7 66
30 63
42 83
52 86
1 62
1 71
10 82
59 69
15 77
57 88
12 76
45 81
39 72
53 75
17 80
45 60
23 70
45 69
44 89
29 74
59 84
1 77
48 74
40 67
2 89
17 61
35 66
4 77
27 68
31 72
40 77
5 88
8 74
55 69
5 71
45 82
44 82
7 79
57 64
29 61
48 84
9 79
23 63
32 89
16 78
58 82
48 72
50 82
18 65
40 75
20 89
12 64
1 66
40 62
1 73
34 78
26 61
40 79
17 68
54 77
48 64
12 60
19 78
57 72
24 68
6 87
50 76
9 62
21 78
32 87
59 77
4 83
36 70
25 76
8 73
14 88
47 85
27 70
16 89
23 77
56 67
46 87
34 81
6 66
1 83
23 87
58 81
28 73
30 62
17 83
15 66
34 83
22 75
46 61
54 83
6 68
48 79
11 62
32 68
42 76
25 62
11 71
13 61
1 72
19 70
58 83
51 68
18 79
15 84
22 64
4 73
43 83
21 60
0 76
28 89
40 76
11 64
1 87
3 65
49 80
10 65
30 87
15 86
18 85
36 88
28 70
58 75
41 78
10 86
35 80
25 81
10 68
4 87
41 61
39 66
51 78
14 69
56 60
28 87
0 89
9 73
3 80
53 72
23 73
55 85
52 67
41 81
51 88
10 89
13 86
20 71
54 62
59 79
4 62
42 73
38 69
46 68
52 76
4 75
0 85
20 75
7 85
25 79
54 64
15 64
30 78
13 75
19 61
3 79
43 88
12 89
16 68
26 81
55 73
51 76
3 74
3 75
21 75
20 61
19 83
19 63
18 63
22 73
44 87
8 66
54 82
15 81
5 76
57 89
52 77
12 68
58 87
7 86
14 72
9 88
5 86
53 79
49 76
29 66
28 76
26 76
17 84
11 69
13 69
41 77
9 80
16 60
57 67
47 70
49 71
42 86
4 67
12 87
16 77
23 86
16 80
33 68
53 77
50 81
9 70
28 65
29 76
33 71
54 76
55 66
20 72
55 77
34 69
8 67
27 82
17 76
49 62
56 68
36 72
0 87
0 65
29 80
7 61
5 60
20 62
32 82
39 83
10 67
23 74
44 65
6 72
17 81
26 75
37 84
4 71
42 82
45 77
4 69
43 71
32 78
42 78
59 75
56 83
35 68
28 68
30 67
50 85
15 79
54 75
18 73
35 86
5 69
17 64
24 83
44 62
55 80
53 64
54 85
4 79
7 65
52 82
9 61
15 78
27 75
23 64
13 72
26 63
40 63
50 64
55 65
11 87
10 87
43 81
19 87
35 89
8 86
57 80
49 85
13 79
38 85
19 89
57 86
27 85
14 70
37 76
30 70
47 87
45 75
1 60
45 89
29 88
26 86
31 70
14 87
31 83
39 60
26 89
12 86
4 84
42 81
16 84
31 80
43 78
30 89
42 88
16 75
51 79
5 73
44 81
30 79
17 82
39 75
38 64
50 79
14 78
22 84
40 87
5 85
32 79
14 60
9 85
24 84
31 76
51 77
30 74
55 70
15 72
49 82
52 71
17 86
51 62
33 66
19 80
41 87
33 83
51 63
39 63
29 72
28 78
26 74
20 79
25 65
20 67
33 69
15 71
8 81
3 73
35 82
11 68
18 66
58 61
21 64
58 74
11 61
44 78
46 63
39 62
18 89
22 81
52 72
18 74
25 82
9 68
17 62
20 87
46 84
48 78
6 62
0 77
40 82
53 80
59 72
10 79
53 74
51 75
54 66
2 74
39 82
17 63
14 61
33 60
24 64
8 79
41 71
51 86
30 75
27 86
21 73
36 81
46 62
6 73
54 70
53 73
0 63
21 81
2 77
35 87
29 89
50 84
28 79
35 75
55 60
52 79
45 62
42 67
6 75
33 79
22 65
22 80
56 77
50 73
1 84
30 65
29 75
45 85
25 88
41 88
19 88
52 83
14 80
54 80
58 77
21 87
0 81
40 71
5 65
31 67
16 85
42 63
48 88
12 61
18 70
27 66
56 87
44 79
33 77
14 74
58 60
39 65
41 79
12 83
52 84
23 60
0 70
22 60
10 77
35 76
17 89
43 80
26 64
41 75
56 85
44 61
59 80
8 89
56 66
47 88
48 71
38 87
3 84
37 87
54 86
58 62
11 63
47 73
37 73
17 78
44 60
57 84
19 72
45 86
12 80
36 77
50 61
13 60
56 80
48 83
14 73
58 72
9 66
57 69
39 86
38 81
16 86
58 80
38 66
4 86
45 70
28 82
58 84
6 79
59 81
23 71
36 78
0 74
0 67
30 69
41 84
10 64
46 83
40 78
43 77
9 75
2 66
1 69
20 60
36 64
12 84
7 83
37 66
48 87
37 83
34 62
17 72
46 69
14 71
37 74
48 61
59 76
36 84
43 75
53 83
20 80
49 63
39 80
54 73
22 74
52 60
37 85
45 72
41 64
29 68
6 77
