30 30 60 900
0 1
1 2
2 3
3 4
4 5
5 6
6 7
7 8
8 9
9 10
10 11
11 12
12 13
13 14
14 15
15 16
16 17
17 18
18 19
19 20
20 21
21 22
22 23
23 24
24 25
25 26
26 27
27 28
28 29
29 0
2 53
15 51
9 43
14 49
10 54
16 54
15 59
6 37
8 36
25 45
19 56
7 40
7 43
1 54
19 43
14 53
27 53
11 34
25 59
6 52
29 45
2 49
22 32
16 56
6 51
14 38
3 30
4 48
13 54
23 43
16 57
21 59
20 51
23 41
7 39
18 45
8 48
26 46
22 40
0 34
19 58
9 30
10 44
12 57
7 52
20 43
14 42
21 39
11 58
22 33
20 40
22 47
11 33
9 36
24 44
18 33
2 41
0 49
16 51
23 32
2 30
1 40
1 38
19 49
16 32
23 58
7 38
13 37
14 55
25 41
19 47
28 50
0 32
25 37
5 48
8 57
3 54
15 31
16 44
0 38
23 37
2 55
14 34
25 34
24 33
4 55
27 57
23 38
23 46
17 36
29 40
15 42
11 32
18 50
2 34
2 38
14 40
8 55
25 55
22 44
3 47
19 36
29 59
17 56
8 31
18 52
19 38
9 38
20 35
0 59
2 35
9 46
28 32
9 57
26 36
15 55
18 51
1 43
1 58
8 42
28 42
24 59
1 52
7 47
13 50
25 46
20 46
8 47
9 55
19 57
6 40
3 56
20 39
21 30
0 36
4 31
23 50
8 37
24 49
11 39
1 45
9 41
2 45
10 39
9 59
0 37
6 53
20 55
16 39
10 34
13 33
12 50
24 50
17 49
27 41
28 52
13 46
22 49
11 41
19 35
20 49
0 52
9 51
5 36
6 35
18 34
3 57
0 54
1 56
17 32
16 36
8 45
6 42
13 47
21 48
28 43
10 58
5 55
12 35
23 44
28 33
24 34
3 39
2 44
21 38
24 30
4 32
23 35
17 50
13 53
21 54
28 40
7 57
27 42
27 51
13 57
25 43
11 56
22 34
26 37
26 38
20 33
24 40
29 33
29 48
29 39
27 39
28 41
10 30
19 30
14 58
9 42
29 34
16 52
6 32
22 38
20 57
29 46
7 50
20 37
21 47
8 40
28 37
29 43
13 49
7 46
28 31
17 33
15 46
5 30
20 34
8 51
15 32
29 38
11 52
8 44
26 40
27 34
28 44
5 59
4 51
26 53
5 33
1 57
25 54
5 38
14 59
12 33
4 54
19 50
18 43
16 55
28 46
1 46
22 39
0 44
4 41
8 34
20 31
10 50
2 39
16 45
22 31
8 32
26 48
1 44
6 54
14 30
19 59
5 58
28 39
2 56
14 46
17 51
12 38
12 44
0 58
0 30
14 50
21 53
16 33
8 53
5 50
5 46
21 32
5 34
23 30
10 59
1 50
26 32
25 56
26 39
8 38
20 32
4 37
15 54
13 31
24 57
19 54
16 35
7 51
4 35
16 49
21 55
2 33
7 58
3 48
17 45
1 31
19 32
13 43
29 50
11 43
17 47
9 58
24 35
3 55
24 54
15 35
10 41
15 58
18 32
13 48
4 45
21 31
19 48
24 47
5 53
26 50
3 44
13 52
4 43
6 34
15 39
11 44
20 44
0 43
15 41
27 31
8 43
13 51
1 55
27 33
8 46
21 46
6 55
18 57
8 35
7 36
18 55
7 48
3 36
2 58
5 44
29 41
23 45
11 36
27 59
15 53
4 56
24 55
10 31
12 43
28 59
17 42
6 39
21 57
19 41
18 31
11 38
23 36
23 53
6 43
10 47
19 39
11 42
15 50
8 49
3 45
7 42
2 50
5 45
10 32
28 53
16 40
9 54
15 47
14 43
20 48
20 42
8 56
29 55
6 45
8 59
9 53
20 47
22 59
14 45
27 48
16 53
18 46
12 58
7 31
6 48
21 56
3 38
27 44
10 56
25 36
26 41
5 35
0 45
21 45
1 33
1 35
3 42
8 41
5 32
18 56
20 36
12 48
22 35
0 51
0 55
17 53
17 54
18 40
16 41
4 59
1 48
20 38
26 52
12 47
9 48
29 30
17 44
10 45
12 55
20 54
27 40
9 47
11 51
0 41
5 49
0 56
10 57
0 31
13 42
14 32
16 42
11 37
11 45
17 41
24 45
19 51
16 38
12 49
4 50
7 32
25 30
15 33
23 31
5 40
24 32
12 31
14 39
29 35
23 59
27 55
15 36
12 56
25 35
8 39
21 52
16 48
29 42
17 58
3 46
14 33
9 49
24 52
10 36
23 49
1 53
5 39
23 48
15 49
26 45
25 44
6 59
26 55
1 36
17 35
13 45
2 31
26 59
11 31
4 52
0 47
3 31
9 39
26 35
6 50
15 34
13 59
14 31
6 56
16 37
20 53
27 38
25 31
15 45
5 56
28 48
5 47
3 58
7 33
19 37
19 34
17 48
9 50
21 58
1 59
21 34
6 30
9 32
24 43
25 52
6 49
15 43
1 47
0 48
21 42
25 49
2 42
27 52
12 36
28 45
12 37
12 46
13 55
10 38
27 47
9 35
26 43
29 53
10 52
28 58
18 48
10 49
10 55
23 42
4 40
22 48
27 45
14 51
14 56
7 59
8 33
5 31
7 30
13 40
20 59
16 59
18 47
24 36
13 34
5 37
24 41
3 52
26 42
3 53
11 30
8 30
21 36
14 52
13 39
29 52
21 37
12 40
16 58
10 35
25 58
16 34
7 53
14 35
3 32
3 59
25 48
3 34
29 44
26 51
23 33
2 47
26 49
24 42
26 44
29 58
17 39
22 41
25 50
28 55
29 56
19 52
13 41
29 32
22 42
24 31
2 37
12 34
2 48
2 36
12 42
10 40
26 47
11 48
19 55
18 41
25 42
29 49
28 57
15 40
5 57
20 30
18 36
9 34
3 33
18 38
16 50
8 58
5 41
25 57
20 52
9 56
20 50
18 35
10 43
6 47
2 52
27 49
28 56
27 58
4 34
2 46
10 33
23 40
29 47
4 42
21 43
1 32
10 37
16 46
21 33
6 36
1 39
11 55
4 49
19 42
15 38
10 51
21 50
1 51
22 52
27 56
6 57
24 51
17 46
0 57
4 30
22 36
24 58
18 58
11 54
19 33
7 45
29 36
24 38
27 43
11 35
15 44
4 44
7 44
12 51
0 42
14 57
0 50
4 57
11 59
16 30
19 45
11 57
23 51
18 44
17 55
3 35
19 46
15 57
13 44
23 57
28 49
25 47
19 53
26 31
25 32
23 47
4 39
15 30
2 54
28 54
0 46
27 46
7 56
29 54
12 59
20 41
14 44
13 30
23 55
24 53
27 50
29 57
3 43
11 40
12 54
6 33
16 43
0 40
22 37
14 48
22 53
5 42
0 53
18 53
1 49
9 40
22 46
17 43
18 59
0 35
4 58
7 55
13 35
2 57
23 39
29 31
7 49
13 32
9 31
28 47
27 54
11 49
9 37
12 32
19 44
8 52
12 45
17 38
18 42
17 40
1 42
14 54
4 53
2 51
25 39
28 30
26 34
22 54
5 52
6 58
1 41
19 31
18 30
21 49
10 48
10 46
27 36
12 41
22 30
2 59
21 41
26 33
14 36
1 34
17 30
20 45
23 52
23 34
29 37
22 57
26 57
4 36
2 43
24 37
25 53
18 54
9 44
18 39
6 41
5 43
3 51
13 56
0 33
13 38
27 37
28 36
8 50
11 46
22 45
1 30
10 42
28 51
25 40
8 54
22 55
7 35
16 31
11 47
17 34
3 49
24 48
24 39
18 37
23 54
26 56
6 31
24 46
7 54
7 34
5 54
27 35
4 33
9 33
15 56
23 56
22 51
28 38
13 36
6 46
1 37
21 44
4 47
14 47
15 48
3 41
27 32
5 51
2 40
29 51
17 52
18 49
26 58
10 53
3 50
26 30
12 30
9 52
11 50
2 32
9 45
21 40
14 41
17 37
6 44
7 41
22 50
21 35
15 52
13 58
15 37
27 30
17 59
3 40
12 52
19 40
6 38
17 31
22 58
28 34
20 58
25 51
3 37
4 46
0 39
25 38
7 37
26 54
14 37
12 53
28 35
17 57
12 39
24 56
11 53
16 47
20 56
22 56
4 38
25 33
21 51
22 43
