25 25 55 750
0 1
1 2
2 3
3 4
4 5
5 6
6 7
7 8
8 9
9 10
10 11
11 12
12 13
13 14
14 15
15 16
16 17
17 18
18 19
19 20
20 21
21 22
22 23
23 24
24 0
22 48
20 46
19 38
24 44
10 49
1 49
5 54
21 32
23 31
5 40
9 51
2 35
12 38
11 49
4 38
4 48
2 48
1 29
10 54
6 47
4 40
17 44
2 27
11 51
16 46
19 33
3 25
9 43
13 49
3 38
6 52
6 54
10 46
8 36
12 34
8 40
18 43
21 41
20 29
4 53
14 25
0 39
22 52
2 47
0 38
19 37
1 34
11 53
7 28
20 35
7 42
1 28
24 31
9 39
23 28
12 36
15 44
6 46
13 27
7 25
21 35
6 33
4 44
1 27
8 53
22 33
8 32
14 50
5 36
14 42
18 45
20 27
15 32
20 43
13 52
15 26
11 39
15 33
17 50
14 29
5 29
9 28
4 50
17 52
14 38
8 33
3 41
2 31
19 35
15 37
6 53
16 27
23 45
12 29
2 33
17 36
4 35
13 50
10 50
2 39
9 50
3 42
4 54
22 51
18 26
23 47
9 33
0 30
15 54
17 30
14 41
18 27
9 52
16 31
3 46
21 38
23 37
3 37
21 54
19 54
16 47
8 45
0 41
13 42
23 42
8 51
2 29
5 34
1 25
19 52
11 35
5 31
21 49
24 26
23 32
14 44
21 34
1 40
14 36
17 40
15 34
0 32
14 40
21 48
5 50
6 34
0 29
8 28
12 45
9 45
2 44
8 47
22 44
1 36
19 30
5 44
15 47
4 46
16 30
8 29
8 52
5 49
21 51
17 28
7 36
17 27
15 27
2 50
13 40
1 37
11 43
8 38
5 53
20 50
22 30
13 39
18 28
15 50
4 29
0 53
8 34
7 39
1 33
9 27
8 30
4 33
2 45
21 47
13 48
6 49
13 35
7 37
2 46
23 52
10 38
1 43
11 33
20 28
9 35
14 28
19 43
19 34
7 34
18 36
15 25
10 31
24 53
14 37
7 45
11 47
21 27
17 33
5 52
17 45
20 32
11 42
23 35
3 32
3 44
7 41
12 27
10 41
5 25
10 29
8 46
5 27
3 52
24 25
23 39
1 35
7 29
20 54
24 46
16 48
5 28
11 52
0 49
10 33
24 54
19 49
19 45
16 50
8 41
5 39
4 36
5 26
14 49
15 45
3 28
7 31
16 40
12 26
18 39
4 31
21 43
4 25
10 53
3 34
2 30
12 51
24 41
17 46
5 32
4 45
6 48
6 28
5 45
13 25
6 45
11 27
0 51
24 29
11 34
23 33
23 46
10 27
9 32
20 49
3 26
24 52
9 49
21 30
24 30
16 44
11 50
3 48
21 33
7 53
8 37
3 50
3 43
16 34
18 42
20 37
22 40
16 26
14 27
14 45
1 38
17 42
9 53
14 30
23 50
10 36
20 53
3 27
23 43
9 40
4 43
19 42
10 48
3 39
13 47
2 28
23 27
0 34
16 39
15 39
0 36
22 26
18 46
19 40
21 50
12 28
18 41
1 50
18 30
21 29
12 31
12 43
18 31
22 53
3 40
11 31
2 54
4 51
0 26
13 54
22 37
20 40
1 52
24 36
19 36
3 31
23 48
6 38
9 26
15 42
1 41
24 45
24 34
10 45
8 44
2 37
15 29
5 42
9 38
10 43
23 51
13 36
6 40
8 54
20 42
24 50
12 54
24 40
2 43
24 48
12 35
17 37
17 34
17 26
6 43
23 49
2 40
3 33
2 36
14 35
20 51
0 31
7 48
10 32
15 30
2 26
11 37
0 40
21 28
13 46
1 30
13 37
3 36
23 25
13 51
17 49
3 35
16 43
16 29
20 45
3 45
0 54
4 27
24 43
19 25
12 39
10 40
1 39
15 38
20 36
5 51
0 52
22 46
19 50
11 36
6 37
6 32
18 32
7 26
16 33
19 46
18 48
7 27
0 25
15 28
15 35
9 34
9 30
18 54
15 31
16 41
16 52
1 53
10 39
7 40
18 50
10 25
8 31
8 35
23 41
0 37
19 47
15 40
0 46
10 34
9 37
13 43
21 40
23 40
20 39
16 54
21 31
1 54
2 38
1 26
3 54
14 33
0 42
5 30
23 26
14 34
1 45
20 44
19 26
16 51
1 32
5 48
20 26
0 45
23 53
13 32
12 48
15 36
4 32
19 29
6 29
8 49
24 38
5 47
5 38
1 42
0 44
23 36
12 47
22 32
15 53
8 48
14 51
4 30
21 37
11 38
6 27
10 47
10 30
7 30
13 53
13 41
18 37
13 45
22 43
11 54
18 53
7 54
13 26
10 28
4 42
18 35
19 31
3 49
1 47
18 29
7 43
9 36
3 47
16 37
6 25
12 53
1 31
24 47
22 45
0 47
12 52
6 51
16 53
4 49
1 44
7 52
3 29
23 29
21 46
17 53
22 25
9 42
8 43
6 44
22 49
24 37
10 52
19 53
11 41
19 51
4 47
8 26
19 27
21 39
12 50
17 31
12 37
9 41
9 47
10 37
0 50
3 53
24 51
19 44
11 40
9 29
2 42
12 33
11 44
5 33
11 25
2 53
24 42
20 30
18 44
15 46
6 30
11 46
15 52
21 52
17 47
16 25
16 49
19 28
14 47
17 41
19 39
21 36
4 52
21 26
13 30
3 30
20 34
6 26
6 36
0 48
10 42
19 48
9 25
20 33
4 41
4 34
12 30
20 31
6 39
5 41
22 41
10 26
9 44
16 45
10 35
24 28
24 32
4 39
24 35
24 49
16 42
17 43
24 39
18 25
1 46
9 48
9 54
14 52
9 46
16 35
2 49
12 46
9 31
11 32
8 25
12 32
18 40
14 43
15 48
4 37
21 44
20 25
4 26
13 38
23 30
17 48
21 25
8 27
14 26
0 43
17 54
13 34
11 30
22 39
11 26
21 45
12 49
6 31
14 32
0 33
22 27
16 28
7 35
7 32
14 48
22 28
14 39
11 28
8 39
5 37
2 52
12 44
18 52
5 43
8 50
14 53
13 31
15 49
12 25
10 44
23 44
11 48
14 31
2 25
16 36
18 47
0 35
7 38
19 41
22 47
7 33
22 54
6 41
15 51
12 41
11 45
0 28
17 32
15 41
8 42
13 28
21 53
14 54
7 50
24 27
16 38
5 35
20 41
6 42
17 29
15 43
7 51
18 49
4 28
17 39
2 32
10 51
3 51
20 47
22 36
7 46
18 33
22 29
17 51
16 32
17 35
18 34
7 47
22 31
20 48
23 54
7 49
20 52
23 38
14 46
22 35
11 29
6 35
18 38
13 44
23 34
18 51
1 48
17 25
22 38
22 42
12 40
0 27
21 42
24 33
2 41
19 32
6 50
2 34
7 44
1 51
17 38
5 46
22 34
13 33
12 42
13 29
20 38
22 50
2 51
