30 90 50 200
15 5
24 14
5 1
12 3
20 19
17 6
6 2
24 17
18 11
26 25
15 10
25 22
27 10
2 1
12 9
24 5
28 22
27 24
18 0
15 11
17 7
26 4
29 14
16 13
27 12
20 2
7 6
23 22
14 13
21 3
27 1
29 21
23 20
24 12
28 18
15 9
26 16
29 7
20 11
24 4
12 0
21 17
29 0
13 1
23 6
19 5
15 1
1 0
26 3
23 17
19 11
18 12
18 10
9 7
28 13
20 12
10 4
15 0
17 13
25 18
28 9
28 11
17 5
29 2
29 22
27 3
4 2
8 5
29 15
28 7
7 4
25 11
20 6
8 3
13 4
29 28
29 17
27 7
23 2
24 11
7 2
16 2
26 20
6 4
16 6
9 8
16 0
16 11
26 7
2 0
24 13
33 7
7 3
26 10
45 7
19 4
20 15
26 1
35 1
31 0
43 13
37 7
49 37
39 11
38 37
40 35
46 35
31 30
20 19
44 22
38 32
35 33
49 45
41 15
48 35
45 19
21 19
32 25
27 2
41 7
39 7
36 15
34 11
42 31
20 10
45 27
48 16
29 5
48 40
26 22
33 31
40 23
31 8
21 20
41 38
35 14
18 14
28 10
40 26
37 0
37 6
49 5
36 5
30 22
34 29
2 1
32 10
41 23
16 4
35 4
43 9
6 4
38 23
40 0
45 23
34 10
29 9
29 13
16 3
32 6
38 35
28 20
40 12
38 34
23 13
40 18
12 4
19 18
43 34
44 6
47 9
42 10
44 37
31 29
37 35
34 24
31 28
25 5
23 14
46 21
44 2
22 8
44 30
38 0
40 6
10 5
33 29
36 2
39 10
30 27
32 4
40 5
36 20
49 33
45 26
43 4
20 5
6 2
41 40
41 17
20 4
39 1
39 12
29 17
36 14
13 5
24 18
22 12
46 3
43 36
25 12
19 5
42 9
22 13
45 2
7 4
48 30
32 14
30 13
20 3
21 7
48 24
40 25
42 40
38 13
25 23
46 11
48 17
22 9
47 19
33 30
16 1
30 24
20 0
40 22
36 9
48 25
41 26
48 20
24 17
44 36
43 22
17 6
27 21
30 28
48 42
42 2
26 18
41 11
22 2
34 1
47 8
43 6
49 23
12 11
17 15
8 1
21 17
46 2
21 14
5 2
21 15
23 15
15 10
15 6
37 19
33 13
33 26
49 1
37 12
44 29
31 25
23 9
40 29
39 15
8 5
18 6
27 7
42 29
28 21
33 10
44 19
42 37
45 44
30 18
35 18
41 33
31 12
36 16
35 17
